0.000000000000000000e+00 1.000000000000000000e+00 0.000000000000000000e+00 1.000000000000000000e+00 1.000000000000000000e+00 3.428000000000000000e+03 3.479999999999999982e+00 -4.799999999999999822e-01 1.500000000000000000e+02
1.000000000000000000e+00 8.669560271917586824e-01 0.000000000000000000e+00 1.000000000000000000e+00 1.000000000000000000e+00 4.290000000000000000e+03 3.660000000000000142e+00 2.099999999999999922e-01 1.500000000000000000e+02
2.000000000000000000e+00 1.000000000000000000e+00 0.000000000000000000e+00 1.000000000000000000e+00 1.000000000000000000e+00 3.955000000000000000e+03 3.620000000000000107e+00 -7.000000000000000666e-02 1.500000000000000000e+02
3.000000000000000000e+00 2.842447164130906256e-01 0.000000000000000000e+00 1.000000000000000000e+00 1.000000000000000000e+00 3.428000000000000000e+03 3.479999999999999982e+00 -4.799999999999999822e-01 1.500000000000000000e+02
9.000000000000000000e+00 2.610289775540365897e-01 0.000000000000000000e+00 1.000000000000000000e+00 1.000000000000000000e+00 3.428000000000000000e+03 3.479999999999999982e+00 -4.799999999999999822e-01 1.500000000000000000e+02
1.000000000000000000e+01 1.120408543471979268e+00 0.000000000000000000e+00 1.000000000000000000e+00 1.000000000000000000e+00 4.456000000000000000e+03 3.669999999999999929e+00 3.499999999999999778e-01 1.500000000000000000e+02
1.100000000000000000e+01 1.107887822592637850e+00 0.000000000000000000e+00 1.000000000000000000e+00 1.000000000000000000e+00 4.456000000000000000e+03 3.669999999999999929e+00 3.499999999999999778e-01 1.500000000000000000e+02
1.300000000000000000e+01 5.819644439443898420e-01 0.000000000000000000e+00 1.000000000000000000e+00 1.000000000000000000e+00 3.955000000000000000e+03 3.620000000000000107e+00 -7.000000000000000666e-02 1.500000000000000000e+02
1.500000000000000000e+01 1.127369767902117292e+00 0.000000000000000000e+00 1.000000000000000000e+00 1.000000000000000000e+00 4.456000000000000000e+03 3.669999999999999929e+00 3.499999999999999778e-01 1.500000000000000000e+02
1.700000000000000000e+01 3.548365502773168645e-01 0.000000000000000000e+00 1.000000000000000000e+00 1.000000000000000000e+00 3.634000000000000000e+03 3.540000000000000036e+00 -3.200000000000000067e-01 1.500000000000000000e+02
1.800000000000000000e+01 2.459385284846065944e-01 0.000000000000000000e+00 1.000000000000000000e+00 1.000000000000000000e+00 3.226000000000000000e+03 3.379999999999999893e+00 -6.600000000000000311e-01 1.500000000000000000e+02
1.900000000000000000e+01 8.319387065095391609e-01 0.000000000000000000e+00 1.000000000000000000e+00 1.000000000000000000e+00 4.192000000000000000e+03 3.649999999999999911e+00 1.300000000000000044e-01 1.500000000000000000e+02
2.200000000000000000e+01 3.373121072660426045e-01 0.000000000000000000e+00 1.000000000000000000e+00 1.000000000000000000e+00 3.428000000000000000e+03 3.479999999999999982e+00 -4.799999999999999822e-01 1.500000000000000000e+02
2.300000000000000000e+01 1.983462021584324331e-01 0.000000000000000000e+00 1.000000000000000000e+00 1.000000000000000000e+00 3.226000000000000000e+03 3.379999999999999893e+00 -6.600000000000000311e-01 1.500000000000000000e+02
2.600000000000000000e+01 3.653860364525899351e-01 0.000000000000000000e+00 1.000000000000000000e+00 1.000000000000000000e+00 3.634000000000000000e+03 3.540000000000000036e+00 -3.200000000000000067e-01 1.500000000000000000e+02
2.800000000000000000e+01 1.189251329167368088e+00 0.000000000000000000e+00 1.000000000000000000e+00 1.000000000000000000e+00 4.529000000000000000e+03 3.680000000000000160e+00 4.099999999999999756e-01 1.500000000000000000e+02
3.200000000000000000e+01 2.602222126153251325e-01 0.000000000000000000e+00 1.000000000000000000e+00 1.000000000000000000e+00 3.428000000000000000e+03 3.479999999999999982e+00 -4.799999999999999822e-01 1.500000000000000000e+02
3.300000000000000000e+01 1.026134477787460225e-01 0.000000000000000000e+00 1.000000000000000000e+00 1.000000000000000000e+00 2.936000000000000000e+03 3.430000000000000160e+00 -1.169999999999999929e+00 1.500000000000000000e+02
3.400000000000000000e+01 4.545486724510944820e-01 0.000000000000000000e+00 1.000000000000000000e+00 1.000000000000000000e+00 3.802000000000000000e+03 3.589999999999999858e+00 -1.799999999999999933e-01 1.500000000000000000e+02
3.500000000000000000e+01 1.116192012984789539e+00 0.000000000000000000e+00 1.000000000000000000e+00 1.000000000000000000e+00 4.456000000000000000e+03 3.669999999999999929e+00 3.499999999999999778e-01 1.500000000000000000e+02
3.900000000000000000e+01 1.187858731342470664e+00 0.000000000000000000e+00 1.000000000000000000e+00 1.000000000000000000e+00 4.529000000000000000e+03 3.680000000000000160e+00 4.099999999999999756e-01 1.500000000000000000e+02
4.000000000000000000e+01 6.033301126230141698e-01 0.000000000000000000e+00 1.000000000000000000e+00 1.000000000000000000e+00 3.955000000000000000e+03 3.620000000000000107e+00 -7.000000000000000666e-02 1.500000000000000000e+02
4.100000000000000000e+01 4.690362219230801433e-01 0.000000000000000000e+00 1.000000000000000000e+00 1.000000000000000000e+00 3.802000000000000000e+03 3.589999999999999858e+00 -1.799999999999999933e-01 1.500000000000000000e+02
4.400000000000000000e+01 3.799550173548000842e-01 0.000000000000000000e+00 1.000000000000000000e+00 1.000000000000000000e+00 3.634000000000000000e+03 3.540000000000000036e+00 -3.200000000000000067e-01 1.500000000000000000e+02
4.900000000000000000e+01 1.158714791793282739e+00 0.000000000000000000e+00 1.000000000000000000e+00 1.000000000000000000e+00 4.529000000000000000e+03 3.680000000000000160e+00 4.099999999999999756e-01 1.500000000000000000e+02
5.100000000000000000e+01 1.144954100433125399e+00 0.000000000000000000e+00 1.000000000000000000e+00 1.000000000000000000e+00 4.456000000000000000e+03 3.669999999999999929e+00 3.499999999999999778e-01 1.500000000000000000e+02
5.200000000000000000e+01 1.186440507538175426e+00 0.000000000000000000e+00 1.000000000000000000e+00 1.000000000000000000e+00 4.529000000000000000e+03 3.680000000000000160e+00 4.099999999999999756e-01 1.500000000000000000e+02
5.300000000000000000e+01 1.185393950111554018e+00 0.000000000000000000e+00 1.000000000000000000e+00 1.000000000000000000e+00 4.529000000000000000e+03 3.680000000000000160e+00 4.099999999999999756e-01 1.500000000000000000e+02
5.400000000000000000e+01 3.256919658779293680e-01 0.000000000000000000e+00 1.000000000000000000e+00 1.000000000000000000e+00 3.428000000000000000e+03 3.479999999999999982e+00 -4.799999999999999822e-01 1.500000000000000000e+02
5.700000000000000000e+01 3.363474002575739807e-01 0.000000000000000000e+00 1.000000000000000000e+00 1.000000000000000000e+00 3.428000000000000000e+03 3.479999999999999982e+00 -4.799999999999999822e-01 1.500000000000000000e+02
6.000000000000000000e+01 3.908068524190740356e-01 0.000000000000000000e+00 1.000000000000000000e+00 1.000000000000000000e+00 3.634000000000000000e+03 3.540000000000000036e+00 -3.200000000000000067e-01 1.500000000000000000e+02
6.200000000000000000e+01 3.564642878290814054e-01 0.000000000000000000e+00 1.000000000000000000e+00 1.000000000000000000e+00 3.634000000000000000e+03 3.540000000000000036e+00 -3.200000000000000067e-01 1.500000000000000000e+02
6.300000000000000000e+01 1.324386407143268496e+00 0.000000000000000000e+00 1.000000000000000000e+00 1.000000000000000000e+00 4.596000000000000000e+03 3.680000000000000160e+00 4.699999999999999734e-01 1.500000000000000000e+02
6.400000000000000000e+01 8.443832600792724463e-01 0.000000000000000000e+00 1.000000000000000000e+00 1.000000000000000000e+00 4.192000000000000000e+03 3.649999999999999911e+00 1.300000000000000044e-01 1.500000000000000000e+02
6.900000000000000000e+01 9.255663987255610681e-02 0.000000000000000000e+00 1.000000000000000000e+00 1.000000000000000000e+00 2.908000000000000000e+03 3.419999999999999929e+00 -1.229999999999999982e+00 1.500000000000000000e+02
7.400000000000000000e+01 6.127241725180440080e-01 0.000000000000000000e+00 1.000000000000000000e+00 1.000000000000000000e+00 3.955000000000000000e+03 3.620000000000000107e+00 -7.000000000000000666e-02 1.500000000000000000e+02
7.700000000000000000e+01 4.188456892024469136e-01 0.000000000000000000e+00 1.000000000000000000e+00 1.000000000000000000e+00 3.634000000000000000e+03 3.540000000000000036e+00 -3.200000000000000067e-01 1.500000000000000000e+02
8.000000000000000000e+01 3.986719945919846575e-01 0.000000000000000000e+00 1.000000000000000000e+00 1.000000000000000000e+00 3.634000000000000000e+03 3.540000000000000036e+00 -3.200000000000000067e-01 1.500000000000000000e+02
8.200000000000000000e+01 4.514822248939316940e-01 0.000000000000000000e+00 1.000000000000000000e+00 1.000000000000000000e+00 3.802000000000000000e+03 3.589999999999999858e+00 -1.799999999999999933e-01 1.500000000000000000e+02
8.400000000000000000e+01 3.896287306087864999e-01 0.000000000000000000e+00 1.000000000000000000e+00 1.000000000000000000e+00 3.634000000000000000e+03 3.540000000000000036e+00 -3.200000000000000067e-01 1.500000000000000000e+02
8.500000000000000000e+01 3.099320580723407548e-01 0.000000000000000000e+00 1.000000000000000000e+00 1.000000000000000000e+00 3.428000000000000000e+03 3.479999999999999982e+00 -4.799999999999999822e-01 1.500000000000000000e+02
8.600000000000000000e+01 1.117852924037032958e+00 0.000000000000000000e+00 1.000000000000000000e+00 1.000000000000000000e+00 4.456000000000000000e+03 3.669999999999999929e+00 3.499999999999999778e-01 1.500000000000000000e+02
9.100000000000000000e+01 4.365425201930939747e-01 0.000000000000000000e+00 1.000000000000000000e+00 1.000000000000000000e+00 3.634000000000000000e+03 3.540000000000000036e+00 -3.200000000000000067e-01 1.500000000000000000e+02
9.800000000000000000e+01 2.923800086264894960e-01 0.000000000000000000e+00 1.000000000000000000e+00 1.000000000000000000e+00 3.428000000000000000e+03 3.479999999999999982e+00 -4.799999999999999822e-01 1.500000000000000000e+02
9.900000000000000000e+01 1.288669927859709352e+00 0.000000000000000000e+00 1.000000000000000000e+00 1.000000000000000000e+00 4.596000000000000000e+03 3.680000000000000160e+00 4.699999999999999734e-01 1.500000000000000000e+02
1.020000000000000000e+02 2.314723353139619133e-01 0.000000000000000000e+00 1.000000000000000000e+00 1.000000000000000000e+00 3.226000000000000000e+03 3.379999999999999893e+00 -6.600000000000000311e-01 1.500000000000000000e+02
1.040000000000000000e+02 1.112343835176494933e+00 0.000000000000000000e+00 1.000000000000000000e+00 1.000000000000000000e+00 4.456000000000000000e+03 3.669999999999999929e+00 3.499999999999999778e-01 1.500000000000000000e+02
1.060000000000000000e+02 2.094300188143510821e-01 0.000000000000000000e+00 1.000000000000000000e+00 1.000000000000000000e+00 3.226000000000000000e+03 3.379999999999999893e+00 -6.600000000000000311e-01 1.500000000000000000e+02
1.090000000000000000e+02 2.443284976105773165e-01 0.000000000000000000e+00 1.000000000000000000e+00 1.000000000000000000e+00 3.226000000000000000e+03 3.379999999999999893e+00 -6.600000000000000311e-01 1.500000000000000000e+02
1.100000000000000000e+02 4.572146162726877239e-01 0.000000000000000000e+00 1.000000000000000000e+00 1.000000000000000000e+00 3.802000000000000000e+03 3.589999999999999858e+00 -1.799999999999999933e-01 1.500000000000000000e+02
1.120000000000000000e+02 2.366460613929085577e-01 0.000000000000000000e+00 1.000000000000000000e+00 1.000000000000000000e+00 3.226000000000000000e+03 3.379999999999999893e+00 -6.600000000000000311e-01 1.500000000000000000e+02
1.140000000000000000e+02 2.250337714943163037e-01 0.000000000000000000e+00 1.000000000000000000e+00 1.000000000000000000e+00 3.226000000000000000e+03 3.379999999999999893e+00 -6.600000000000000311e-01 1.500000000000000000e+02
1.150000000000000000e+02 1.372137363371698671e+00 0.000000000000000000e+00 1.000000000000000000e+00 1.000000000000000000e+00 4.658000000000000000e+03 3.680000000000000160e+00 5.200000000000000178e-01 1.500000000000000000e+02
1.200000000000000000e+02 5.148888344084175950e-01 0.000000000000000000e+00 1.000000000000000000e+00 1.000000000000000000e+00 3.802000000000000000e+03 3.589999999999999858e+00 -1.799999999999999933e-01 1.500000000000000000e+02
1.210000000000000000e+02 4.252840295952568517e-01 0.000000000000000000e+00 1.000000000000000000e+00 1.000000000000000000e+00 3.634000000000000000e+03 3.540000000000000036e+00 -3.200000000000000067e-01 1.500000000000000000e+02
1.290000000000000000e+02 2.339723599778407992e-01 0.000000000000000000e+00 1.000000000000000000e+00 1.000000000000000000e+00 3.226000000000000000e+03 3.379999999999999893e+00 -6.600000000000000311e-01 1.500000000000000000e+02
1.300000000000000000e+02 1.946575772921241565e-01 0.000000000000000000e+00 1.000000000000000000e+00 1.000000000000000000e+00 3.226000000000000000e+03 3.379999999999999893e+00 -6.600000000000000311e-01 1.500000000000000000e+02
1.310000000000000000e+02 1.178768505748612361e+00 0.000000000000000000e+00 1.000000000000000000e+00 1.000000000000000000e+00 4.529000000000000000e+03 3.680000000000000160e+00 4.099999999999999756e-01 1.500000000000000000e+02
1.320000000000000000e+02 6.536903957603625859e-01 0.000000000000000000e+00 1.000000000000000000e+00 1.000000000000000000e+00 4.078000000000000000e+03 3.629999999999999893e+00 4.000000000000000083e-02 1.500000000000000000e+02
1.330000000000000000e+02 3.457712430510969104e-01 0.000000000000000000e+00 1.000000000000000000e+00 1.000000000000000000e+00 3.428000000000000000e+03 3.479999999999999982e+00 -4.799999999999999822e-01 1.500000000000000000e+02
1.380000000000000000e+02 1.142217096445105717e+00 0.000000000000000000e+00 1.000000000000000000e+00 1.000000000000000000e+00 4.456000000000000000e+03 3.669999999999999929e+00 3.499999999999999778e-01 1.500000000000000000e+02
1.390000000000000000e+02 1.193387681106661935e+00 0.000000000000000000e+00 1.000000000000000000e+00 1.000000000000000000e+00 4.529000000000000000e+03 3.680000000000000160e+00 4.099999999999999756e-01 1.500000000000000000e+02
1.410000000000000000e+02 2.419586600021737810e-01 0.000000000000000000e+00 1.000000000000000000e+00 1.000000000000000000e+00 3.226000000000000000e+03 3.379999999999999893e+00 -6.600000000000000311e-01 1.500000000000000000e+02
1.430000000000000000e+02 2.136326912352440321e-01 0.000000000000000000e+00 1.000000000000000000e+00 1.000000000000000000e+00 3.226000000000000000e+03 3.379999999999999893e+00 -6.600000000000000311e-01 1.500000000000000000e+02
1.440000000000000000e+02 9.405158153852514191e-01 0.000000000000000000e+00 1.000000000000000000e+00 1.000000000000000000e+00 4.290000000000000000e+03 3.660000000000000142e+00 2.099999999999999922e-01 1.500000000000000000e+02
1.450000000000000000e+02 2.688090115932365021e-01 0.000000000000000000e+00 1.000000000000000000e+00 1.000000000000000000e+00 3.428000000000000000e+03 3.479999999999999982e+00 -4.799999999999999822e-01 1.500000000000000000e+02
1.470000000000000000e+02 3.622709592767464626e-01 0.000000000000000000e+00 1.000000000000000000e+00 1.000000000000000000e+00 3.634000000000000000e+03 3.540000000000000036e+00 -3.200000000000000067e-01 1.500000000000000000e+02
1.480000000000000000e+02 1.278399954329546340e+00 0.000000000000000000e+00 1.000000000000000000e+00 1.000000000000000000e+00 4.596000000000000000e+03 3.680000000000000160e+00 4.699999999999999734e-01 1.500000000000000000e+02
1.490000000000000000e+02 1.121196395500802634e+00 0.000000000000000000e+00 1.000000000000000000e+00 1.000000000000000000e+00 4.456000000000000000e+03 3.669999999999999929e+00 3.499999999999999778e-01 1.500000000000000000e+02
1.510000000000000000e+02 3.712581719291068727e-01 0.000000000000000000e+00 1.000000000000000000e+00 1.000000000000000000e+00 3.634000000000000000e+03 3.540000000000000036e+00 -3.200000000000000067e-01 1.500000000000000000e+02
1.520000000000000000e+02 2.646082247763365536e-01 0.000000000000000000e+00 1.000000000000000000e+00 1.000000000000000000e+00 3.428000000000000000e+03 3.479999999999999982e+00 -4.799999999999999822e-01 1.500000000000000000e+02
1.530000000000000000e+02 1.234971520955193247e+00 0.000000000000000000e+00 1.000000000000000000e+00 1.000000000000000000e+00 4.529000000000000000e+03 3.680000000000000160e+00 4.099999999999999756e-01 1.500000000000000000e+02
1.540000000000000000e+02 3.537535055525410921e-01 0.000000000000000000e+00 1.000000000000000000e+00 1.000000000000000000e+00 3.634000000000000000e+03 3.540000000000000036e+00 -3.200000000000000067e-01 1.500000000000000000e+02
1.590000000000000000e+02 6.836910691040887222e-01 0.000000000000000000e+00 1.000000000000000000e+00 1.000000000000000000e+00 4.078000000000000000e+03 3.629999999999999893e+00 4.000000000000000083e-02 1.500000000000000000e+02
1.600000000000000000e+02 2.403728589045020791e-01 0.000000000000000000e+00 1.000000000000000000e+00 1.000000000000000000e+00 3.226000000000000000e+03 3.379999999999999893e+00 -6.600000000000000311e-01 1.500000000000000000e+02
1.620000000000000000e+02 1.242542937582991058e+00 0.000000000000000000e+00 1.000000000000000000e+00 1.000000000000000000e+00 4.529000000000000000e+03 3.680000000000000160e+00 4.099999999999999756e-01 1.500000000000000000e+02
1.660000000000000000e+02 1.143379370564901576e+00 0.000000000000000000e+00 1.000000000000000000e+00 1.000000000000000000e+00 4.456000000000000000e+03 3.669999999999999929e+00 3.499999999999999778e-01 1.500000000000000000e+02
1.680000000000000000e+02 1.160411446410605452e+00 0.000000000000000000e+00 1.000000000000000000e+00 1.000000000000000000e+00 4.529000000000000000e+03 3.680000000000000160e+00 4.099999999999999756e-01 1.500000000000000000e+02
1.700000000000000000e+02 3.322291388075383489e-01 0.000000000000000000e+00 1.000000000000000000e+00 1.000000000000000000e+00 3.428000000000000000e+03 3.479999999999999982e+00 -4.799999999999999822e-01 1.500000000000000000e+02
1.710000000000000000e+02 1.135128756697868946e+00 0.000000000000000000e+00 1.000000000000000000e+00 1.000000000000000000e+00 4.456000000000000000e+03 3.669999999999999929e+00 3.499999999999999778e-01 1.500000000000000000e+02
1.730000000000000000e+02 1.240580014774389284e+00 0.000000000000000000e+00 1.000000000000000000e+00 1.000000000000000000e+00 4.529000000000000000e+03 3.680000000000000160e+00 4.099999999999999756e-01 1.500000000000000000e+02
1.740000000000000000e+02 4.053896715211250390e-01 0.000000000000000000e+00 1.000000000000000000e+00 1.000000000000000000e+00 3.634000000000000000e+03 3.540000000000000036e+00 -3.200000000000000067e-01 1.500000000000000000e+02
1.750000000000000000e+02 1.115885960985905090e+00 0.000000000000000000e+00 1.000000000000000000e+00 1.000000000000000000e+00 4.456000000000000000e+03 3.669999999999999929e+00 3.499999999999999778e-01 1.500000000000000000e+02
1.760000000000000000e+02 1.320587543065723901e+00 0.000000000000000000e+00 1.000000000000000000e+00 1.000000000000000000e+00 4.596000000000000000e+03 3.680000000000000160e+00 4.699999999999999734e-01 1.500000000000000000e+02
1.780000000000000000e+02 3.059608761272173960e-01 0.000000000000000000e+00 1.000000000000000000e+00 1.000000000000000000e+00 3.428000000000000000e+03 3.479999999999999982e+00 -4.799999999999999822e-01 1.500000000000000000e+02
1.790000000000000000e+02 4.618106224250145275e-01 0.000000000000000000e+00 1.000000000000000000e+00 1.000000000000000000e+00 3.802000000000000000e+03 3.589999999999999858e+00 -1.799999999999999933e-01 1.500000000000000000e+02
1.810000000000000000e+02 4.731018746951551890e-01 0.000000000000000000e+00 1.000000000000000000e+00 1.000000000000000000e+00 3.802000000000000000e+03 3.589999999999999858e+00 -1.799999999999999933e-01 1.500000000000000000e+02
1.820000000000000000e+02 1.153451958194767757e+00 0.000000000000000000e+00 1.000000000000000000e+00 1.000000000000000000e+00 4.529000000000000000e+03 3.680000000000000160e+00 4.099999999999999756e-01 1.500000000000000000e+02
1.860000000000000000e+02 9.523716820113753423e-02 0.000000000000000000e+00 1.000000000000000000e+00 1.000000000000000000e+00 2.936000000000000000e+03 3.430000000000000160e+00 -1.169999999999999929e+00 1.500000000000000000e+02
1.870000000000000000e+02 3.872636354724030006e-01 0.000000000000000000e+00 1.000000000000000000e+00 1.000000000000000000e+00 3.634000000000000000e+03 3.540000000000000036e+00 -3.200000000000000067e-01 1.500000000000000000e+02
1.880000000000000000e+02 1.116380521463191222e+00 0.000000000000000000e+00 1.000000000000000000e+00 1.000000000000000000e+00 4.456000000000000000e+03 3.669999999999999929e+00 3.499999999999999778e-01 1.500000000000000000e+02
1.890000000000000000e+02 1.119608973713619893e+00 0.000000000000000000e+00 1.000000000000000000e+00 1.000000000000000000e+00 4.456000000000000000e+03 3.669999999999999929e+00 3.499999999999999778e-01 1.500000000000000000e+02
1.900000000000000000e+02 8.118221660001209150e-01 0.000000000000000000e+00 1.000000000000000000e+00 1.000000000000000000e+00 4.192000000000000000e+03 3.649999999999999911e+00 1.300000000000000044e-01 1.500000000000000000e+02
1.940000000000000000e+02 1.119219152691564023e+00 0.000000000000000000e+00 1.000000000000000000e+00 1.000000000000000000e+00 4.456000000000000000e+03 3.669999999999999929e+00 3.499999999999999778e-01 1.500000000000000000e+02
1.960000000000000000e+02 5.972938768276361277e-01 0.000000000000000000e+00 1.000000000000000000e+00 1.000000000000000000e+00 3.955000000000000000e+03 3.620000000000000107e+00 -7.000000000000000666e-02 1.500000000000000000e+02
1.990000000000000000e+02 6.479331107664456635e-01 0.000000000000000000e+00 1.000000000000000000e+00 1.000000000000000000e+00 3.955000000000000000e+03 3.620000000000000107e+00 -7.000000000000000666e-02 1.500000000000000000e+02
2.000000000000000000e+02 1.235266055560491738e+00 0.000000000000000000e+00 1.000000000000000000e+00 1.000000000000000000e+00 4.529000000000000000e+03 3.680000000000000160e+00 4.099999999999999756e-01 1.500000000000000000e+02
2.020000000000000000e+02 3.957030217879621836e-01 0.000000000000000000e+00 1.000000000000000000e+00 1.000000000000000000e+00 3.634000000000000000e+03 3.540000000000000036e+00 -3.200000000000000067e-01 1.500000000000000000e+02
2.030000000000000000e+02 1.111306451744672685e+00 0.000000000000000000e+00 1.000000000000000000e+00 1.000000000000000000e+00 4.456000000000000000e+03 3.669999999999999929e+00 3.499999999999999778e-01 1.500000000000000000e+02
2.050000000000000000e+02 2.873810198925876302e-01 0.000000000000000000e+00 1.000000000000000000e+00 1.000000000000000000e+00 3.428000000000000000e+03 3.479999999999999982e+00 -4.799999999999999822e-01 1.500000000000000000e+02
2.070000000000000000e+02 1.202509877257867510e+00 0.000000000000000000e+00 1.000000000000000000e+00 1.000000000000000000e+00 4.529000000000000000e+03 3.680000000000000160e+00 4.099999999999999756e-01 1.500000000000000000e+02
2.080000000000000000e+02 1.114641676468663078e+00 0.000000000000000000e+00 1.000000000000000000e+00 1.000000000000000000e+00 4.456000000000000000e+03 3.669999999999999929e+00 3.499999999999999778e-01 1.500000000000000000e+02
2.090000000000000000e+02 1.229167253131048909e+00 0.000000000000000000e+00 1.000000000000000000e+00 1.000000000000000000e+00 4.529000000000000000e+03 3.680000000000000160e+00 4.099999999999999756e-01 1.500000000000000000e+02
2.100000000000000000e+02 1.154305418563845498e+00 0.000000000000000000e+00 1.000000000000000000e+00 1.000000000000000000e+00 4.529000000000000000e+03 3.680000000000000160e+00 4.099999999999999756e-01 1.500000000000000000e+02
2.110000000000000000e+02 5.151660991271044682e-02 0.000000000000000000e+00 1.000000000000000000e+00 1.000000000000000000e+00 2.824000000000000000e+03 3.529999999999999805e+00 -1.649999999999999911e+00 1.500000000000000000e+02
2.120000000000000000e+02 2.769161556378911815e-01 0.000000000000000000e+00 1.000000000000000000e+00 1.000000000000000000e+00 3.428000000000000000e+03 3.479999999999999982e+00 -4.799999999999999822e-01 1.500000000000000000e+02
2.130000000000000000e+02 2.682340598831174927e-01 0.000000000000000000e+00 1.000000000000000000e+00 1.000000000000000000e+00 3.428000000000000000e+03 3.479999999999999982e+00 -4.799999999999999822e-01 1.500000000000000000e+02
2.150000000000000000e+02 7.518289312376856826e-01 0.000000000000000000e+00 1.000000000000000000e+00 1.000000000000000000e+00 4.192000000000000000e+03 3.649999999999999911e+00 1.300000000000000044e-01 1.500000000000000000e+02
2.160000000000000000e+02 1.110752122249156315e+00 0.000000000000000000e+00 1.000000000000000000e+00 1.000000000000000000e+00 4.456000000000000000e+03 3.669999999999999929e+00 3.499999999999999778e-01 1.500000000000000000e+02
2.180000000000000000e+02 1.141187110354497491e+00 0.000000000000000000e+00 1.000000000000000000e+00 1.000000000000000000e+00 4.456000000000000000e+03 3.669999999999999929e+00 3.499999999999999778e-01 1.500000000000000000e+02
2.190000000000000000e+02 2.145740802421564064e-01 0.000000000000000000e+00 1.000000000000000000e+00 1.000000000000000000e+00 3.226000000000000000e+03 3.379999999999999893e+00 -6.600000000000000311e-01 1.500000000000000000e+02
2.200000000000000000e+02 1.203892321100647811e+00 0.000000000000000000e+00 1.000000000000000000e+00 1.000000000000000000e+00 4.529000000000000000e+03 3.680000000000000160e+00 4.099999999999999756e-01 1.500000000000000000e+02
2.210000000000000000e+02 8.833194666498149494e-02 0.000000000000000000e+00 1.000000000000000000e+00 1.000000000000000000e+00 2.908000000000000000e+03 3.419999999999999929e+00 -1.229999999999999982e+00 1.500000000000000000e+02
2.230000000000000000e+02 1.186645446296999085e+00 0.000000000000000000e+00 1.000000000000000000e+00 1.000000000000000000e+00 4.529000000000000000e+03 3.680000000000000160e+00 4.099999999999999756e-01 1.500000000000000000e+02
2.290000000000000000e+02 1.163926266962194589e+00 0.000000000000000000e+00 1.000000000000000000e+00 1.000000000000000000e+00 4.529000000000000000e+03 3.680000000000000160e+00 4.099999999999999756e-01 1.500000000000000000e+02
2.310000000000000000e+02 2.369492296388202024e-01 0.000000000000000000e+00 1.000000000000000000e+00 1.000000000000000000e+00 3.226000000000000000e+03 3.379999999999999893e+00 -6.600000000000000311e-01 1.500000000000000000e+02
2.330000000000000000e+02 1.133419334712808757e+00 0.000000000000000000e+00 1.000000000000000000e+00 1.000000000000000000e+00 4.456000000000000000e+03 3.669999999999999929e+00 3.499999999999999778e-01 1.500000000000000000e+02
2.350000000000000000e+02 1.127146364930630362e+00 0.000000000000000000e+00 1.000000000000000000e+00 1.000000000000000000e+00 4.456000000000000000e+03 3.669999999999999929e+00 3.499999999999999778e-01 1.500000000000000000e+02
2.360000000000000000e+02 1.109395269231745917e+00 0.000000000000000000e+00 1.000000000000000000e+00 1.000000000000000000e+00 4.456000000000000000e+03 3.669999999999999929e+00 3.499999999999999778e-01 1.500000000000000000e+02
2.370000000000000000e+02 5.197079474217766171e-01 0.000000000000000000e+00 1.000000000000000000e+00 1.000000000000000000e+00 3.802000000000000000e+03 3.589999999999999858e+00 -1.799999999999999933e-01 1.500000000000000000e+02
2.400000000000000000e+02 1.135170984713003373e+00 0.000000000000000000e+00 1.000000000000000000e+00 1.000000000000000000e+00 4.456000000000000000e+03 3.669999999999999929e+00 3.499999999999999778e-01 1.500000000000000000e+02
2.420000000000000000e+02 8.029485018101767402e-01 0.000000000000000000e+00 1.000000000000000000e+00 1.000000000000000000e+00 4.192000000000000000e+03 3.649999999999999911e+00 1.300000000000000044e-01 1.500000000000000000e+02
2.430000000000000000e+02 2.010862301989606027e-01 0.000000000000000000e+00 1.000000000000000000e+00 1.000000000000000000e+00 3.226000000000000000e+03 3.379999999999999893e+00 -6.600000000000000311e-01 1.500000000000000000e+02
2.440000000000000000e+02 5.215835829354392716e-01 0.000000000000000000e+00 1.000000000000000000e+00 1.000000000000000000e+00 3.802000000000000000e+03 3.589999999999999858e+00 -1.799999999999999933e-01 1.500000000000000000e+02
2.450000000000000000e+02 1.162287308594100788e+00 0.000000000000000000e+00 1.000000000000000000e+00 1.000000000000000000e+00 4.529000000000000000e+03 3.680000000000000160e+00 4.099999999999999756e-01 1.500000000000000000e+02
2.460000000000000000e+02 2.015148316963309982e-01 0.000000000000000000e+00 1.000000000000000000e+00 1.000000000000000000e+00 3.226000000000000000e+03 3.379999999999999893e+00 -6.600000000000000311e-01 1.500000000000000000e+02
2.500000000000000000e+02 1.122212125242316061e+00 0.000000000000000000e+00 1.000000000000000000e+00 1.000000000000000000e+00 4.456000000000000000e+03 3.669999999999999929e+00 3.499999999999999778e-01 1.500000000000000000e+02
2.510000000000000000e+02 3.646386199075437595e-01 0.000000000000000000e+00 1.000000000000000000e+00 1.000000000000000000e+00 3.634000000000000000e+03 3.540000000000000036e+00 -3.200000000000000067e-01 1.500000000000000000e+02
2.530000000000000000e+02 1.117966568393448545e+00 0.000000000000000000e+00 1.000000000000000000e+00 1.000000000000000000e+00 4.456000000000000000e+03 3.669999999999999929e+00 3.499999999999999778e-01 1.500000000000000000e+02
2.540000000000000000e+02 3.312104122234172388e-01 0.000000000000000000e+00 1.000000000000000000e+00 1.000000000000000000e+00 3.428000000000000000e+03 3.479999999999999982e+00 -4.799999999999999822e-01 1.500000000000000000e+02
2.600000000000000000e+02 2.088496056642944187e-01 0.000000000000000000e+00 1.000000000000000000e+00 1.000000000000000000e+00 3.226000000000000000e+03 3.379999999999999893e+00 -6.600000000000000311e-01 1.500000000000000000e+02
2.610000000000000000e+02 9.433396253242082308e-01 0.000000000000000000e+00 1.000000000000000000e+00 1.000000000000000000e+00 4.290000000000000000e+03 3.660000000000000142e+00 2.099999999999999922e-01 1.500000000000000000e+02
2.620000000000000000e+02 6.712865624053281077e-02 0.000000000000000000e+00 1.000000000000000000e+00 1.000000000000000000e+00 2.897000000000000000e+03 3.490000000000000213e+00 -1.409999999999999920e+00 1.500000000000000000e+02
2.630000000000000000e+02 1.147361527816608051e+00 0.000000000000000000e+00 1.000000000000000000e+00 1.000000000000000000e+00 4.456000000000000000e+03 3.669999999999999929e+00 3.499999999999999778e-01 1.500000000000000000e+02
2.640000000000000000e+02 4.565673227033741344e-01 0.000000000000000000e+00 1.000000000000000000e+00 1.000000000000000000e+00 3.802000000000000000e+03 3.589999999999999858e+00 -1.799999999999999933e-01 1.500000000000000000e+02
2.670000000000000000e+02 1.268377425249667123e+00 0.000000000000000000e+00 1.000000000000000000e+00 1.000000000000000000e+00 4.596000000000000000e+03 3.680000000000000160e+00 4.699999999999999734e-01 1.500000000000000000e+02
2.690000000000000000e+02 2.391027491899596902e-01 0.000000000000000000e+00 1.000000000000000000e+00 1.000000000000000000e+00 3.226000000000000000e+03 3.379999999999999893e+00 -6.600000000000000311e-01 1.500000000000000000e+02
2.710000000000000000e+02 1.306353980678180982e+00 0.000000000000000000e+00 1.000000000000000000e+00 1.000000000000000000e+00 4.596000000000000000e+03 3.680000000000000160e+00 4.699999999999999734e-01 1.500000000000000000e+02
2.730000000000000000e+02 5.342303054341359658e-01 0.000000000000000000e+00 1.000000000000000000e+00 1.000000000000000000e+00 3.802000000000000000e+03 3.589999999999999858e+00 -1.799999999999999933e-01 1.500000000000000000e+02
2.740000000000000000e+02 1.123680662198520031e+00 0.000000000000000000e+00 1.000000000000000000e+00 1.000000000000000000e+00 4.456000000000000000e+03 3.669999999999999929e+00 3.499999999999999778e-01 1.500000000000000000e+02
2.750000000000000000e+02 2.910411225811927460e-01 0.000000000000000000e+00 1.000000000000000000e+00 1.000000000000000000e+00 3.428000000000000000e+03 3.479999999999999982e+00 -4.799999999999999822e-01 1.500000000000000000e+02
2.760000000000000000e+02 1.203446868142774795e+00 0.000000000000000000e+00 1.000000000000000000e+00 1.000000000000000000e+00 4.529000000000000000e+03 3.680000000000000160e+00 4.099999999999999756e-01 1.500000000000000000e+02
2.780000000000000000e+02 1.186329705771018705e+00 0.000000000000000000e+00 1.000000000000000000e+00 1.000000000000000000e+00 4.529000000000000000e+03 3.680000000000000160e+00 4.099999999999999756e-01 1.500000000000000000e+02
2.790000000000000000e+02 1.275637941633112060e+00 0.000000000000000000e+00 1.000000000000000000e+00 1.000000000000000000e+00 4.596000000000000000e+03 3.680000000000000160e+00 4.699999999999999734e-01 1.500000000000000000e+02
2.810000000000000000e+02 2.142805026000692559e-01 0.000000000000000000e+00 1.000000000000000000e+00 1.000000000000000000e+00 3.226000000000000000e+03 3.379999999999999893e+00 -6.600000000000000311e-01 1.500000000000000000e+02
2.830000000000000000e+02 2.811382776899665759e-01 0.000000000000000000e+00 1.000000000000000000e+00 1.000000000000000000e+00 3.428000000000000000e+03 3.479999999999999982e+00 -4.799999999999999822e-01 1.500000000000000000e+02
2.840000000000000000e+02 2.552136317120836662e-01 0.000000000000000000e+00 1.000000000000000000e+00 1.000000000000000000e+00 3.428000000000000000e+03 3.479999999999999982e+00 -4.799999999999999822e-01 1.500000000000000000e+02
2.850000000000000000e+02 4.365852946717785343e-01 0.000000000000000000e+00 1.000000000000000000e+00 1.000000000000000000e+00 3.634000000000000000e+03 3.540000000000000036e+00 -3.200000000000000067e-01 1.500000000000000000e+02
2.880000000000000000e+02 2.714514376667430118e-01 0.000000000000000000e+00 1.000000000000000000e+00 1.000000000000000000e+00 3.428000000000000000e+03 3.479999999999999982e+00 -4.799999999999999822e-01 1.500000000000000000e+02
2.890000000000000000e+02 2.563263455042959493e-01 0.000000000000000000e+00 1.000000000000000000e+00 1.000000000000000000e+00 3.428000000000000000e+03 3.479999999999999982e+00 -4.799999999999999822e-01 1.500000000000000000e+02
2.900000000000000000e+02 4.192010107559333565e-01 0.000000000000000000e+00 1.000000000000000000e+00 1.000000000000000000e+00 3.634000000000000000e+03 3.540000000000000036e+00 -3.200000000000000067e-01 1.500000000000000000e+02
2.910000000000000000e+02 2.266533365062474159e-01 0.000000000000000000e+00 1.000000000000000000e+00 1.000000000000000000e+00 3.226000000000000000e+03 3.379999999999999893e+00 -6.600000000000000311e-01 1.500000000000000000e+02
2.940000000000000000e+02 1.444279000951379732e+00 0.000000000000000000e+00 1.000000000000000000e+00 1.000000000000000000e+00 4.852885001621209994e+03 3.706999999999999851e+00 3.872576449216171834e+00 1.500000000000000000e+02
2.950000000000000000e+02 1.897136107387465132e-01 0.000000000000000000e+00 1.000000000000000000e+00 1.000000000000000000e+00 3.226000000000000000e+03 3.379999999999999893e+00 -6.600000000000000311e-01 1.500000000000000000e+02
2.990000000000000000e+02 1.126643457987534180e+00 0.000000000000000000e+00 1.000000000000000000e+00 1.000000000000000000e+00 4.456000000000000000e+03 3.669999999999999929e+00 3.499999999999999778e-01 1.500000000000000000e+02
