0.000000000000000000e+00 0.000000000000000000e+00 0.000000000000000000e+00 0.000000000000000000e+00 0.000000000000000000e+00 0.000000000000000000e+00 0.000000000000000000e+00 0.000000000000000000e+00 0.000000000000000000e+00
0.000000000000000000e+00 2.210614540444093279e-01 1.438240527887588716e-01 1.000000000000000000e+00 1.428725477736692007e-02 3.929311176846557174e+00 2.345000000000000000e+03 3.569999999999999840e+00 -2.700000000000000178e+00
2.000000000000000000e+00 1.792910957220507084e-01 6.458992607156996968e-01 1.000000000000000000e+00 1.263066148080587148e-01 4.672442648917380481e+00 5.089791592468074668e+03 3.698999999999999844e+00 6.591738952443212618e+00
5.000000000000000000e+00 2.812848722494006026e-02 4.039111723078314675e-02 1.000000000000000000e+00 8.181778196100428779e-01 6.868511147144808149e+00 1.769293980687278236e+04 4.341999999999999638e+00 5.470159628939716185e+02
6.000000000000000000e+00 3.606411009700534187e-01 8.369172101970812072e-02 1.000000000000000000e+00 2.159661135917657626e-01 2.521591190420490403e+00 1.968339464442051758e+04 4.326999999999999957e+00 1.042317429393303655e+03
7.000000000000000000e+00 7.350916415321941955e-01 3.626268747868953701e-01 1.000000000000000000e+00 1.838856376937700876e-01 7.398426789308453877e+00 2.146841589360742728e+04 4.312999999999999723e+00 1.774189480890166124e+03
8.000000000000000000e+00 3.795959582588985248e-01 3.696780433702674395e-01 1.000000000000000000e+00 5.548751615948100957e-01 5.550953967260701560e+00 2.306216101697062186e+04 4.299999999999999822e+00 2.779713267759288556e+03
1.400000000000000000e+01 1.082378150644228709e+00 6.268339548764597646e-01 1.000000000000000000e+00 8.241707305125581806e-01 6.484959162647410125e+00 3.014393884279465783e+04 4.237000000000000099e+00 1.644371723214932354e+04
1.600000000000000000e+01 6.875828822796191397e-02 2.354133706835882522e-01 1.000000000000000000e+00 3.232268174095875857e-02 4.550826753806322955e+00 3.187865575695899315e+04 4.221000000000000085e+00 2.437810818368750188e+04
2.000000000000000000e+01 5.810628400897955848e-01 8.573396340375787350e-01 1.000000000000000000e+00 2.979092673816816639e-01 6.761075273356325077e+00 3.478564015304240456e+04 4.195000000000000284e+00 4.581418867145330296e+04
2.100000000000000000e+01 2.366705807108066550e-01 3.036848734575984254e-01 1.000000000000000000e+00 8.590635377847392062e-01 2.206694988567961868e+00 3.532645025855673157e+04 4.190000000000000391e+00 5.140436515824264643e+04
2.400000000000000000e+01 9.767183198025336521e-02 5.316021583500559755e-01 1.000000000000000000e+00 5.014626023280970291e-01 3.739363277487770532e+00 3.709368674132283923e+04 4.174000000000000377e+00 7.447319739059888525e+04
2.700000000000000000e+01 4.172964090839149098e-01 2.551462441212496435e-01 1.000000000000000000e+00 7.181491848335576078e-01 4.214664661596729367e+00 3.892243481644416897e+04 4.153999999999999915e+00 1.099005839432521898e+05
2.900000000000000000e+01 1.845079889880310853e-01 1.263287389002137884e-01 1.000000000000000000e+00 7.686109661694985329e-01 1.091399549793984569e+00 3.971001032638910692e+04 4.145999999999999908e+00 1.300169578033289872e+05
3.000000000000000000e+01 1.124817035966245299e-01 7.458413257214916436e-01 1.000000000000000000e+00 1.831145255470600919e-01 6.974218142183813640e+00 3.971001032638910692e+04 4.145999999999999908e+00 1.300169578033289872e+05
3.600000000000000000e+01 4.874145377521942879e-01 5.234853391332926487e-01 1.000000000000000000e+00 1.496837569259423795e-01 6.231209603157754628e+00 4.135233143476059922e+04 4.123999999999999666e+00 1.866379690834669454e+05
3.800000000000000000e+01 1.957388966897447569e-01 5.496511226986892096e-01 1.000000000000000000e+00 6.562487790729423232e-01 5.012439271541107466e+00 4.261868054241603386e+04 4.104000000000000092e+00 2.511886431509582035e+05
4.200000000000000000e+01 1.088653475236004198e+00 8.176324614347836306e-01 1.000000000000000000e+00 1.557303261203535349e-02 3.535901954866324637e+00 4.284498548137013131e+04 4.099999999999999645e+00 2.660725059798808652e+05
4.300000000000000000e+01 7.958498010527020883e-02 1.850810772418272077e-01 1.000000000000000000e+00 1.747950148063930342e-01 5.901356541115721832e+00 4.361139713930644211e+04 4.084999999999999964e+00 3.228494121712637716e+05
4.600000000000000000e+01 6.128964349360849218e-01 8.271173774893774144e-01 1.000000000000000000e+00 1.578575329788414194e-01 3.519824566033272539e+00 4.361139713930644211e+04 4.084999999999999964e+00 3.228494121712637716e+05
4.800000000000000000e+01 1.817558183241259617e-01 2.148932274213973814e-01 1.000000000000000000e+00 3.102753732390658437e-01 1.812136885990252910e+00 4.440174108068949135e+04 4.065999999999999837e+00 3.999447497610977734e+05
5.000000000000000000e+01 1.298733035039832673e-01 8.296427306974838434e-01 1.000000000000000000e+00 1.954148374066819738e-01 3.139654915998921325e+00 4.440174108068949135e+04 4.065999999999999837e+00 3.999447497610977734e+05
5.600000000000000000e+01 9.124236416579770692e-01 5.944817806207484123e-01 1.000000000000000000e+00 3.034548181065260808e-01 -1.963990247074507423e-01 4.526890608773584245e+04 4.035000000000000142e+00 5.333348954876213102e+05
5.800000000000000000e+01 6.465617246846896427e-01 1.453399784175193332e-01 1.000000000000000000e+00 6.636664887088102871e-01 5.187831350108793593e+00 4.544645372095084895e+04 4.027000000000000135e+00 5.701642722807477694e+05
5.900000000000000000e+01 1.311312051997886308e-01 4.040620441666853413e-01 1.000000000000000000e+00 5.482643914487468351e-01 3.838955348811878387e+00 4.544645372095084895e+04 4.027000000000000135e+00 5.701642722807477694e+05
6.100000000000000000e+01 6.770077366215839776e-01 5.469959345116369720e-01 1.000000000000000000e+00 1.341226782639142190e-01 9.771757109444960676e-01 4.577201167050861113e+04 4.009000000000000341e+00 6.591738952443213202e+05
6.500000000000000000e+01 4.500904124855727995e-01 5.826368293780530561e-01 1.000000000000000000e+00 8.615175444464048260e-01 3.175212259914718338e+00 4.602565735813562787e+04 3.988999999999999879e+00 7.550922276654341258e+05
6.600000000000000000e+01 6.551274017162347363e-01 4.859187182985547082e-02 1.000000000000000000e+00 8.709059184663465736e-01 3.584312906846603752e+00 4.602565735813562787e+04 3.988999999999999879e+00 7.550922276654341258e+05
6.700000000000000000e+01 2.301183840758554700e-01 6.771183658217687640e-01 1.000000000000000000e+00 1.137129100947853466e-02 5.512129711298736190e+00 4.602565735813562787e+04 3.988999999999999879e+00 7.550922276654341258e+05
7.100000000000000000e+01 3.862407335065084490e-01 3.415681798246297252e-01 1.000000000000000000e+00 2.023172115945304217e-01 7.037680192573391835e+00 4.622745664910894266e+04 3.954000000000000181e+00 9.332543007969905157e+05
7.200000000000000000e+01 5.899260652946010097e-01 9.150729630126772651e-01 1.000000000000000000e+00 3.646175011456642689e-02 4.764975197761504688e+00 4.622745664910894266e+04 3.954000000000000181e+00 9.332543007969905157e+05
7.300000000000000000e+01 9.118716229958379049e-02 2.361287734154642326e-01 1.000000000000000000e+00 4.561494787606936718e-01 5.372805384306461818e+00 4.622745664910894266e+04 3.954000000000000181e+00 9.332543007969905157e+05
7.500000000000000000e+01 7.676563793506289146e-01 8.655996786746094074e-01 1.000000000000000000e+00 1.540117958149485045e-01 4.970030045625557946e+00 4.622745664910894266e+04 3.954000000000000181e+00 9.332543007969905157e+05
7.600000000000000000e+01 9.088831092934573919e-01 5.411310120974588411e-02 1.000000000000000000e+00 4.378482754019881185e-01 4.159845376063220357e+00 4.623810213992603531e+04 3.950000000000000178e+00 9.506047936562809628e+05
7.800000000000000000e+01 2.006847719749618175e-01 4.724935656324181776e-01 1.000000000000000000e+00 2.155307431987905087e-01 2.763640585828127882e+00 4.623810213992603531e+04 3.950000000000000178e+00 9.506047936562809628e+05
8.100000000000000000e+01 2.454826968809029064e-02 1.901273686709757937e-01 1.000000000000000000e+00 5.148584560916698027e-01 4.971375551054806330e+00 4.620617301970836706e+04 3.908999999999999808e+00 1.161448613840343896e+06
8.300000000000000000e+01 1.741850065732682418e-01 9.812010123131575945e-01 1.000000000000000000e+00 8.925349777285388475e-01 5.795436605817530840e+00 4.620617301970836706e+04 3.908999999999999808e+00 1.161448613840343896e+06
8.800000000000000000e+01 7.851358599584745690e-01 2.830980610200721781e-01 1.000000000000000000e+00 8.231316829399584201e-01 3.338517999276767512e+00 4.608928809808950609e+04 3.887999999999999901e+00 1.270574105208541965e+06
9.200000000000000000e+01 6.292997758580107792e-01 7.525145107306712156e-01 1.000000000000000000e+00 8.911457844703718489e-02 5.187964525183689446e+00 4.593037592608170962e+04 3.866000000000000103e+00 1.380384264602883719e+06
9.300000000000000000e+01 8.586963366805565601e-01 2.449316176136274725e-01 1.000000000000000000e+00 7.876179102801804666e-01 4.288581874321355514e+00 4.593037592608170962e+04 3.866000000000000103e+00 1.380384264602883719e+06
9.400000000000000000e+01 3.890367852035207519e-01 4.119489917266085932e-01 1.000000000000000000e+00 3.679862971740340827e-01 4.840616551902666487e+00 4.593037592608170962e+04 3.866000000000000103e+00 1.380384264602883719e+06
9.500000000000000000e+01 4.430624205750052780e-01 8.929642723001908200e-01 1.000000000000000000e+00 7.670615474004749412e-01 6.014458104014378748e+00 4.593037592608170962e+04 3.866000000000000103e+00 1.380384264602883719e+06
9.600000000000000000e+01 8.182546208758589845e-01 2.666240779573130215e-01 1.000000000000000000e+00 6.455409885579248552e-01 6.172634889369073008e+00 4.593037592608170962e+04 3.866000000000000103e+00 1.380384264602883719e+06
9.700000000000000000e+01 1.475367825044697316e-02 7.534889778525782900e-01 1.000000000000000000e+00 7.428501716020015078e-01 2.869693317421832202e+00 4.593037592608170962e+04 3.866000000000000103e+00 1.380384264602883719e+06
1.000000000000000000e+02 1.050359866061949393e-01 2.520819465349189992e-01 1.000000000000000000e+00 5.148910116537745996e-01 5.523823860132482721e+00 4.593037592608170962e+04 3.866000000000000103e+00 1.380384264602883719e+06
1.010000000000000000e+02 5.294139759431384373e-01 5.209631564317374064e-02 1.000000000000000000e+00 8.606302406281258754e-01 4.434046748811689476e+00 4.486420743836901966e+04 3.771999999999999797e+00 1.832314422371211229e+06
1.050000000000000000e+02 3.425988671289726950e-01 5.568534689634649926e-01 1.000000000000000000e+00 9.882378281956913924e-01 2.728920222524633399e+00 4.486420743836901966e+04 3.771999999999999797e+00 1.832314422371211229e+06
1.110000000000000000e+02 7.227927030680355580e-01 7.292635966968719075e-01 1.000000000000000000e+00 1.175902231331504844e-01 5.614619798498514669e+00 4.486420743836901966e+04 3.771999999999999797e+00 1.832314422371211229e+06
1.130000000000000000e+02 5.088319146122896042e-01 4.130618471067762920e-01 1.000000000000000000e+00 8.063534908220281183e-01 6.224058061265346886e+00 4.486420743836901966e+04 3.771999999999999797e+00 1.832314422371211229e+06
1.160000000000000000e+02 1.214991805437514838e+00 6.410636068951528488e-01 1.000000000000000000e+00 4.622105419125824843e-01 4.409746759646009373e+00 4.486420743836901966e+04 3.771999999999999797e+00 1.832314422371211229e+06
1.170000000000000000e+02 1.919896007966082618e-01 8.372343339209864510e-02 1.000000000000000000e+00 1.681483400950036788e-01 4.796066495895632720e+00 4.486420743836901966e+04 3.771999999999999797e+00 1.832314422371211229e+06
1.190000000000000000e+02 1.709636355033029576e-01 7.499221255391125274e-01 1.000000000000000000e+00 5.375589746584589212e-01 3.135071773528065542e+00 4.498834324565388670e+04 3.733000000000000096e+00 2.344228815319922753e+06
1.220000000000000000e+02 1.839454407155708959e-01 9.624605478536921721e-01 1.000000000000000000e+00 8.050468215492638802e-01 6.723820565867690391e+00 4.498834324565388670e+04 3.733000000000000096e+00 2.344228815319922753e+06
1.230000000000000000e+02 6.083069913115634469e-02 1.039252292611714257e-02 1.000000000000000000e+00 1.589446562789473827e-01 5.759650177685679218e+00 4.498834324565388670e+04 3.733000000000000096e+00 2.344228815319922753e+06
1.240000000000000000e+02 3.322124920472409038e-01 2.441032819700378331e-01 1.000000000000000000e+00 7.747460011197111474e-01 6.837483360025021994e+00 4.498834324565388670e+04 3.733000000000000096e+00 2.344228815319922753e+06
1.270000000000000000e+02 4.974690351998847793e-01 5.097644320433959431e-01 1.000000000000000000e+00 9.388640527644604994e-01 3.115593527753385494e+00 4.498834324565388670e+04 3.733000000000000096e+00 2.344228815319922753e+06
1.340000000000000000e+02 9.696566076019322855e-01 2.166915030433587130e-01 1.000000000000000000e+00 4.683157374774371551e-01 3.255256873357819103e+00 4.509205208756533102e+04 3.722999999999999865e+00 2.546830252585039008e+06
1.350000000000000000e+02 8.134095228229020202e-01 3.714197317180215618e-01 1.000000000000000000e+00 8.732815519453707154e-01 4.705691441408133002e+00 4.509205208756533102e+04 3.722999999999999865e+00 2.546830252585039008e+06
1.360000000000000000e+02 2.584700695970107986e-01 3.530584171897378498e-01 1.000000000000000000e+00 2.441274586699648808e-02 6.089549956977829304e+00 4.509205208756533102e+04 3.722999999999999865e+00 2.546830252585039008e+06
1.370000000000000000e+02 2.114096686966740746e-01 7.165706198797483495e-01 1.000000000000000000e+00 8.608001323394673943e-01 4.638082250254067951e+00 4.509205208756533102e+04 3.722999999999999865e+00 2.546830252585039008e+06
1.400000000000000000e+02 7.881177300611718062e-01 8.794285000274253417e-01 1.000000000000000000e+00 9.287476880635102683e-01 3.679186244624464308e+00 4.509205208756533102e+04 3.722999999999999865e+00 2.546830252585039008e+06
1.420000000000000000e+02 5.259488701819863277e-01 7.504343619729235693e-01 1.000000000000000000e+00 7.208503586427317256e-01 1.874187662411058941e+00 4.664445252037797763e+04 3.741000000000000103e+00 3.191537855100758374e+06
1.460000000000000000e+02 1.150188220370377712e+00 9.451582353408694015e-02 1.000000000000000000e+00 4.991347690345057098e-01 9.906751913374218788e-01 4.664445252037797763e+04 3.741000000000000103e+00 3.191537855100758374e+06
1.500000000000000000e+02 3.617200559924489967e-01 6.318062129159737195e-01 1.000000000000000000e+00 8.793463823991617412e-01 7.200457258798917515e+00 4.664445252037797763e+04 3.741000000000000103e+00 3.191537855100758374e+06
1.550000000000000000e+02 1.034829004349117731e+00 3.270205079394394865e-02 1.000000000000000000e+00 8.923731019013939614e-01 3.931582578678610496e+00 4.664445252037797763e+04 3.741000000000000103e+00 3.191537855100758374e+06
1.560000000000000000e+02 1.653886245114940257e-01 3.513559287838700085e-01 1.000000000000000000e+00 9.690834579698458517e-01 4.472289372726483414e+00 4.664445252037797763e+04 3.741000000000000103e+00 3.191537855100758374e+06
1.570000000000000000e+02 7.826426881030591476e-01 4.740430976277539843e-01 1.000000000000000000e+00 5.324984343134068210e-01 1.991019442066122913e+00 4.664445252037797763e+04 3.741000000000000103e+00 3.191537855100758374e+06
1.580000000000000000e+02 7.462728290114937213e-01 6.004831171987862204e-01 1.000000000000000000e+00 8.388277077608752297e-01 5.127623727386906083e+00 4.664445252037797763e+04 3.741000000000000103e+00 3.191537855100758374e+06
1.630000000000000000e+02 5.382295423179965788e-01 8.002028549833181126e-01 1.000000000000000000e+00 9.518339611881552198e-01 1.187622072411285146e-01 4.770896554256492527e+04 3.750999999999999890e+00 3.793149849736816715e+06
1.650000000000000000e+02 3.936694329338223386e-01 6.526910434629763502e-01 1.000000000000000000e+00 7.411784169560758917e-01 4.587519840579024510e+00 4.770896554256492527e+04 3.750999999999999890e+00 3.793149849736816715e+06
1.670000000000000000e+02 3.023176788381294888e-01 7.046511250429977613e-01 1.000000000000000000e+00 9.634619676573455971e-01 4.205147440908669765e+00 4.770896554256492527e+04 3.750999999999999890e+00 3.793149849736816715e+06
1.720000000000000000e+02 6.265233211963259219e-01 3.447541458639737932e-01 1.000000000000000000e+00 8.566956938326262261e-01 5.685866284047673247e+00 4.770896554256492527e+04 3.750999999999999890e+00 3.793149849736816715e+06
1.770000000000000000e+02 7.808072265604248940e-02 9.836809837143802859e-01 1.000000000000000000e+00 2.264746497972625061e-01 6.551442096690387018e+00 4.770896554256492527e+04 3.750999999999999890e+00 3.793149849736816715e+06
1.800000000000000000e+02 1.475036702803797228e-01 3.848415627951488061e-01 1.000000000000000000e+00 9.220732799557279646e-01 4.226932616287514932e+00 4.770896554256492527e+04 3.750999999999999890e+00 3.793149849736816715e+06
1.830000000000000000e+02 2.637680148336121189e-01 5.657832178597915762e-01 1.000000000000000000e+00 9.743112219357948911e-01 2.284447107517925790e+00 4.922661804443351139e+04 3.770000000000000018e+00 4.819477976251271553e+06
1.840000000000000000e+02 8.837818986493911622e-01 4.804357114749213675e-02 1.000000000000000000e+00 7.499083874306495812e-01 6.206018665642837995e+00 4.922661804443351139e+04 3.770000000000000018e+00 4.819477976251271553e+06
1.850000000000000000e+02 6.924674217804855925e-01 2.337301059535820125e-01 1.000000000000000000e+00 8.458439208986181512e-01 3.619879419400621856e+00 4.922661804443351139e+04 3.770000000000000018e+00 4.819477976251271553e+06
1.910000000000000000e+02 1.192959252027170208e-01 2.531574302277657118e-01 1.000000000000000000e+00 3.572856249273179685e-01 2.668207343343959259e+00 4.922661804443351139e+04 3.770000000000000018e+00 4.819477976251271553e+06
1.920000000000000000e+02 3.475222637166694439e-01 7.132305939887003676e-01 1.000000000000000000e+00 4.179192874917680989e-02 5.426108709798178609e+00 4.922661804443351139e+04 3.770000000000000018e+00 4.819477976251271553e+06
1.930000000000000000e+02 3.546041980786537318e-01 6.823159993557463832e-01 1.000000000000000000e+00 5.282367311296920498e-02 4.362060430509588471e+00 4.922661804443351139e+04 3.770000000000000018e+00 4.819477976251271553e+06
1.970000000000000000e+02 1.038793521146022858e+00 4.471507138019837901e-01 1.000000000000000000e+00 8.061884852657280609e-01 6.577648318556216012e+00 4.922661804443351139e+04 3.770000000000000018e+00 4.819477976251271553e+06
2.010000000000000000e+02 1.380187937579058777e-01 9.652020314538466428e-01 1.000000000000000000e+00 6.392857364680344379e-01 6.454219368078336849e+00 4.964779900060684304e+04 3.775999999999999801e+00 5.105049999754064716e+06
2.040000000000000000e+02 7.873376631063175313e-02 5.405512649719761420e-01 1.000000000000000000e+00 2.305201995163844719e-01 5.426205040642811284e+00 4.964779900060684304e+04 3.775999999999999801e+00 5.105049999754064716e+06
2.060000000000000000e+02 1.826679667550616670e-01 1.382758338047980207e-01 1.000000000000000000e+00 3.636434669394064123e-01 6.562243175296967657e+00 4.964779900060684304e+04 3.775999999999999801e+00 5.105049999754064716e+06
2.140000000000000000e+02 7.903822972665379420e-02 6.191105620860254399e-01 1.000000000000000000e+00 3.246452371125686520e-01 4.240028116630261579e+00 4.964779900060684304e+04 3.775999999999999801e+00 5.105049999754064716e+06
2.170000000000000000e+02 6.999072045397584929e-02 1.938743172764770817e-01 1.000000000000000000e+00 7.396916434480572677e-01 7.096294791090819842e+00 4.964779900060684304e+04 3.775999999999999801e+00 5.105049999754064716e+06
2.220000000000000000e+02 8.306137289842589755e-02 1.724283400431307900e-01 1.000000000000000000e+00 9.132569832711110447e-01 7.341157619206084561e+00 4.964779900060684304e+04 3.775999999999999801e+00 5.105049999754064716e+06
2.320000000000000000e+02 4.675064712617049700e-01 1.107890838518853505e-01 1.000000000000000000e+00 9.296747331280804660e-01 5.273171518315189488e-01 5.140436515824264643e+04 3.803999999999999826e+00 6.486344335482387803e+06
2.380000000000000000e+02 2.994369862347858735e-01 7.050778417277980825e-02 1.000000000000000000e+00 6.028519636353527611e-01 5.237719697338702574e+00 5.140436515824264643e+04 3.803999999999999826e+00 6.486344335482387803e+06
2.390000000000000000e+02 6.475020826396572504e-01 9.507743576929429397e-01 1.000000000000000000e+00 1.397651523079157521e-02 5.831200317581245685e+00 5.140436515824264643e+04 3.803999999999999826e+00 6.486344335482387803e+06
2.410000000000000000e+02 1.262904699753228110e-01 2.366250689949862540e-01 1.000000000000000000e+00 6.679383669104720367e-01 7.205751252148534292e+00 5.140436515824264643e+04 3.803999999999999826e+00 6.486344335482387803e+06
2.490000000000000000e+02 1.093806982000132377e+00 1.635290250040519755e-01 1.000000000000000000e+00 3.261185771839550940e-01 4.850097231309157486e+00 5.140436515824264643e+04 3.803999999999999826e+00 6.486344335482387803e+06
2.550000000000000000e+02 3.428109440039361216e-02 8.272059297798013411e-01 1.000000000000000000e+00 8.262688622697605956e-01 8.014507835049339945e+00 5.140436515824264643e+04 3.803999999999999826e+00 6.486344335482387803e+06
2.560000000000000000e+02 1.918826336250703535e-01 5.015410411624215969e-01 1.000000000000000000e+00 1.433449185102817491e-01 4.491197674575343690e+00 5.140436515824264643e+04 3.803999999999999826e+00 6.486344335482387803e+06
2.570000000000000000e+02 4.027538652586353796e-01 8.697206704044269099e-02 1.000000000000000000e+00 1.745459881153155202e-02 5.249962304692854964e+00 5.140436515824264643e+04 3.803999999999999826e+00 6.486344335482387803e+06
2.590000000000000000e+02 1.218733507727872839e-01 5.031505293206688378e-01 1.000000000000000000e+00 6.581624674707280409e-01 6.920446092193179410e+00 5.140436515824264643e+04 3.803999999999999826e+00 6.486344335482387803e+06
2.650000000000000000e+02 1.519169967012707900e-01 9.310644500093643305e-01 1.000000000000000000e+00 7.058675552653315144e-02 4.026263531460621437e+00 5.140436515824264643e+04 3.803999999999999826e+00 6.486344335482387803e+06
2.660000000000000000e+02 6.088773566681303651e-01 8.274596123643673806e-01 1.000000000000000000e+00 9.409575169493111790e-02 9.960499439483740503e+00 5.140436515824264643e+04 3.803999999999999826e+00 6.486344335482387803e+06
2.680000000000000000e+02 3.231795491992516256e-01 9.933536610396682676e-01 1.000000000000000000e+00 6.849315466455169199e-01 1.054788460303328890e+01 5.140436515824264643e+04 3.803999999999999826e+00 6.486344335482387803e+06
2.700000000000000000e+02 1.132029884123534114e+00 2.378109321359465067e-01 1.000000000000000000e+00 8.770933585709621561e-01 8.173868093579677918e+00 5.140436515824264643e+04 3.803999999999999826e+00 6.486344335482387803e+06
2.770000000000000000e+02 2.226606862547775845e-01 7.853053559804125117e-01 1.000000000000000000e+00 5.459696859258513779e-01 9.637777055087850542e-01 5.140436515824264643e+04 3.803999999999999826e+00 6.486344335482387803e+06
2.860000000000000000e+02 8.643729456298311631e-02 7.847229919088529737e-01 1.000000000000000000e+00 9.567637684946082022e-01 4.123175853761364529e+00 5.140436515824264643e+04 3.803999999999999826e+00 6.486344335482387803e+06
2.930000000000000000e+02 2.419031085675335258e-01 7.299456290256052249e-01 1.000000000000000000e+00 4.645593471461454405e-01 3.455130747955046377e+00 5.140436515824264643e+04 3.803999999999999826e+00 6.486344335482387803e+06
2.960000000000000000e+02 3.236153452842342459e-01 4.953704984831963642e-02 1.000000000000000000e+00 1.667470532200459044e-01 5.223129736693198133e+00 5.140436515824264643e+04 3.803999999999999826e+00 6.486344335482387803e+06
2.970000000000000000e+02 9.822364101177706308e-01 4.224839781570751684e-01 1.000000000000000000e+00 6.542707656555641904e-01 1.963082906125357852e+00 5.140436515824264643e+04 3.803999999999999826e+00 6.486344335482387803e+06
