1.175910676271819888e+00 0.000000000000000000e+00 1.000000000000000000e+00 1.000000000000000000e+00 4.529000000000000000e+03 3.680000000000000160e+00 4.099999999999999756e-01 1.460000000000000000e+02
1.108402605921687600e+00 0.000000000000000000e+00 1.000000000000000000e+00 1.000000000000000000e+00 4.456000000000000000e+03 3.669999999999999929e+00 3.499999999999999778e-01 1.540000000000000000e+02
1.139346421281869359e+00 0.000000000000000000e+00 1.000000000000000000e+00 1.000000000000000000e+00 4.456000000000000000e+03 3.669999999999999929e+00 3.499999999999999778e-01 1.510000000000000000e+02
1.238100053657548383e+00 0.000000000000000000e+00 1.000000000000000000e+00 1.000000000000000000e+00 4.529000000000000000e+03 3.680000000000000160e+00 4.099999999999999756e-01 1.590000000000000000e+02
1.147689871046526422e+00 0.000000000000000000e+00 1.000000000000000000e+00 1.000000000000000000e+00 4.456000000000000000e+03 3.669999999999999929e+00 3.499999999999999778e-01 1.560000000000000000e+02
1.364242586147654146e+00 0.000000000000000000e+00 1.000000000000000000e+00 1.000000000000000000e+00 4.658000000000000000e+03 3.680000000000000160e+00 5.200000000000000178e-01 1.430000000000000000e+02
8.834956057333148705e-02 1.000000000000000000e+00 1.000000000000000000e+00 1.000000000000000000e+00 2.908000000000000000e+03 3.419999999999999929e+00 -1.229999999999999982e+00 1.530000000000000000e+02
1.148899619566042363e+00 0.000000000000000000e+00 1.000000000000000000e+00 1.000000000000000000e+00 4.456000000000000000e+03 3.669999999999999929e+00 3.499999999999999778e-01 1.450000000000000000e+02
1.148899619566042363e+00 0.000000000000000000e+00 1.000000000000000000e+00 1.000000000000000000e+00 4.456000000000000000e+03 3.669999999999999929e+00 3.499999999999999778e-01 1.450000000000000000e+02
1.131258551156268277e+00 1.000000000000000000e+00 1.000000000000000000e+00 1.000000000000000000e+00 4.456000000000000000e+03 3.669999999999999929e+00 3.499999999999999778e-01 1.420000000000000000e+02
1.131258551156268277e+00 1.000000000000000000e+00 1.000000000000000000e+00 1.000000000000000000e+00 4.456000000000000000e+03 3.669999999999999929e+00 3.499999999999999778e-01 1.420000000000000000e+02
1.331923822998577478e+00 0.000000000000000000e+00 1.000000000000000000e+00 1.000000000000000000e+00 4.596000000000000000e+03 3.680000000000000160e+00 4.699999999999999734e-01 1.460000000000000000e+02
6.267417162612013426e-01 1.000000000000000000e+00 1.000000000000000000e+00 1.000000000000000000e+00 3.955000000000000000e+03 3.620000000000000107e+00 -7.000000000000000666e-02 1.530000000000000000e+02
2.081241302797804671e-01 0.000000000000000000e+00 1.000000000000000000e+00 1.000000000000000000e+00 3.226000000000000000e+03 3.379999999999999893e+00 -6.600000000000000311e-01 1.400000000000000000e+02
4.247460330161735853e-01 1.000000000000000000e+00 1.000000000000000000e+00 1.000000000000000000e+00 3.634000000000000000e+03 3.540000000000000036e+00 -3.200000000000000067e-01 1.490000000000000000e+02
1.144496228175526209e+00 1.000000000000000000e+00 1.000000000000000000e+00 1.000000000000000000e+00 4.456000000000000000e+03 3.669999999999999929e+00 3.499999999999999778e-01 1.460000000000000000e+02
1.144496228175526209e+00 1.000000000000000000e+00 1.000000000000000000e+00 1.000000000000000000e+00 4.456000000000000000e+03 3.669999999999999929e+00 3.499999999999999778e-01 1.460000000000000000e+02
1.210497905462160517e+00 0.000000000000000000e+00 1.000000000000000000e+00 1.000000000000000000e+00 4.529000000000000000e+03 3.680000000000000160e+00 4.099999999999999756e-01 1.460000000000000000e+02
1.131449099001029968e+00 0.000000000000000000e+00 1.000000000000000000e+00 1.000000000000000000e+00 4.456000000000000000e+03 3.669999999999999929e+00 3.499999999999999778e-01 1.500000000000000000e+02
1.154354857061319795e+00 1.000000000000000000e+00 1.000000000000000000e+00 1.000000000000000000e+00 4.529000000000000000e+03 3.680000000000000160e+00 4.099999999999999756e-01 1.530000000000000000e+02
1.439963643717611985e+00 1.000000000000000000e+00 1.000000000000000000e+00 1.000000000000000000e+00 4.852885001621209994e+03 3.706999999999999851e+00 3.872576449216171834e+00 1.590000000000000000e+02
1.128119414031383050e+00 1.000000000000000000e+00 1.000000000000000000e+00 1.000000000000000000e+00 4.456000000000000000e+03 3.669999999999999929e+00 3.499999999999999778e-01 1.530000000000000000e+02
1.128119414031383050e+00 1.000000000000000000e+00 1.000000000000000000e+00 1.000000000000000000e+00 4.456000000000000000e+03 3.669999999999999929e+00 3.499999999999999778e-01 1.530000000000000000e+02
1.128119414031383050e+00 1.000000000000000000e+00 1.000000000000000000e+00 1.000000000000000000e+00 4.456000000000000000e+03 3.669999999999999929e+00 3.499999999999999778e-01 1.530000000000000000e+02
1.239355065288817004e+00 0.000000000000000000e+00 1.000000000000000000e+00 1.000000000000000000e+00 4.529000000000000000e+03 3.680000000000000160e+00 4.099999999999999756e-01 1.470000000000000000e+02
2.510672395988353123e-01 1.000000000000000000e+00 1.000000000000000000e+00 1.000000000000000000e+00 3.428000000000000000e+03 3.479999999999999982e+00 -4.799999999999999822e-01 1.540000000000000000e+02
1.317319155386829532e+00 0.000000000000000000e+00 1.000000000000000000e+00 1.000000000000000000e+00 4.596000000000000000e+03 3.680000000000000160e+00 4.699999999999999734e-01 1.550000000000000000e+02
2.408183373307054009e-01 0.000000000000000000e+00 1.000000000000000000e+00 1.000000000000000000e+00 3.226000000000000000e+03 3.379999999999999893e+00 -6.600000000000000311e-01 1.410000000000000000e+02
1.146038554846366964e+00 1.000000000000000000e+00 1.000000000000000000e+00 1.000000000000000000e+00 4.456000000000000000e+03 3.669999999999999929e+00 3.499999999999999778e-01 1.410000000000000000e+02
1.128497709823327977e+00 1.000000000000000000e+00 1.000000000000000000e+00 1.000000000000000000e+00 4.456000000000000000e+03 3.669999999999999929e+00 3.499999999999999778e-01 1.520000000000000000e+02
1.197601908656496184e+00 1.000000000000000000e+00 1.000000000000000000e+00 1.000000000000000000e+00 4.529000000000000000e+03 3.680000000000000160e+00 4.099999999999999756e-01 1.440000000000000000e+02
1.156053610818060795e+00 1.000000000000000000e+00 1.000000000000000000e+00 1.000000000000000000e+00 4.529000000000000000e+03 3.680000000000000160e+00 4.099999999999999756e-01 1.540000000000000000e+02
2.028529064248775216e-01 0.000000000000000000e+00 1.000000000000000000e+00 1.000000000000000000e+00 3.226000000000000000e+03 3.379999999999999893e+00 -6.600000000000000311e-01 1.560000000000000000e+02
1.110238012671298957e+00 1.000000000000000000e+00 1.000000000000000000e+00 1.000000000000000000e+00 4.456000000000000000e+03 3.669999999999999929e+00 3.499999999999999778e-01 1.540000000000000000e+02
1.134154336959082521e+00 1.000000000000000000e+00 1.000000000000000000e+00 1.000000000000000000e+00 4.456000000000000000e+03 3.669999999999999929e+00 3.499999999999999778e-01 1.500000000000000000e+02
3.793589180337327837e-01 0.000000000000000000e+00 1.000000000000000000e+00 1.000000000000000000e+00 3.634000000000000000e+03 3.540000000000000036e+00 -3.200000000000000067e-01 1.470000000000000000e+02
1.218305383235769979e+00 1.000000000000000000e+00 1.000000000000000000e+00 1.000000000000000000e+00 4.529000000000000000e+03 3.680000000000000160e+00 4.099999999999999756e-01 1.420000000000000000e+02
3.355704717428950601e-01 1.000000000000000000e+00 1.000000000000000000e+00 1.000000000000000000e+00 3.428000000000000000e+03 3.479999999999999982e+00 -4.799999999999999822e-01 1.460000000000000000e+02
1.191431615448681258e+00 0.000000000000000000e+00 1.000000000000000000e+00 1.000000000000000000e+00 4.529000000000000000e+03 3.680000000000000160e+00 4.099999999999999756e-01 1.510000000000000000e+02
1.158716004653847387e+00 0.000000000000000000e+00 1.000000000000000000e+00 1.000000000000000000e+00 4.529000000000000000e+03 3.680000000000000160e+00 4.099999999999999756e-01 1.550000000000000000e+02
1.119900820741116299e+00 1.000000000000000000e+00 1.000000000000000000e+00 1.000000000000000000e+00 4.456000000000000000e+03 3.669999999999999929e+00 3.499999999999999778e-01 1.490000000000000000e+02
1.273508049478644377e+00 0.000000000000000000e+00 1.000000000000000000e+00 1.000000000000000000e+00 4.596000000000000000e+03 3.680000000000000160e+00 4.699999999999999734e-01 1.430000000000000000e+02
3.329072582596099839e-01 0.000000000000000000e+00 1.000000000000000000e+00 1.000000000000000000e+00 3.428000000000000000e+03 3.479999999999999982e+00 -4.799999999999999822e-01 1.440000000000000000e+02
1.126636988915132864e+00 0.000000000000000000e+00 1.000000000000000000e+00 1.000000000000000000e+00 4.456000000000000000e+03 3.669999999999999929e+00 3.499999999999999778e-01 1.450000000000000000e+02
1.107753331683069886e+00 1.000000000000000000e+00 1.000000000000000000e+00 1.000000000000000000e+00 4.456000000000000000e+03 3.669999999999999929e+00 3.499999999999999778e-01 1.560000000000000000e+02
1.128805357163824130e+00 0.000000000000000000e+00 1.000000000000000000e+00 1.000000000000000000e+00 4.456000000000000000e+03 3.669999999999999929e+00 3.499999999999999778e-01 1.440000000000000000e+02
2.812839203568339164e-01 0.000000000000000000e+00 1.000000000000000000e+00 1.000000000000000000e+00 3.428000000000000000e+03 3.479999999999999982e+00 -4.799999999999999822e-01 1.500000000000000000e+02
1.125257734663613896e+00 0.000000000000000000e+00 1.000000000000000000e+00 1.000000000000000000e+00 4.456000000000000000e+03 3.669999999999999929e+00 3.499999999999999778e-01 1.410000000000000000e+02
1.125257734663613896e+00 0.000000000000000000e+00 1.000000000000000000e+00 1.000000000000000000e+00 4.456000000000000000e+03 3.669999999999999929e+00 3.499999999999999778e-01 1.410000000000000000e+02
1.125257734663613896e+00 0.000000000000000000e+00 1.000000000000000000e+00 1.000000000000000000e+00 4.456000000000000000e+03 3.669999999999999929e+00 3.499999999999999778e-01 1.410000000000000000e+02
1.143448581681315135e+00 0.000000000000000000e+00 1.000000000000000000e+00 1.000000000000000000e+00 4.456000000000000000e+03 3.669999999999999929e+00 3.499999999999999778e-01 1.440000000000000000e+02
1.280644229366221021e+00 0.000000000000000000e+00 1.000000000000000000e+00 1.000000000000000000e+00 4.596000000000000000e+03 3.680000000000000160e+00 4.699999999999999734e-01 1.530000000000000000e+02
1.263693977092612997e+00 1.000000000000000000e+00 1.000000000000000000e+00 1.000000000000000000e+00 4.596000000000000000e+03 3.680000000000000160e+00 4.699999999999999734e-01 1.420000000000000000e+02
1.263693977092612997e+00 1.000000000000000000e+00 1.000000000000000000e+00 1.000000000000000000e+00 4.596000000000000000e+03 3.680000000000000160e+00 4.699999999999999734e-01 1.420000000000000000e+02
1.223841547918749662e+00 0.000000000000000000e+00 1.000000000000000000e+00 1.000000000000000000e+00 4.529000000000000000e+03 3.680000000000000160e+00 4.099999999999999756e-01 1.510000000000000000e+02
3.441414699361987628e-01 0.000000000000000000e+00 1.000000000000000000e+00 1.000000000000000000e+00 3.428000000000000000e+03 3.479999999999999982e+00 -4.799999999999999822e-01 1.560000000000000000e+02
2.097778366945101947e-01 0.000000000000000000e+00 1.000000000000000000e+00 1.000000000000000000e+00 3.226000000000000000e+03 3.379999999999999893e+00 -6.600000000000000311e-01 1.430000000000000000e+02
3.133759401273922829e-01 1.000000000000000000e+00 1.000000000000000000e+00 1.000000000000000000e+00 3.428000000000000000e+03 3.479999999999999982e+00 -4.799999999999999822e-01 1.500000000000000000e+02
1.169813447537840334e+00 0.000000000000000000e+00 1.000000000000000000e+00 1.000000000000000000e+00 4.529000000000000000e+03 3.680000000000000160e+00 4.099999999999999756e-01 1.400000000000000000e+02
1.327252191122951119e+00 0.000000000000000000e+00 1.000000000000000000e+00 1.000000000000000000e+00 4.596000000000000000e+03 3.680000000000000160e+00 4.699999999999999734e-01 1.580000000000000000e+02
1.151378963634732244e+00 0.000000000000000000e+00 1.000000000000000000e+00 1.000000000000000000e+00 4.529000000000000000e+03 3.680000000000000160e+00 4.099999999999999756e-01 1.590000000000000000e+02
5.037845003532716026e-01 0.000000000000000000e+00 1.000000000000000000e+00 1.000000000000000000e+00 3.802000000000000000e+03 3.589999999999999858e+00 -1.799999999999999933e-01 1.420000000000000000e+02
6.185741882069817343e-01 0.000000000000000000e+00 1.000000000000000000e+00 1.000000000000000000e+00 3.955000000000000000e+03 3.620000000000000107e+00 -7.000000000000000666e-02 1.510000000000000000e+02
1.688853670787637151e+00 1.000000000000000000e+00 1.000000000000000000e+00 1.000000000000000000e+00 4.970499105762351064e+03 3.706999999999999851e+00 5.000345349769784065e+00 1.410000000000000000e+02
1.201049578988602429e+00 0.000000000000000000e+00 1.000000000000000000e+00 1.000000000000000000e+00 4.529000000000000000e+03 3.680000000000000160e+00 4.099999999999999756e-01 1.470000000000000000e+02
3.836676161272655761e-01 0.000000000000000000e+00 1.000000000000000000e+00 1.000000000000000000e+00 3.634000000000000000e+03 3.540000000000000036e+00 -3.200000000000000067e-01 1.460000000000000000e+02
3.836676161272655761e-01 0.000000000000000000e+00 1.000000000000000000e+00 1.000000000000000000e+00 3.634000000000000000e+03 3.540000000000000036e+00 -3.200000000000000067e-01 1.460000000000000000e+02
1.116253852657131507e+00 1.000000000000000000e+00 1.000000000000000000e+00 1.000000000000000000e+00 4.456000000000000000e+03 3.669999999999999929e+00 3.499999999999999778e-01 1.460000000000000000e+02
1.130799012024506611e+00 1.000000000000000000e+00 1.000000000000000000e+00 1.000000000000000000e+00 4.456000000000000000e+03 3.669999999999999929e+00 3.499999999999999778e-01 1.470000000000000000e+02
2.349370146658345537e-01 1.000000000000000000e+00 1.000000000000000000e+00 1.000000000000000000e+00 3.226000000000000000e+03 3.379999999999999893e+00 -6.600000000000000311e-01 1.400000000000000000e+02
3.982585916076670784e-01 1.000000000000000000e+00 1.000000000000000000e+00 1.000000000000000000e+00 3.634000000000000000e+03 3.540000000000000036e+00 -3.200000000000000067e-01 1.440000000000000000e+02
3.982585916076670784e-01 1.000000000000000000e+00 1.000000000000000000e+00 1.000000000000000000e+00 3.634000000000000000e+03 3.540000000000000036e+00 -3.200000000000000067e-01 1.440000000000000000e+02
1.114831510158058814e+00 0.000000000000000000e+00 1.000000000000000000e+00 1.000000000000000000e+00 4.456000000000000000e+03 3.669999999999999929e+00 3.499999999999999778e-01 1.420000000000000000e+02
2.124334219577745375e-01 1.000000000000000000e+00 1.000000000000000000e+00 1.000000000000000000e+00 3.226000000000000000e+03 3.379999999999999893e+00 -6.600000000000000311e-01 1.590000000000000000e+02
8.341570070122679426e-02 0.000000000000000000e+00 1.000000000000000000e+00 1.000000000000000000e+00 2.898000000000000000e+03 3.450000000000000178e+00 -1.310000000000000053e+00 1.490000000000000000e+02
1.960482522389427884e-01 0.000000000000000000e+00 1.000000000000000000e+00 1.000000000000000000e+00 3.226000000000000000e+03 3.379999999999999893e+00 -6.600000000000000311e-01 1.560000000000000000e+02
1.395866201526178907e+00 1.000000000000000000e+00 1.000000000000000000e+00 1.000000000000000000e+00 4.658000000000000000e+03 3.680000000000000160e+00 5.200000000000000178e-01 1.470000000000000000e+02
1.109659495199282864e+00 1.000000000000000000e+00 1.000000000000000000e+00 1.000000000000000000e+00 4.456000000000000000e+03 3.669999999999999929e+00 3.499999999999999778e-01 1.540000000000000000e+02
1.141348442229050297e+00 1.000000000000000000e+00 1.000000000000000000e+00 1.000000000000000000e+00 4.456000000000000000e+03 3.669999999999999929e+00 3.499999999999999778e-01 1.520000000000000000e+02
5.920013181952307191e-01 0.000000000000000000e+00 1.000000000000000000e+00 1.000000000000000000e+00 3.955000000000000000e+03 3.620000000000000107e+00 -7.000000000000000666e-02 1.490000000000000000e+02
2.909764468379811286e-01 0.000000000000000000e+00 1.000000000000000000e+00 1.000000000000000000e+00 3.428000000000000000e+03 3.479999999999999982e+00 -4.799999999999999822e-01 1.530000000000000000e+02
5.834870021549694030e-01 1.000000000000000000e+00 1.000000000000000000e+00 1.000000000000000000e+00 3.955000000000000000e+03 3.620000000000000107e+00 -7.000000000000000666e-02 1.550000000000000000e+02
5.834870021549694030e-01 1.000000000000000000e+00 1.000000000000000000e+00 1.000000000000000000e+00 3.955000000000000000e+03 3.620000000000000107e+00 -7.000000000000000666e-02 1.550000000000000000e+02
8.465069757418981766e-02 0.000000000000000000e+00 1.000000000000000000e+00 1.000000000000000000e+00 2.898000000000000000e+03 3.450000000000000178e+00 -1.310000000000000053e+00 1.430000000000000000e+02
8.465069757418981766e-02 0.000000000000000000e+00 1.000000000000000000e+00 1.000000000000000000e+00 2.898000000000000000e+03 3.450000000000000178e+00 -1.310000000000000053e+00 1.430000000000000000e+02
1.806810192868780529e+00 1.000000000000000000e+00 1.000000000000000000e+00 1.000000000000000000e+00 5.011872336272725079e+03 3.705000000000000071e+00 5.495408738576245788e+00 1.540000000000000000e+02
1.806810192868780529e+00 1.000000000000000000e+00 1.000000000000000000e+00 1.000000000000000000e+00 5.011872336272725079e+03 3.705000000000000071e+00 5.495408738576245788e+00 1.540000000000000000e+02
1.167276355758264161e+00 1.000000000000000000e+00 1.000000000000000000e+00 1.000000000000000000e+00 4.529000000000000000e+03 3.680000000000000160e+00 4.099999999999999756e-01 1.530000000000000000e+02
2.276989896305115391e+00 0.000000000000000000e+00 1.000000000000000000e+00 1.000000000000000000e+00 5.198762768142834830e+03 3.682999999999999829e+00 8.550667128846834331e+00 1.440000000000000000e+02
2.138961083653469208e-01 0.000000000000000000e+00 1.000000000000000000e+00 1.000000000000000000e+00 3.226000000000000000e+03 3.379999999999999893e+00 -6.600000000000000311e-01 1.570000000000000000e+02
1.182584633741599500e+00 1.000000000000000000e+00 1.000000000000000000e+00 1.000000000000000000e+00 4.529000000000000000e+03 3.680000000000000160e+00 4.099999999999999756e-01 1.550000000000000000e+02
1.177274344700077302e+00 1.000000000000000000e+00 1.000000000000000000e+00 1.000000000000000000e+00 4.529000000000000000e+03 3.680000000000000160e+00 4.099999999999999756e-01 1.520000000000000000e+02
1.366880454289939539e+00 1.000000000000000000e+00 1.000000000000000000e+00 1.000000000000000000e+00 4.658000000000000000e+03 3.680000000000000160e+00 5.200000000000000178e-01 1.460000000000000000e+02
1.139440067544946755e+00 0.000000000000000000e+00 1.000000000000000000e+00 1.000000000000000000e+00 4.456000000000000000e+03 3.669999999999999929e+00 3.499999999999999778e-01 1.570000000000000000e+02
1.161264249054168030e+00 0.000000000000000000e+00 1.000000000000000000e+00 1.000000000000000000e+00 4.529000000000000000e+03 3.680000000000000160e+00 4.099999999999999756e-01 1.470000000000000000e+02
2.542543555746458184e-01 0.000000000000000000e+00 1.000000000000000000e+00 1.000000000000000000e+00 3.428000000000000000e+03 3.479999999999999982e+00 -4.799999999999999822e-01 1.490000000000000000e+02
1.250698666659000757e+00 1.000000000000000000e+00 1.000000000000000000e+00 1.000000000000000000e+00 4.596000000000000000e+03 3.680000000000000160e+00 4.699999999999999734e-01 1.460000000000000000e+02
3.136927320449978129e-01 0.000000000000000000e+00 1.000000000000000000e+00 1.000000000000000000e+00 3.428000000000000000e+03 3.479999999999999982e+00 -4.799999999999999822e-01 1.410000000000000000e+02
9.775105620705077936e-01 1.000000000000000000e+00 1.000000000000000000e+00 1.000000000000000000e+00 4.377000000000000000e+03 3.660000000000000142e+00 2.800000000000000266e-01 1.560000000000000000e+02
1.109788549347210385e+00 0.000000000000000000e+00 1.000000000000000000e+00 1.000000000000000000e+00 4.456000000000000000e+03 3.669999999999999929e+00 3.499999999999999778e-01 1.500000000000000000e+02
1.115779885298723739e+00 1.000000000000000000e+00 1.000000000000000000e+00 1.000000000000000000e+00 4.456000000000000000e+03 3.669999999999999929e+00 3.499999999999999778e-01 1.480000000000000000e+02
1.107843993991819431e+00 0.000000000000000000e+00 1.000000000000000000e+00 1.000000000000000000e+00 4.456000000000000000e+03 3.669999999999999929e+00 3.499999999999999778e-01 1.460000000000000000e+02
1.143988267068616116e+00 1.000000000000000000e+00 1.000000000000000000e+00 1.000000000000000000e+00 4.456000000000000000e+03 3.669999999999999929e+00 3.499999999999999778e-01 1.490000000000000000e+02
1.130622121673131364e+00 0.000000000000000000e+00 1.000000000000000000e+00 1.000000000000000000e+00 4.456000000000000000e+03 3.669999999999999929e+00 3.499999999999999778e-01 1.400000000000000000e+02
1.304275086731338185e+00 0.000000000000000000e+00 1.000000000000000000e+00 1.000000000000000000e+00 4.596000000000000000e+03 3.680000000000000160e+00 4.699999999999999734e-01 1.440000000000000000e+02
1.115760338695897413e+00 1.000000000000000000e+00 1.000000000000000000e+00 1.000000000000000000e+00 4.456000000000000000e+03 3.669999999999999929e+00 3.499999999999999778e-01 1.460000000000000000e+02
1.135829894073697499e+00 1.000000000000000000e+00 1.000000000000000000e+00 1.000000000000000000e+00 4.456000000000000000e+03 3.669999999999999929e+00 3.499999999999999778e-01 1.470000000000000000e+02
2.918979980042508138e-01 0.000000000000000000e+00 1.000000000000000000e+00 1.000000000000000000e+00 3.428000000000000000e+03 3.479999999999999982e+00 -4.799999999999999822e-01 1.550000000000000000e+02
3.428392779074564967e-01 0.000000000000000000e+00 1.000000000000000000e+00 1.000000000000000000e+00 3.428000000000000000e+03 3.479999999999999982e+00 -4.799999999999999822e-01 1.500000000000000000e+02
1.112002834713000210e+00 0.000000000000000000e+00 1.000000000000000000e+00 1.000000000000000000e+00 4.456000000000000000e+03 3.669999999999999929e+00 3.499999999999999778e-01 1.520000000000000000e+02
1.164634608595294551e+00 1.000000000000000000e+00 1.000000000000000000e+00 1.000000000000000000e+00 4.529000000000000000e+03 3.680000000000000160e+00 4.099999999999999756e-01 1.560000000000000000e+02
1.113721481025601090e+00 0.000000000000000000e+00 1.000000000000000000e+00 1.000000000000000000e+00 4.456000000000000000e+03 3.669999999999999929e+00 3.499999999999999778e-01 1.540000000000000000e+02
1.139893742214762584e+00 1.000000000000000000e+00 1.000000000000000000e+00 1.000000000000000000e+00 4.456000000000000000e+03 3.669999999999999929e+00 3.499999999999999778e-01 1.560000000000000000e+02
3.135443817412025824e-01 0.000000000000000000e+00 1.000000000000000000e+00 1.000000000000000000e+00 3.428000000000000000e+03 3.479999999999999982e+00 -4.799999999999999822e-01 1.520000000000000000e+02
3.135443817412025824e-01 0.000000000000000000e+00 1.000000000000000000e+00 1.000000000000000000e+00 3.428000000000000000e+03 3.479999999999999982e+00 -4.799999999999999822e-01 1.520000000000000000e+02
1.130925802206814490e+00 0.000000000000000000e+00 1.000000000000000000e+00 1.000000000000000000e+00 4.456000000000000000e+03 3.669999999999999929e+00 3.499999999999999778e-01 1.590000000000000000e+02
1.127493374515074809e+00 0.000000000000000000e+00 1.000000000000000000e+00 1.000000000000000000e+00 4.456000000000000000e+03 3.669999999999999929e+00 3.499999999999999778e-01 1.410000000000000000e+02
2.227429766225891283e-01 1.000000000000000000e+00 1.000000000000000000e+00 1.000000000000000000e+00 3.226000000000000000e+03 3.379999999999999893e+00 -6.600000000000000311e-01 1.420000000000000000e+02
1.110223393269755165e+00 0.000000000000000000e+00 1.000000000000000000e+00 1.000000000000000000e+00 4.456000000000000000e+03 3.669999999999999929e+00 3.499999999999999778e-01 1.540000000000000000e+02
1.906356976839108341e+01 0.000000000000000000e+00 1.000000000000000000e+00 1.000000000000000000e+00 3.478564015304240456e+04 4.195000000000000284e+00 4.581418867145330296e+04 1.400000000000000000e+02
1.163465939646253888e+00 0.000000000000000000e+00 1.000000000000000000e+00 1.000000000000000000e+00 4.529000000000000000e+03 3.680000000000000160e+00 4.099999999999999756e-01 1.570000000000000000e+02
1.240427773308166559e+00 0.000000000000000000e+00 1.000000000000000000e+00 1.000000000000000000e+00 4.529000000000000000e+03 3.680000000000000160e+00 4.099999999999999756e-01 1.580000000000000000e+02
1.125652600982490537e+00 0.000000000000000000e+00 1.000000000000000000e+00 1.000000000000000000e+00 4.456000000000000000e+03 3.669999999999999929e+00 3.499999999999999778e-01 1.590000000000000000e+02
1.398876423928492985e+00 0.000000000000000000e+00 1.000000000000000000e+00 1.000000000000000000e+00 4.658000000000000000e+03 3.680000000000000160e+00 5.200000000000000178e-01 1.500000000000000000e+02
1.118252403189040622e+00 1.000000000000000000e+00 1.000000000000000000e+00 1.000000000000000000e+00 4.456000000000000000e+03 3.669999999999999929e+00 3.499999999999999778e-01 1.470000000000000000e+02
9.260906559273200667e-02 1.000000000000000000e+00 1.000000000000000000e+00 1.000000000000000000e+00 2.908000000000000000e+03 3.419999999999999929e+00 -1.229999999999999982e+00 1.580000000000000000e+02
1.122883478490541487e+00 0.000000000000000000e+00 1.000000000000000000e+00 1.000000000000000000e+00 4.456000000000000000e+03 3.669999999999999929e+00 3.499999999999999778e-01 1.430000000000000000e+02
1.131033076375029367e+00 1.000000000000000000e+00 1.000000000000000000e+00 1.000000000000000000e+00 4.456000000000000000e+03 3.669999999999999929e+00 3.499999999999999778e-01 1.530000000000000000e+02
1.177937820722159135e+00 0.000000000000000000e+00 1.000000000000000000e+00 1.000000000000000000e+00 4.529000000000000000e+03 3.680000000000000160e+00 4.099999999999999756e-01 1.580000000000000000e+02
1.131359815095537735e+00 0.000000000000000000e+00 1.000000000000000000e+00 1.000000000000000000e+00 4.456000000000000000e+03 3.669999999999999929e+00 3.499999999999999778e-01 1.540000000000000000e+02
4.334868477290342303e-01 1.000000000000000000e+00 1.000000000000000000e+00 1.000000000000000000e+00 3.634000000000000000e+03 3.540000000000000036e+00 -3.200000000000000067e-01 1.540000000000000000e+02
1.183851474241694346e+00 0.000000000000000000e+00 1.000000000000000000e+00 1.000000000000000000e+00 4.529000000000000000e+03 3.680000000000000160e+00 4.099999999999999756e-01 1.430000000000000000e+02
1.183851474241694346e+00 0.000000000000000000e+00 1.000000000000000000e+00 1.000000000000000000e+00 4.529000000000000000e+03 3.680000000000000160e+00 4.099999999999999756e-01 1.430000000000000000e+02
1.162199259126320827e+00 1.000000000000000000e+00 1.000000000000000000e+00 1.000000000000000000e+00 4.529000000000000000e+03 3.680000000000000160e+00 4.099999999999999756e-01 1.570000000000000000e+02
1.133296750088371718e+00 0.000000000000000000e+00 1.000000000000000000e+00 1.000000000000000000e+00 4.456000000000000000e+03 3.669999999999999929e+00 3.499999999999999778e-01 1.450000000000000000e+02
3.916042329311902326e-01 0.000000000000000000e+00 1.000000000000000000e+00 1.000000000000000000e+00 3.634000000000000000e+03 3.540000000000000036e+00 -3.200000000000000067e-01 1.460000000000000000e+02
2.780683162243792195e-01 1.000000000000000000e+00 1.000000000000000000e+00 1.000000000000000000e+00 3.428000000000000000e+03 3.479999999999999982e+00 -4.799999999999999822e-01 1.560000000000000000e+02
1.337599865296415835e+00 0.000000000000000000e+00 1.000000000000000000e+00 1.000000000000000000e+00 4.596000000000000000e+03 3.680000000000000160e+00 4.699999999999999734e-01 1.440000000000000000e+02
2.448838571726509594e-01 0.000000000000000000e+00 1.000000000000000000e+00 1.000000000000000000e+00 3.226000000000000000e+03 3.379999999999999893e+00 -6.600000000000000311e-01 1.410000000000000000e+02
4.327827036039690878e-01 0.000000000000000000e+00 1.000000000000000000e+00 1.000000000000000000e+00 3.634000000000000000e+03 3.540000000000000036e+00 -3.200000000000000067e-01 1.580000000000000000e+02
5.060281994182276311e-01 0.000000000000000000e+00 1.000000000000000000e+00 1.000000000000000000e+00 3.802000000000000000e+03 3.589999999999999858e+00 -1.799999999999999933e-01 1.540000000000000000e+02
2.572751876517698766e-01 0.000000000000000000e+00 1.000000000000000000e+00 1.000000000000000000e+00 3.428000000000000000e+03 3.479999999999999982e+00 -4.799999999999999822e-01 1.450000000000000000e+02
2.840019072749928042e-01 0.000000000000000000e+00 1.000000000000000000e+00 1.000000000000000000e+00 3.428000000000000000e+03 3.479999999999999982e+00 -4.799999999999999822e-01 1.520000000000000000e+02
3.068433433926201492e-01 0.000000000000000000e+00 1.000000000000000000e+00 1.000000000000000000e+00 3.428000000000000000e+03 3.479999999999999982e+00 -4.799999999999999822e-01 1.470000000000000000e+02
1.164032671941755748e+00 1.000000000000000000e+00 1.000000000000000000e+00 1.000000000000000000e+00 4.529000000000000000e+03 3.680000000000000160e+00 4.099999999999999756e-01 1.450000000000000000e+02
1.148649708959625704e+00 1.000000000000000000e+00 1.000000000000000000e+00 1.000000000000000000e+00 4.456000000000000000e+03 3.669999999999999929e+00 3.499999999999999778e-01 1.430000000000000000e+02
1.311834701998961572e+00 1.000000000000000000e+00 1.000000000000000000e+00 1.000000000000000000e+00 4.596000000000000000e+03 3.680000000000000160e+00 4.699999999999999734e-01 1.520000000000000000e+02
1.311834701998961572e+00 1.000000000000000000e+00 1.000000000000000000e+00 1.000000000000000000e+00 4.596000000000000000e+03 3.680000000000000160e+00 4.699999999999999734e-01 1.520000000000000000e+02
2.108119641788787357e-01 0.000000000000000000e+00 1.000000000000000000e+00 1.000000000000000000e+00 3.226000000000000000e+03 3.379999999999999893e+00 -6.600000000000000311e-01 1.400000000000000000e+02
4.384700433481304671e+00 0.000000000000000000e+00 1.000000000000000000e+00 1.000000000000000000e+00 1.462513891957786836e+04 4.152999999999999581e+00 3.459393778261220405e+02 1.590000000000000000e+02
4.384700433481304671e+00 0.000000000000000000e+00 1.000000000000000000e+00 1.000000000000000000e+00 1.462513891957786836e+04 4.152999999999999581e+00 3.459393778261220405e+02 1.590000000000000000e+02
1.211575291580769376e+00 0.000000000000000000e+00 1.000000000000000000e+00 1.000000000000000000e+00 4.529000000000000000e+03 3.680000000000000160e+00 4.099999999999999756e-01 1.450000000000000000e+02
1.182552003877155533e+00 1.000000000000000000e+00 1.000000000000000000e+00 1.000000000000000000e+00 4.529000000000000000e+03 3.680000000000000160e+00 4.099999999999999756e-01 1.420000000000000000e+02
1.138598039831426822e+00 0.000000000000000000e+00 1.000000000000000000e+00 1.000000000000000000e+00 4.456000000000000000e+03 3.669999999999999929e+00 3.499999999999999778e-01 1.490000000000000000e+02
4.658660924442402651e-01 0.000000000000000000e+00 1.000000000000000000e+00 1.000000000000000000e+00 3.802000000000000000e+03 3.589999999999999858e+00 -1.799999999999999933e-01 1.420000000000000000e+02
1.245990746435881036e+00 0.000000000000000000e+00 1.000000000000000000e+00 1.000000000000000000e+00 4.529000000000000000e+03 3.680000000000000160e+00 4.099999999999999756e-01 1.410000000000000000e+02
1.987558915177286278e-01 0.000000000000000000e+00 1.000000000000000000e+00 1.000000000000000000e+00 3.226000000000000000e+03 3.379999999999999893e+00 -6.600000000000000311e-01 1.520000000000000000e+02
1.987558915177286278e-01 0.000000000000000000e+00 1.000000000000000000e+00 1.000000000000000000e+00 3.226000000000000000e+03 3.379999999999999893e+00 -6.600000000000000311e-01 1.520000000000000000e+02
8.635682515385144364e-02 0.000000000000000000e+00 1.000000000000000000e+00 1.000000000000000000e+00 2.908000000000000000e+03 3.419999999999999929e+00 -1.229999999999999982e+00 1.460000000000000000e+02
1.113423221194764112e+00 1.000000000000000000e+00 1.000000000000000000e+00 1.000000000000000000e+00 4.456000000000000000e+03 3.669999999999999929e+00 3.499999999999999778e-01 1.540000000000000000e+02
1.146362711667956669e+00 0.000000000000000000e+00 1.000000000000000000e+00 1.000000000000000000e+00 4.456000000000000000e+03 3.669999999999999929e+00 3.499999999999999778e-01 1.530000000000000000e+02
1.110056270615098706e+00 1.000000000000000000e+00 1.000000000000000000e+00 1.000000000000000000e+00 4.456000000000000000e+03 3.669999999999999929e+00 3.499999999999999778e-01 1.590000000000000000e+02
2.329228864763686346e-01 1.000000000000000000e+00 1.000000000000000000e+00 1.000000000000000000e+00 3.226000000000000000e+03 3.379999999999999893e+00 -6.600000000000000311e-01 1.440000000000000000e+02
1.126901420335319592e+00 0.000000000000000000e+00 1.000000000000000000e+00 1.000000000000000000e+00 4.456000000000000000e+03 3.669999999999999929e+00 3.499999999999999778e-01 1.450000000000000000e+02
2.573994210988563291e-01 1.000000000000000000e+00 1.000000000000000000e+00 1.000000000000000000e+00 3.428000000000000000e+03 3.479999999999999982e+00 -4.799999999999999822e-01 1.580000000000000000e+02
1.159629854487995715e+00 1.000000000000000000e+00 1.000000000000000000e+00 1.000000000000000000e+00 4.529000000000000000e+03 3.680000000000000160e+00 4.099999999999999756e-01 1.400000000000000000e+02
1.119684726309547962e+00 0.000000000000000000e+00 1.000000000000000000e+00 1.000000000000000000e+00 4.456000000000000000e+03 3.669999999999999929e+00 3.499999999999999778e-01 1.570000000000000000e+02
1.959779577931325401e-01 1.000000000000000000e+00 1.000000000000000000e+00 1.000000000000000000e+00 3.226000000000000000e+03 3.379999999999999893e+00 -6.600000000000000311e-01 1.440000000000000000e+02
1.141064508779670916e+00 0.000000000000000000e+00 1.000000000000000000e+00 1.000000000000000000e+00 4.456000000000000000e+03 3.669999999999999929e+00 3.499999999999999778e-01 1.480000000000000000e+02
7.416428244713890727e-01 0.000000000000000000e+00 1.000000000000000000e+00 1.000000000000000000e+00 4.078000000000000000e+03 3.629999999999999893e+00 4.000000000000000083e-02 1.570000000000000000e+02
1.119602859553675334e+00 0.000000000000000000e+00 1.000000000000000000e+00 1.000000000000000000e+00 4.456000000000000000e+03 3.669999999999999929e+00 3.499999999999999778e-01 1.520000000000000000e+02
1.119602859553675334e+00 0.000000000000000000e+00 1.000000000000000000e+00 1.000000000000000000e+00 4.456000000000000000e+03 3.669999999999999929e+00 3.499999999999999778e-01 1.520000000000000000e+02
1.119602859553675334e+00 0.000000000000000000e+00 1.000000000000000000e+00 1.000000000000000000e+00 4.456000000000000000e+03 3.669999999999999929e+00 3.499999999999999778e-01 1.520000000000000000e+02
3.125350433718782628e-01 1.000000000000000000e+00 1.000000000000000000e+00 1.000000000000000000e+00 3.428000000000000000e+03 3.479999999999999982e+00 -4.799999999999999822e-01 1.450000000000000000e+02
1.144146316207746539e+00 1.000000000000000000e+00 1.000000000000000000e+00 1.000000000000000000e+00 4.456000000000000000e+03 3.669999999999999929e+00 3.499999999999999778e-01 1.400000000000000000e+02
1.231207667672525208e+00 1.000000000000000000e+00 1.000000000000000000e+00 1.000000000000000000e+00 4.529000000000000000e+03 3.680000000000000160e+00 4.099999999999999756e-01 1.560000000000000000e+02
4.119345235274992079e-01 1.000000000000000000e+00 1.000000000000000000e+00 1.000000000000000000e+00 3.634000000000000000e+03 3.540000000000000036e+00 -3.200000000000000067e-01 1.400000000000000000e+02
6.247605530713985500e-01 1.000000000000000000e+00 1.000000000000000000e+00 1.000000000000000000e+00 3.955000000000000000e+03 3.620000000000000107e+00 -7.000000000000000666e-02 1.560000000000000000e+02
1.175224051918199564e+00 1.000000000000000000e+00 1.000000000000000000e+00 1.000000000000000000e+00 4.529000000000000000e+03 3.680000000000000160e+00 4.099999999999999756e-01 1.450000000000000000e+02
1.110636810042814782e+00 0.000000000000000000e+00 1.000000000000000000e+00 1.000000000000000000e+00 4.456000000000000000e+03 3.669999999999999929e+00 3.499999999999999778e-01 1.580000000000000000e+02
3.112475100104311609e-01 1.000000000000000000e+00 1.000000000000000000e+00 1.000000000000000000e+00 3.428000000000000000e+03 3.479999999999999982e+00 -4.799999999999999822e-01 1.450000000000000000e+02
3.633116025975321461e-01 0.000000000000000000e+00 1.000000000000000000e+00 1.000000000000000000e+00 3.634000000000000000e+03 3.540000000000000036e+00 -3.200000000000000067e-01 1.410000000000000000e+02
1.145801374789985783e+00 1.000000000000000000e+00 1.000000000000000000e+00 1.000000000000000000e+00 4.456000000000000000e+03 3.669999999999999929e+00 3.499999999999999778e-01 1.480000000000000000e+02
1.224297087738404954e+00 1.000000000000000000e+00 1.000000000000000000e+00 1.000000000000000000e+00 4.529000000000000000e+03 3.680000000000000160e+00 4.099999999999999756e-01 1.570000000000000000e+02
1.254807642106237742e+00 0.000000000000000000e+00 1.000000000000000000e+00 1.000000000000000000e+00 4.596000000000000000e+03 3.680000000000000160e+00 4.699999999999999734e-01 1.490000000000000000e+02
1.254807642106237742e+00 0.000000000000000000e+00 1.000000000000000000e+00 1.000000000000000000e+00 4.596000000000000000e+03 3.680000000000000160e+00 4.699999999999999734e-01 1.490000000000000000e+02
6.886837470398409211e-01 0.000000000000000000e+00 1.000000000000000000e+00 1.000000000000000000e+00 4.078000000000000000e+03 3.629999999999999893e+00 4.000000000000000083e-02 1.410000000000000000e+02
1.195088776377107864e+00 1.000000000000000000e+00 1.000000000000000000e+00 1.000000000000000000e+00 4.529000000000000000e+03 3.680000000000000160e+00 4.099999999999999756e-01 1.470000000000000000e+02
3.280210007691186647e-01 0.000000000000000000e+00 1.000000000000000000e+00 1.000000000000000000e+00 3.428000000000000000e+03 3.479999999999999982e+00 -4.799999999999999822e-01 1.470000000000000000e+02
2.624780073388222612e-01 1.000000000000000000e+00 1.000000000000000000e+00 1.000000000000000000e+00 3.428000000000000000e+03 3.479999999999999982e+00 -4.799999999999999822e-01 1.560000000000000000e+02
1.120570525404166018e+00 0.000000000000000000e+00 1.000000000000000000e+00 1.000000000000000000e+00 4.456000000000000000e+03 3.669999999999999929e+00 3.499999999999999778e-01 1.570000000000000000e+02
1.129090721019598620e+00 0.000000000000000000e+00 1.000000000000000000e+00 1.000000000000000000e+00 4.456000000000000000e+03 3.669999999999999929e+00 3.499999999999999778e-01 1.420000000000000000e+02
3.116526367320575641e-01 1.000000000000000000e+00 1.000000000000000000e+00 1.000000000000000000e+00 3.428000000000000000e+03 3.479999999999999982e+00 -4.799999999999999822e-01 1.520000000000000000e+02
6.401840555995846893e-01 1.000000000000000000e+00 1.000000000000000000e+00 1.000000000000000000e+00 3.955000000000000000e+03 3.620000000000000107e+00 -7.000000000000000666e-02 1.590000000000000000e+02
1.254617613474615867e+00 1.000000000000000000e+00 1.000000000000000000e+00 1.000000000000000000e+00 4.596000000000000000e+03 3.680000000000000160e+00 4.699999999999999734e-01 1.570000000000000000e+02
1.277297185975489136e+00 0.000000000000000000e+00 1.000000000000000000e+00 1.000000000000000000e+00 4.596000000000000000e+03 3.680000000000000160e+00 4.699999999999999734e-01 1.510000000000000000e+02
1.154368818678068065e+00 0.000000000000000000e+00 1.000000000000000000e+00 1.000000000000000000e+00 4.529000000000000000e+03 3.680000000000000160e+00 4.099999999999999756e-01 1.430000000000000000e+02
1.118676526173842278e+00 0.000000000000000000e+00 1.000000000000000000e+00 1.000000000000000000e+00 4.456000000000000000e+03 3.669999999999999929e+00 3.499999999999999778e-01 1.430000000000000000e+02
1.330262103901046267e+00 1.000000000000000000e+00 1.000000000000000000e+00 1.000000000000000000e+00 4.596000000000000000e+03 3.680000000000000160e+00 4.699999999999999734e-01 1.580000000000000000e+02
1.330262103901046267e+00 1.000000000000000000e+00 1.000000000000000000e+00 1.000000000000000000e+00 4.596000000000000000e+03 3.680000000000000160e+00 4.699999999999999734e-01 1.580000000000000000e+02
