 7.078390160655630668e-03 7.872513351934781189e-01 1.000000000000000000e+00 4.576730211255242153e-02 3.115908731302220680e+00 2.345000000000000000e+03 3.569999999999999840e+00 -2.700000000000000178e+00
6.423549179664268804e-02 3.291421371150238251e-03 1.000000000000000000e+00 3.030760046025781085e-01 5.040411670244703934e+00 2.864000000000000000e+03 3.520000000000000018e+00 -1.530000000000000027e+00
2.212134412761766755e-01 7.271487419830870991e-01 1.000000000000000000e+00 4.451792744387623735e-01 5.073558005196062481e+00 3.226000000000000000e+03 3.379999999999999893e+00 -6.600000000000000311e-01
6.115931328045718512e-02 2.486228913715465838e-01 1.000000000000000000e+00 5.567681074868450208e-01 8.625916518739902727e+00 2.864000000000000000e+03 3.520000000000000018e+00 -1.530000000000000027e+00
1.153755413650823458e+00 7.910784127331510485e-01 1.000000000000000000e+00 7.105406751248118935e-01 5.148289729136974913e+00 4.529000000000000000e+03 3.680000000000000160e+00 4.099999999999999756e-01
1.229936582211469620e+00 4.359147223388752934e-01 1.000000000000000000e+00 2.539921295150612268e-01 5.142744632663380777e+00 4.529000000000000000e+03 3.680000000000000160e+00 4.099999999999999756e-01
1.111466537022300249e+00 4.956359324229788754e-01 1.000000000000000000e+00 8.203096181529624387e-01 5.170651371569975119e+00 4.456000000000000000e+03 3.669999999999999929e+00 3.499999999999999778e-01
4.478110060801838987e-02 6.137885554800870391e-01 1.000000000000000000e+00 1.280403705572167317e-01 6.275996918190815954e+00 2.779000000000000000e+03 3.569999999999999840e+00 -1.810000000000000053e+00
1.112509285816601468e+00 9.989195678484438234e-01 1.000000000000000000e+00 1.820201778851596730e-01 2.393382227790640915e+00 4.456000000000000000e+03 3.669999999999999929e+00 3.499999999999999778e-01
9.806465255907260703e-01 2.094817378447118017e-01 1.000000000000000000e+00 6.351639738781651445e-01 9.221142179633766034e+00 4.377000000000000000e+03 3.660000000000000142e+00 2.800000000000000266e-01
4.625075240012721522e-01 3.365678563437456416e-01 1.000000000000000000e+00 4.984125240827246284e-01 3.370991438754993297e+00 3.802000000000000000e+03 3.589999999999999858e+00 -1.799999999999999933e-01
3.640719788931646161e-01 3.047421899981636040e-01 1.000000000000000000e+00 1.507891217382840710e-01 5.565208426068432246e+00 3.634000000000000000e+03 3.540000000000000036e+00 -3.200000000000000067e-01
1.073484130272649217e+00 3.113831979462549082e-01 1.000000000000000000e+00 6.298457125504878240e-01 7.694191372351459890e+00 4.456000000000000000e+03 3.669999999999999929e+00 3.499999999999999778e-01
2.608202122345476548e-01 1.315401586145652502e-01 1.000000000000000000e+00 3.846202837300739530e-01 8.940225124332496165e+00 3.428000000000000000e+03 3.479999999999999982e+00 -4.799999999999999822e-01
5.286082513903774677e-02 2.526068721752224855e-01 1.000000000000000000e+00 2.755224079220848221e-01 4.939061640036446654e+00 2.824000000000000000e+03 3.529999999999999805e+00 -1.649999999999999911e+00
1.031908992281031834e+00 6.839544688436871578e-01 1.000000000000000000e+00 2.498595502077990416e-01 9.566884347959415891e+00 4.377000000000000000e+03 3.660000000000000142e+00 2.800000000000000266e-01
1.959919869501967893e-01 3.771569388172754111e-01 1.000000000000000000e+00 4.508145071593978592e-01 4.478321224110738186e+00 3.226000000000000000e+03 3.379999999999999893e+00 -6.600000000000000311e-01
6.017464836463686656e-02 1.156904806459674306e-01 1.000000000000000000e+00 6.150720517204867344e-01 7.408783084611416214e+00 2.864000000000000000e+03 3.520000000000000018e+00 -1.530000000000000027e+00
6.761911901458678154e-01 4.934552434535629528e-01 1.000000000000000000e+00 7.215237031593554340e-01 5.642880739210094809e+00 4.078000000000000000e+03 3.629999999999999893e+00 4.000000000000000083e-02
9.675786216773589743e-01 6.277075795543252124e-01 1.000000000000000000e+00 3.931226139455101798e-01 7.074905490178858614e+00 4.377000000000000000e+03 3.660000000000000142e+00 2.800000000000000266e-01
8.046567094332290893e-01 3.239109056636317874e-01 1.000000000000000000e+00 5.757091348796301578e-01 6.251988666981932674e+00 4.192000000000000000e+03 3.649999999999999911e+00 1.300000000000000044e-01
2.308994661988059971e-01 2.628846980377996800e-02 1.000000000000000000e+00 1.425614393148889603e-01 3.604552487167575592e+00 3.226000000000000000e+03 3.379999999999999893e+00 -6.600000000000000311e-01
3.186197186655798791e-02 9.669204729293612299e-02 1.000000000000000000e+00 8.491218606245487521e-01 7.772498430019176396e+00 2.710000000000000000e+03 3.569999999999999840e+00 -1.979999999999999982e+00
2.201797184885901371e-01 9.982999593680714767e-01 1.000000000000000000e+00 2.591506673566715824e-01 3.653797229935503488e+00 3.226000000000000000e+03 3.379999999999999893e+00 -6.600000000000000311e-01
6.605402506790604145e-01 2.897275191916781623e-01 1.000000000000000000e+00 6.901844224041957521e-01 8.614924090305331461e+00 4.078000000000000000e+03 3.629999999999999893e+00 4.000000000000000083e-02
9.291711195275841328e-01 7.450114089484718427e-01 1.000000000000000000e+00 2.543527318966991579e-01 4.466991444354160734e+00 4.290000000000000000e+03 3.660000000000000142e+00 2.099999999999999922e-01
9.202481842194555339e-01 6.250497954856943927e-01 1.000000000000000000e+00 4.619388569082600871e-01 8.323705152957954212e+00 4.290000000000000000e+03 3.660000000000000142e+00 2.099999999999999922e-01
9.776941046658320367e-02 2.276767689107609405e-01 1.000000000000000000e+00 9.106409710068863461e-01 5.375738095290113705e+00 2.936000000000000000e+03 3.430000000000000160e+00 -1.169999999999999929e+00
1.131041068973160701e+00 2.767167307919919939e-01 1.000000000000000000e+00 7.103177999085188432e-01 1.079155775841088349e+00 4.456000000000000000e+03 3.669999999999999929e+00 3.499999999999999778e-01
1.134682309869834205e+00 3.350037425002037050e-01 1.000000000000000000e+00 6.544949214084827549e-01 4.887056613113298198e+00 4.456000000000000000e+03 3.669999999999999929e+00 3.499999999999999778e-01
7.166486283290983694e-01 3.448861018514483012e-01 1.000000000000000000e+00 9.796620425151233436e-01 2.097485706461901689e+00 4.078000000000000000e+03 3.629999999999999893e+00 4.000000000000000083e-02
6.487795700730099313e-02 4.463420807964983972e-01 1.000000000000000000e+00 5.614284353921591419e-01 5.657562839228939211e+00 2.864000000000000000e+03 3.520000000000000018e+00 -1.530000000000000027e+00
2.078973438355928016e-01 2.729556314043409815e-01 1.000000000000000000e+00 6.461900919689095302e-01 4.426256267925177568e+00 3.226000000000000000e+03 3.379999999999999893e+00 -6.600000000000000311e-01
1.046813437896300103e+00 3.142361683242734793e-01 1.000000000000000000e+00 1.628312065954723442e-01 3.452633159109452343e+00 4.377000000000000000e+03 3.660000000000000142e+00 2.800000000000000266e-01
1.090324465144863586e+00 8.821668599350580564e-01 1.000000000000000000e+00 9.890862485139473304e-01 4.217661843463325511e+00 4.456000000000000000e+03 3.669999999999999929e+00 3.499999999999999778e-01
1.101389802475161162e+00 4.452404222304979786e-01 1.000000000000000000e+00 9.443785264013089265e-01 9.132897721184818352e-01 4.456000000000000000e+03 3.669999999999999929e+00 3.499999999999999778e-01
1.077512531961939857e+00 4.580576370532175590e-01 1.000000000000000000e+00 7.151440952636061166e-01 5.824080265174913507e+00 4.456000000000000000e+03 3.669999999999999929e+00 3.499999999999999778e-01
8.626501812405758252e-02 3.427455834521577760e-01 1.000000000000000000e+00 5.334824715055107580e-01 6.211092063272356967e+00 2.908000000000000000e+03 3.419999999999999929e+00 -1.229999999999999982e+00
4.673484804101618040e-01 9.557073103444846396e-02 1.000000000000000000e+00 4.752277769478965297e-01 5.483143326969838860e+00 3.802000000000000000e+03 3.589999999999999858e+00 -1.799999999999999933e-01
9.315567848846262322e-02 2.600871202634224000e-01 1.000000000000000000e+00 4.322952611346208007e-01 6.296619505904634373e+00 2.908000000000000000e+03 3.419999999999999929e+00 -1.229999999999999982e+00
2.254761702033390713e-01 9.573050118973749356e-01 1.000000000000000000e+00 1.341746877641392111e-01 3.998703064260242357e+00 3.226000000000000000e+03 3.379999999999999893e+00 -6.600000000000000311e-01
2.730912564181383062e-01 4.482657065938425722e-01 1.000000000000000000e+00 8.023829448723001079e-01 4.061444503395723160e+00 3.428000000000000000e+03 3.479999999999999982e+00 -4.799999999999999822e-01
2.339663782456726238e-01 4.233938374561299067e-01 1.000000000000000000e+00 3.389111223263721051e-01 4.608069939283941707e+00 3.226000000000000000e+03 3.379999999999999893e+00 -6.600000000000000311e-01
9.808903895554377250e-02 5.670711046785839038e-01 1.000000000000000000e+00 4.150380358347108833e-01 2.125579021608543062e+00 2.936000000000000000e+03 3.430000000000000160e+00 -1.169999999999999929e+00
5.622073733066840218e-01 1.229792526202677649e-02 1.000000000000000000e+00 7.592749202470688852e-01 5.177477906761311921e+00 3.955000000000000000e+03 3.620000000000000107e+00 -7.000000000000000666e-02
2.285979576525075663e-01 5.130118320462376813e-01 1.000000000000000000e+00 6.497492489306994079e-01 7.300689863105769284e+00 3.226000000000000000e+03 3.379999999999999893e+00 -6.600000000000000311e-01
7.866003887152145380e-02 8.865991082171946758e-01 1.000000000000000000e+00 2.760335126921907856e-01 6.525029849532328896e+00 2.898000000000000000e+03 3.450000000000000178e+00 -1.310000000000000053e+00
1.694337756150352675e-02 8.104055074398375247e-01 1.000000000000000000e+00 7.454757431228418163e-01 1.980577209764137869e+00 2.504000000000000000e+03 3.580000000000000071e+00 -2.419999999999999929e+00
3.107134478964034274e-01 6.811260013848104977e-01 1.000000000000000000e+00 3.140706277077938147e-01 7.803197822902980363e+00 3.428000000000000000e+03 3.479999999999999982e+00 -4.799999999999999822e-01
1.127555303268688691e+00 6.250092458462386258e-01 1.000000000000000000e+00 3.684165630317690621e-01 4.359222582876434160e+00 4.456000000000000000e+03 3.669999999999999929e+00 3.499999999999999778e-01
1.203731631738272245e+00 9.104576871932469340e-01 1.000000000000000000e+00 6.899487482494738311e-01 6.240889125998166698e+00 4.529000000000000000e+03 3.680000000000000160e+00 4.099999999999999756e-01
2.112129858575176600e-01 4.002255307746390711e-01 1.000000000000000000e+00 4.941539785040609534e-01 5.693485368918759448e+00 3.226000000000000000e+03 3.379999999999999893e+00 -6.600000000000000311e-01
6.027628868168775078e-01 3.440412284817291333e-01 1.000000000000000000e+00 1.801924222250321783e-01 3.943989089269932524e+00 3.955000000000000000e+03 3.620000000000000107e+00 -7.000000000000000666e-02
5.845256988904126150e-01 6.338149814595547271e-01 1.000000000000000000e+00 2.315631118461346505e-01 3.329056738693923378e+00 3.955000000000000000e+03 3.620000000000000107e+00 -7.000000000000000666e-02
2.075351437934475768e-02 2.580826269484824964e-01 1.000000000000000000e+00 4.038724612135746739e-01 2.529816762687158604e+00 2.598000000000000000e+03 3.589999999999999858e+00 -2.250000000000000000e+00
3.745575123823110530e-01 8.874620756093795082e-01 1.000000000000000000e+00 5.108947095492403223e-01 5.308122696311115440e+00 3.634000000000000000e+03 3.540000000000000036e+00 -3.200000000000000067e-01
8.576371096573844055e-02 3.480157334682688619e-01 1.000000000000000000e+00 4.241721959169963974e-01 5.667986824878915364e+00 2.908000000000000000e+03 3.419999999999999929e+00 -1.229999999999999982e+00
8.477446561788856694e-02 6.719508615052501854e-01 1.000000000000000000e+00 7.906309322268736395e-01 2.881553797015833140e+00 2.898000000000000000e+03 3.450000000000000178e+00 -1.310000000000000053e+00
2.540096770271385029e-01 7.957423388401196895e-02 1.000000000000000000e+00 9.896175611598684307e-01 5.165260593641817444e+00 3.428000000000000000e+03 3.479999999999999982e+00 -4.799999999999999822e-01
6.138807347553175420e-02 9.369611404399286192e-01 1.000000000000000000e+00 8.377643288589876613e-01 5.982405500376649421e+00 2.864000000000000000e+03 3.520000000000000018e+00 -1.530000000000000027e+00
4.070894285171147153e-01 1.588704502439209909e-01 1.000000000000000000e+00 6.341461194896285125e-01 1.085252287651663394e+01 3.634000000000000000e+03 3.540000000000000036e+00 -3.200000000000000067e-01
2.256394523851776579e-01 2.770908569175236646e-01 1.000000000000000000e+00 8.988833457464473486e-02 6.648736684731663793e+00 3.226000000000000000e+03 3.379999999999999893e+00 -6.600000000000000311e-01
2.254580385251225283e-01 1.335911407248765448e-01 1.000000000000000000e+00 4.557130188754183742e-01 6.632247471446651055e+00 3.226000000000000000e+03 3.379999999999999893e+00 -6.600000000000000311e-01
