0.000000000000000000e+00 0.000000000000000000e+00 0.000000000000000000e+00 0.000000000000000000e+00 0.000000000000000000e+00 0.000000000000000000e+00 0.000000000000000000e+00 0.000000000000000000e+00
2.479716046356745529e-01 3.291421371150238251e-03 1.000000000000000000e+00 3.030760046025781085e-01 5.040411670244703934e+00 3.226000000000000000e+03 3.379999999999999893e+00 -6.600000000000000311e-01
3.256597398749407901e-01 7.271487419830870991e-01 1.000000000000000000e+00 4.451792744387623735e-01 5.073558005196062481e+00 3.428000000000000000e+03 3.479999999999999982e+00 -4.799999999999999822e-01
5.648409795237633313e-01 2.486228913715465838e-01 1.000000000000000000e+00 5.567681074868450208e-01 8.625916518739902727e+00 3.955000000000000000e+03 3.620000000000000107e+00 -7.000000000000000666e-02
7.743389417669801489e-01 7.910784127331510485e-01 1.000000000000000000e+00 7.105406751248118935e-01 5.148289729136974913e+00 4.192000000000000000e+03 3.649999999999999911e+00 1.300000000000000044e-01
6.390880736219162195e-01 4.359147223388752934e-01 1.000000000000000000e+00 2.539921295150612268e-01 5.142744632663380777e+00 3.955000000000000000e+03 3.620000000000000107e+00 -7.000000000000000666e-02
2.933438603813102730e-01 4.956359324229788754e-01 1.000000000000000000e+00 8.203096181529624387e-01 5.170651371569975119e+00 3.428000000000000000e+03 3.479999999999999982e+00 -4.799999999999999822e-01
5.540059923238145334e-01 6.137885554800870391e-01 1.000000000000000000e+00 1.280403705572167317e-01 6.275996918190815954e+00 3.955000000000000000e+03 3.620000000000000107e+00 -7.000000000000000666e-02
1.082093847316671908e+00 9.989195678484438234e-01 1.000000000000000000e+00 1.820201778851596730e-01 2.393382227790640915e+00 4.456000000000000000e+03 3.669999999999999929e+00 3.499999999999999778e-01
3.291809290788873521e-01 6.351639738781651445e-01 1.000000000000000000e+00 4.307343999033959037e-01 2.303435098228961753e+00 3.428000000000000000e+03 3.479999999999999982e+00 -4.799999999999999822e-01
3.323377599353214973e-01 4.984125240827246284e-01 1.000000000000000000e+00 4.447867198667648791e-01 7.360474232269396566e+00 3.428000000000000000e+03 3.479999999999999982e+00 -4.799999999999999822e-01
4.645585703364556451e-01 1.507891217382840710e-01 1.000000000000000000e+00 8.436760679688315445e-01 6.473715327460798363e-01 3.802000000000000000e+03 3.589999999999999858e+00 -1.799999999999999933e-01
8.049210798082693241e-01 3.113831979462549082e-01 1.000000000000000000e+00 6.298457125504878240e-01 7.103415541761403773e+00 4.192000000000000000e+03 3.649999999999999911e+00 1.300000000000000044e-01
4.444367991586573030e-01 1.752107807437389697e-01 1.000000000000000000e+00 5.361558798890186939e-02 3.727749524489119892e+00 3.634000000000000000e+03 3.540000000000000036e+00 -3.200000000000000067e-01
2.955813585814179301e-01 1.315401586145652502e-01 1.000000000000000000e+00 3.846202837300739530e-01 8.940225124332496165e+00 3.428000000000000000e+03 3.479999999999999982e+00 -4.799999999999999822e-01
1.250078196821034826e+00 2.526068721752224855e-01 1.000000000000000000e+00 2.755224079220848221e-01 4.939061640036446654e+00 4.596000000000000000e+03 3.680000000000000160e+00 4.699999999999999734e-01
4.352890095208959420e-01 4.411161430268906170e-01 1.000000000000000000e+00 5.276973581967802085e-01 5.537238070959662473e+00 3.634000000000000000e+03 3.540000000000000036e+00 -3.200000000000000067e-01
5.363398011681713706e-01 6.839544688436871578e-01 1.000000000000000000e+00 2.498595502077990416e-01 9.566884347959415891e+00 3.802000000000000000e+03 3.589999999999999858e+00 -1.799999999999999933e-01
3.850599936992539218e-01 3.771569388172754111e-01 1.000000000000000000e+00 4.508145071593978592e-01 4.478321224110738186e+00 3.634000000000000000e+03 3.540000000000000036e+00 -3.200000000000000067e-01
4.046558956157071396e-01 1.156904806459674306e-01 1.000000000000000000e+00 6.150720517204867344e-01 7.408783084611416214e+00 3.634000000000000000e+03 3.540000000000000036e+00 -3.200000000000000067e-01
1.888215967573779464e-01 4.934552434535629528e-01 1.000000000000000000e+00 7.215237031593554340e-01 5.642880739210094809e+00 3.226000000000000000e+03 3.379999999999999893e+00 -6.600000000000000311e-01
2.868601732253424075e-01 6.277075795543252124e-01 1.000000000000000000e+00 3.931226139455101798e-01 7.074905490178858614e+00 3.428000000000000000e+03 3.479999999999999982e+00 -4.799999999999999822e-01
2.707352002944465874e-01 3.239109056636317874e-01 1.000000000000000000e+00 5.757091348796301578e-01 6.251988666981932674e+00 3.428000000000000000e+03 3.479999999999999982e+00 -4.799999999999999822e-01
4.980483022271419147e-01 2.628846980377996800e-02 1.000000000000000000e+00 1.425614393148889603e-01 3.604552487167575592e+00 3.802000000000000000e+03 3.589999999999999858e+00 -1.799999999999999933e-01
4.535718472333756801e-01 6.570620839301278826e-01 1.000000000000000000e+00 8.277072643664606932e-01 3.189063968210182676e+00 3.802000000000000000e+03 3.589999999999999858e+00 -1.799999999999999933e-01
7.412338269776777566e-02 9.669204729293612299e-02 1.000000000000000000e+00 8.491218606245487521e-01 7.772498430019176396e+00 2.897000000000000000e+03 3.470000000000000195e+00 -1.360000000000000098e+00
9.926515593473469456e-01 2.897275191916781623e-01 1.000000000000000000e+00 6.901844224041957521e-01 8.614924090305331461e+00 4.377000000000000000e+03 3.660000000000000142e+00 2.800000000000000266e-01
5.769022703593801316e-02 6.307937685887616830e-01 1.000000000000000000e+00 8.893752699148960161e-01 4.466991444354160734e+00 2.864000000000000000e+03 3.520000000000000018e+00 -1.530000000000000027e+00
1.048598400296538502e+00 9.214564715718408516e-01 1.000000000000000000e+00 2.450398265310157475e-01 4.028983397183486304e+00 4.377000000000000000e+03 3.660000000000000142e+00 2.800000000000000266e-01
8.293057953113956993e-01 1.783492478165260575e-01 1.000000000000000000e+00 6.250497954856943927e-01 8.323705152957954212e+00 4.192000000000000000e+03 3.649999999999999911e+00 1.300000000000000044e-01
2.615484259196766414e-01 9.106409710068863461e-01 1.000000000000000000e+00 9.678553420312299149e-01 8.542427174118728317e+00 3.428000000000000000e+03 3.479999999999999982e+00 -4.799999999999999822e-01
4.834174005762829629e-01 3.350037425002037050e-01 1.000000000000000000e+00 6.544949214084827549e-01 4.887056613113298198e+00 3.802000000000000000e+03 3.589999999999999858e+00 -1.799999999999999933e-01
4.536716954753826081e-01 4.402057845232869582e-01 1.000000000000000000e+00 8.426017380441029880e-01 5.587023972623685886e+00 3.802000000000000000e+03 3.589999999999999858e+00 -1.799999999999999933e-01
8.696053693456025080e-01 3.448861018514483012e-01 1.000000000000000000e+00 9.796620425151233436e-01 2.097485706461901689e+00 4.290000000000000000e+03 3.660000000000000142e+00 2.099999999999999922e-01
4.936415002554253029e-01 4.463420807964983972e-01 1.000000000000000000e+00 5.614284353921591419e-01 5.657562839228939211e+00 3.802000000000000000e+03 3.589999999999999858e+00 -1.799999999999999933e-01
1.475306993665063127e+00 2.729556314043409815e-01 1.000000000000000000e+00 6.461900919689095302e-01 4.426256267925177568e+00 4.852885001621209994e+03 3.706999999999999851e+00 3.872576449216171834e+00
8.757024570087406090e-01 3.142361683242734793e-01 1.000000000000000000e+00 1.628312065954723442e-01 3.452633159109452343e+00 4.290000000000000000e+03 3.660000000000000142e+00 2.099999999999999922e-01
6.861516757571274328e-01 6.441650012606929820e-01 1.000000000000000000e+00 4.558013388543951105e-01 5.359165409245967737e+00 4.078000000000000000e+03 3.629999999999999893e+00 4.000000000000000083e-02
9.334515438694777067e-01 8.821668599350580564e-01 1.000000000000000000e+00 9.890862485139473304e-01 4.217661843463325511e+00 4.290000000000000000e+03 3.660000000000000142e+00 2.099999999999999922e-01
9.223988080078259211e-01 6.720523112968603829e-01 1.000000000000000000e+00 3.592254898739670743e-01 5.279262445912514146e+00 4.290000000000000000e+03 3.660000000000000142e+00 2.099999999999999922e-01
1.035397466403538358e+00 4.452404222304979786e-01 1.000000000000000000e+00 9.443785264013089265e-01 9.132897721184818352e-01 4.377000000000000000e+03 3.660000000000000142e+00 2.800000000000000266e-01
7.253403774891407918e-02 2.883694608596275577e-01 1.000000000000000000e+00 4.294114078968298553e-01 4.024512104469787133e+00 2.896000000000000000e+03 3.479999999999999982e+00 -1.389999999999999902e+00
1.029030834975155489e-01 4.580576370532175590e-01 1.000000000000000000e+00 7.151440952636061166e-01 5.824080265174913507e+00 2.936000000000000000e+03 3.430000000000000160e+00 -1.169999999999999929e+00
6.522249519052953914e-01 3.427455834521577760e-01 1.000000000000000000e+00 5.334824715055107580e-01 6.211092063272356967e+00 4.078000000000000000e+03 3.629999999999999893e+00 4.000000000000000083e-02
6.493615042109145419e-01 4.752277769478965297e-01 1.000000000000000000e+00 6.184164963620946143e-01 5.483143326969838860e+00 3.955000000000000000e+03 3.620000000000000107e+00 -7.000000000000000666e-02
4.736466544905527098e-01 2.600871202634224000e-01 1.000000000000000000e+00 4.322952611346208007e-01 6.296619505904634373e+00 3.802000000000000000e+03 3.589999999999999858e+00 -1.799999999999999933e-01
3.882407768132926096e-01 9.573050118973749356e-01 1.000000000000000000e+00 1.341746877641392111e-01 3.998703064260242357e+00 3.634000000000000000e+03 3.540000000000000036e+00 -3.200000000000000067e-01
2.162287546119614212e-01 4.482657065938425722e-01 1.000000000000000000e+00 8.023829448723001079e-01 4.061444503395723160e+00 3.226000000000000000e+03 3.379999999999999893e+00 -6.600000000000000311e-01
9.163365940132045528e-01 4.233938374561299067e-01 1.000000000000000000e+00 3.389111223263721051e-01 4.608069939283941707e+00 4.290000000000000000e+03 3.660000000000000142e+00 2.099999999999999922e-01
6.303090689456357643e-01 2.702236711291950977e-01 1.000000000000000000e+00 1.578876847672399109e-01 2.455228183581842138e+00 3.955000000000000000e+03 3.620000000000000107e+00 -7.000000000000000666e-02
5.081320963156323034e-02 5.670711046785839038e-01 1.000000000000000000e+00 4.150380358347108833e-01 2.125579021608543062e+00 2.824000000000000000e+03 3.529999999999999805e+00 -1.649999999999999911e+00
1.066502532505832379e+00 8.488735658562037711e-01 1.000000000000000000e+00 6.000958944343703916e-01 8.933183621619326331e+00 4.456000000000000000e+03 3.669999999999999929e+00 3.499999999999999778e-01
4.221159562748580951e-01 5.130118320462376813e-01 1.000000000000000000e+00 6.497492489306994079e-01 3.452494395740969058e+00 3.634000000000000000e+03 3.540000000000000036e+00 -3.200000000000000067e-01
1.226719061233034092e+00 4.432623767468790721e-01 1.000000000000000000e+00 9.446520879681484795e-01 5.795208873318241416e+00 4.529000000000000000e+03 3.680000000000000160e+00 4.099999999999999756e-01
8.053492518617245688e-01 4.031925665365682088e-01 1.000000000000000000e+00 1.791012044886548527e-01 4.278243941613875556e+00 4.192000000000000000e+03 3.649999999999999911e+00 1.300000000000000044e-01
7.876135440725368086e-01 6.451127084565466685e-01 1.000000000000000000e+00 3.639810598594153124e-01 5.393062522098569289e+00 4.192000000000000000e+03 3.649999999999999911e+00 1.300000000000000044e-01
8.958744885988777495e-01 6.811260013848104977e-01 1.000000000000000000e+00 3.140706277077938147e-01 9.044373543419091277e+00 4.290000000000000000e+03 3.660000000000000142e+00 2.099999999999999922e-01
6.109891141419764304e-01 8.988714642254215237e-01 1.000000000000000000e+00 2.790433782970248577e-01 2.138084941775640679e+00 3.955000000000000000e+03 3.620000000000000107e+00 -7.000000000000000666e-02
4.022483678439730537e-01 4.002255307746390711e-01 1.000000000000000000e+00 4.941539785040609534e-01 5.693485368918759448e+00 3.634000000000000000e+03 3.540000000000000036e+00 -3.200000000000000067e-01
5.393473765248860685e-01 3.440412284817291333e-01 1.000000000000000000e+00 1.801924222250321783e-01 3.943989089269932524e+00 3.802000000000000000e+03 3.589999999999999858e+00 -1.799999999999999933e-01
1.874788995099377076e-01 6.338149814595547271e-01 1.000000000000000000e+00 2.315631118461346505e-01 3.329056738693923378e+00 3.226000000000000000e+03 3.379999999999999893e+00 -6.600000000000000311e-01
8.515900947028746115e-01 2.580826269484824964e-01 1.000000000000000000e+00 4.038724612135746739e-01 2.529816762687158604e+00 4.290000000000000000e+03 3.660000000000000142e+00 2.099999999999999922e-01
8.270625619484496538e-02 8.874620756093795082e-01 1.000000000000000000e+00 5.108947095492403223e-01 5.308122696311115440e+00 2.898000000000000000e+03 3.450000000000000178e+00 -1.310000000000000053e+00
1.125311763604803339e+00 3.480157334682688619e-01 1.000000000000000000e+00 4.241721959169963974e-01 5.667986824878915364e+00 4.456000000000000000e+03 3.669999999999999929e+00 3.499999999999999778e-01
2.135481506371405269e-01 6.719508615052501854e-01 1.000000000000000000e+00 7.906309322268736395e-01 2.881553797015833140e+00 3.226000000000000000e+03 3.379999999999999893e+00 -6.600000000000000311e-01
9.549378779921419147e-01 7.957423388401196895e-02 1.000000000000000000e+00 9.896175611598684307e-01 5.165260593641817444e+00 4.377000000000000000e+03 3.660000000000000142e+00 2.800000000000000266e-01
9.000010670434357984e-02 9.369611404399286192e-01 1.000000000000000000e+00 8.377643288589876613e-01 5.982405500376649421e+00 2.908000000000000000e+03 3.419999999999999929e+00 -1.229999999999999982e+00
3.916215361064904199e-01 1.588704502439209909e-01 1.000000000000000000e+00 6.341461194896285125e-01 1.085252287651663394e+01 3.634000000000000000e+03 3.540000000000000036e+00 -3.200000000000000067e-01
7.438020968280131262e-01 2.770908569175236646e-01 1.000000000000000000e+00 8.988833457464473486e-02 6.648736684731663793e+00 4.078000000000000000e+03 3.629999999999999893e+00 4.000000000000000083e-02
3.297223689283262371e-01 1.335911407248765448e-01 1.000000000000000000e+00 4.557130188754183742e-01 6.632247471446651055e+00 3.428000000000000000e+03 3.479999999999999982e+00 -4.799999999999999822e-01
1.009540534799865164e+00 4.383207284873376075e-01 1.000000000000000000e+00 4.694803925584446480e-01 2.979873247590440588e+00 4.377000000000000000e+03 3.660000000000000142e+00 2.800000000000000266e-01
3.680189703881778795e-01 3.319000227397035374e-01 1.000000000000000000e+00 7.066307906771837066e-01 6.886306973902666329e+00 3.634000000000000000e+03 3.540000000000000036e+00 -3.200000000000000067e-01
1.284839233387295332e+00 1.277817965823524471e-02 1.000000000000000000e+00 6.512923493779906314e-01 8.667169113766270527e+00 4.596000000000000000e+03 3.680000000000000160e+00 4.699999999999999734e-01
7.700769707557683086e-01 9.025592082970808061e-01 1.000000000000000000e+00 3.887161461226587011e-01 4.981449882787343242e+00 4.192000000000000000e+03 3.649999999999999911e+00 1.300000000000000044e-01
8.308494647511764919e-01 8.981263127353987796e-01 1.000000000000000000e+00 9.622828656642434808e-03 1.842829723505413853e+00 4.192000000000000000e+03 3.649999999999999911e+00 1.300000000000000044e-01
2.277336537490365076e-01 6.762563039357569750e-01 1.000000000000000000e+00 3.522795294965448409e-01 1.736153759609948555e+00 3.226000000000000000e+03 3.379999999999999893e+00 -6.600000000000000311e-01
4.202059775570298611e-02 2.538293707429127855e-01 1.000000000000000000e+00 1.727595990015518002e-01 3.665026672617950787e+00 2.779000000000000000e+03 3.569999999999999840e+00 -1.810000000000000053e+00
3.477984961779675421e-01 4.113679359852105977e-01 1.000000000000000000e+00 3.479705252374287738e-01 3.849900157176136428e+00 3.428000000000000000e+03 3.479999999999999982e+00 -4.799999999999999822e-01
1.113438443603176786e+00 6.442938730532217217e-01 1.000000000000000000e+00 9.652224477074725639e-01 7.504761255736232428e+00 4.456000000000000000e+03 3.669999999999999929e+00 3.499999999999999778e-01
1.069401666490945368e+00 8.218229484617918246e-01 1.000000000000000000e+00 2.003751781366016615e-01 9.010043375523391518e+00 4.456000000000000000e+03 3.669999999999999929e+00 3.499999999999999778e-01
3.736218578714605720e-01 4.835709006641205621e-01 1.000000000000000000e+00 6.483356704434859452e-01 9.558071503837474836e+00 3.634000000000000000e+03 3.540000000000000036e+00 -3.200000000000000067e-01
8.217436561738411527e-01 4.300184240287426851e-01 1.000000000000000000e+00 7.326167607015545702e-01 7.341597932686301675e+00 4.192000000000000000e+03 3.649999999999999911e+00 1.300000000000000044e-01
1.889115696973394931e-01 2.274003990373576478e-01 1.000000000000000000e+00 5.141708194989580427e-01 3.173737048410228745e+00 3.226000000000000000e+03 3.379999999999999893e+00 -6.600000000000000311e-01
3.892545075103328589e-01 2.611654849284139601e-02 1.000000000000000000e+00 6.128370571314811777e-01 6.305341855662893735e+00 3.634000000000000000e+03 3.540000000000000036e+00 -3.200000000000000067e-01
1.270824633575720730e+00 9.015382283545443354e-01 1.000000000000000000e+00 1.250419986695526786e-01 5.838778735303513656e+00 4.596000000000000000e+03 3.680000000000000160e+00 4.699999999999999734e-01
1.104667672647121845e+00 4.388376635613355781e-02 1.000000000000000000e+00 5.536872817846737460e-01 7.241435351864648595e+00 4.456000000000000000e+03 3.669999999999999929e+00 3.499999999999999778e-01
3.712112160804515587e-02 8.517962465080008982e-02 1.000000000000000000e+00 6.404388537665970382e-01 6.901072202767550401e+00 2.779000000000000000e+03 3.569999999999999840e+00 -1.810000000000000053e+00
3.503136675804223721e-01 2.517418934703377076e-01 1.000000000000000000e+00 8.020297927146270434e-01 3.763172356040855426e+00 3.634000000000000000e+03 3.540000000000000036e+00 -3.200000000000000067e-01
8.884025223202143273e-01 2.320559384099873945e-01 1.000000000000000000e+00 9.221109181438427171e-01 9.007266732167936496e+00 4.290000000000000000e+03 3.660000000000000142e+00 2.099999999999999922e-01
1.024285043637282122e+00 4.867021528880897119e-01 1.000000000000000000e+00 7.497904487790379990e-01 -5.780436055413069596e-01 4.377000000000000000e+03 3.660000000000000142e+00 2.800000000000000266e-01
6.638161559106998677e-01 3.447790997919885081e-01 1.000000000000000000e+00 3.525760583322798958e-01 4.298326826816696311e+00 4.078000000000000000e+03 3.629999999999999893e+00 4.000000000000000083e-02
7.531199626017072435e-02 9.976969359318781372e-01 1.000000000000000000e+00 1.585682056780680638e-01 4.203966634711471251e+00 2.897000000000000000e+03 3.470000000000000195e+00 -1.360000000000000098e+00
2.717910639781178639e-01 8.017785157737766788e-01 1.000000000000000000e+00 6.984386276702820862e-01 2.579789712291983506e+00 3.428000000000000000e+03 3.479999999999999982e+00 -4.799999999999999822e-01
6.152951853682705474e-01 2.412090906842498939e-01 1.000000000000000000e+00 3.311616709428520933e-01 4.220424778133518018e-01 3.955000000000000000e+03 3.620000000000000107e+00 -7.000000000000000666e-02
1.952838564879088301e-01 2.520706998001388532e-01 1.000000000000000000e+00 6.165327648946505867e-01 3.433473645496992965e+00 3.226000000000000000e+03 3.379999999999999893e+00 -6.600000000000000311e-01
1.218846335809655734e+00 7.691352454860653776e-01 1.000000000000000000e+00 5.864314954779326072e-01 6.455789868514993479e+00 4.529000000000000000e+03 3.680000000000000160e+00 4.099999999999999756e-01
1.097972271140362555e+00 4.013593916691227115e-01 1.000000000000000000e+00 3.176571557298487614e-01 1.059458638335955527e+01 4.456000000000000000e+03 3.669999999999999929e+00 3.499999999999999778e-01
4.786567286186074188e-01 8.999343966177634213e-01 1.000000000000000000e+00 8.058220904385841044e-01 9.467110417112252208e-01 3.802000000000000000e+03 3.589999999999999858e+00 -1.799999999999999933e-01
2.683401978631570484e-01 5.542067438472131347e-01 1.000000000000000000e+00 3.243052356501522349e-01 3.186633293779339571e+00 3.428000000000000000e+03 3.479999999999999982e+00 -4.799999999999999822e-01
7.776209818766367521e-01 6.313015996032556032e-02 1.000000000000000000e+00 8.547681580872369400e-01 7.241362856354273347e+00 4.192000000000000000e+03 3.649999999999999911e+00 1.300000000000000044e-01
2.595012984742199880e-01 8.199520169967253747e-01 1.000000000000000000e+00 1.545772984496300850e-01 1.833705017938648041e+00 3.428000000000000000e+03 3.479999999999999982e+00 -4.799999999999999822e-01
8.493479702635103878e-02 9.592034733451396677e-01 1.000000000000000000e+00 9.130351966852653378e-01 7.247285019416040974e+00 2.898000000000000000e+03 3.450000000000000178e+00 -1.310000000000000053e+00
6.177644877262493672e-01 3.465237433196053374e-01 1.000000000000000000e+00 9.001432602805495842e-01 8.804693157972341311e+00 3.955000000000000000e+03 3.620000000000000107e+00 -7.000000000000000666e-02
1.101902841415127066e+00 1.676320086638557472e-01 1.000000000000000000e+00 4.065494790828522165e-01 6.361487635942641106e+00 4.456000000000000000e+03 3.669999999999999929e+00 3.499999999999999778e-01
1.125582211133874688e+00 5.779468424631341028e-01 1.000000000000000000e+00 8.882704962754855993e-01 1.302136181667985948e+00 4.456000000000000000e+03 3.669999999999999929e+00 3.499999999999999778e-01
5.215814655694023944e-02 3.939556406681360423e-01 1.000000000000000000e+00 7.859857962587841751e-01 1.060670396703095975e+01 2.824000000000000000e+03 3.529999999999999805e+00 -1.649999999999999911e+00
5.283400024640168002e-01 5.768489174803080877e-01 1.000000000000000000e+00 5.239678614040648164e-01 7.799914672437498808e+00 3.802000000000000000e+03 3.589999999999999858e+00 -1.799999999999999933e-01
5.932572751843664394e-01 5.819940952514712773e-01 1.000000000000000000e+00 3.195868819092693158e-01 6.048123825983013013e+00 3.955000000000000000e+03 3.620000000000000107e+00 -7.000000000000000666e-02
4.920986305844042286e-01 4.956637322585282224e-01 1.000000000000000000e+00 5.395600035850256493e-01 6.360079127690044132e+00 3.802000000000000000e+03 3.589999999999999858e+00 -1.799999999999999933e-01
6.843623586417264537e-01 6.182167669204206017e-01 1.000000000000000000e+00 9.539756282489033623e-01 3.875020964762499354e+00 4.078000000000000000e+03 3.629999999999999893e+00 4.000000000000000083e-02
6.866131248703484236e-01 2.675618542511373210e-01 1.000000000000000000e+00 4.223170587916086349e-01 6.597796546675851026e+00 4.078000000000000000e+03 3.629999999999999893e+00 4.000000000000000083e-02
2.792106174725521028e-01 3.253054148012690661e-03 1.000000000000000000e+00 2.009347312191865909e-01 6.120287787839767013e+00 3.428000000000000000e+03 3.479999999999999982e+00 -4.799999999999999822e-01
7.703647214230141538e-01 1.732948697503190472e-01 1.000000000000000000e+00 8.940349183573534919e-01 3.337912329132047606e+00 4.192000000000000000e+03 3.649999999999999911e+00 1.300000000000000044e-01
2.017396372436880136e-01 2.730332798243901848e-01 1.000000000000000000e+00 5.601948153995043311e-01 3.871613935968451159e+00 3.226000000000000000e+03 3.379999999999999893e+00 -6.600000000000000311e-01
6.794078623878049283e-01 7.575279160593242356e-01 1.000000000000000000e+00 4.808101879474153684e-01 6.753820406285223399e+00 4.078000000000000000e+03 3.629999999999999893e+00 4.000000000000000083e-02
1.072817329112998763e+00 8.149611886602792232e-01 1.000000000000000000e+00 8.654561787517897065e-01 6.272156672557974488e+00 4.456000000000000000e+03 3.669999999999999929e+00 3.499999999999999778e-01
1.547560236487662166e+00 3.420519478339626440e-01 1.000000000000000000e+00 2.676403177113151344e-03 7.989192161248196200e+00 4.902301301361680089e+03 3.709000000000000075e+00 4.295364267648873025e+00
4.216766466500704996e-02 4.604670824054158951e-01 1.000000000000000000e+00 3.086328786624022991e-01 7.004889079936752694e+00 2.779000000000000000e+03 3.569999999999999840e+00 -1.810000000000000053e+00
5.078365346940257874e-01 9.843425362720624738e-01 1.000000000000000000e+00 8.602901049609077422e-01 4.887184726634225207e+00 3.802000000000000000e+03 3.589999999999999858e+00 -1.799999999999999933e-01
2.933675106493443541e-01 4.265087192385863535e-02 1.000000000000000000e+00 5.833600711000208605e-02 4.137573778973060890e+00 3.428000000000000000e+03 3.479999999999999982e+00 -4.799999999999999822e-01
1.049719911942339712e+00 3.204334075431525264e-03 1.000000000000000000e+00 6.328771766393928022e-01 4.482960587659944984e+00 4.377000000000000000e+03 3.660000000000000142e+00 2.800000000000000266e-01
3.982009514358642033e-02 8.725231442313140517e-01 1.000000000000000000e+00 4.971214481555553677e-01 1.828634977926133054e+00 2.779000000000000000e+03 3.569999999999999840e+00 -1.810000000000000053e+00
6.782384991133766361e-01 3.110416460147678031e-01 1.000000000000000000e+00 2.542416005514824828e-02 7.139562517093978045e+00 4.078000000000000000e+03 3.629999999999999893e+00 4.000000000000000083e-02
5.122736519329955662e-01 9.068499188881241624e-01 1.000000000000000000e+00 7.160890636920195229e-01 7.737471307785247276e+00 3.802000000000000000e+03 3.589999999999999858e+00 -1.799999999999999933e-01
7.726398071820961277e-01 9.063572577471180614e-01 1.000000000000000000e+00 5.898197062135566160e-01 8.416272441227832246e+00 4.192000000000000000e+03 3.649999999999999911e+00 1.300000000000000044e-01
2.211658460353460587e-01 4.983185404006224006e-01 1.000000000000000000e+00 6.899675448949574852e-01 5.598532062547561416e+00 3.226000000000000000e+03 3.379999999999999893e+00 -6.600000000000000311e-01
8.510555764726714933e-01 8.050931150181762641e-01 1.000000000000000000e+00 6.398023842072808609e-02 8.523179844960193208e+00 4.290000000000000000e+03 3.660000000000000142e+00 2.099999999999999922e-01
5.706571753053389928e-01 8.496291299444266309e-01 1.000000000000000000e+00 5.260463854810030204e-01 5.486312849018052162e+00 3.955000000000000000e+03 3.620000000000000107e+00 -7.000000000000000666e-02
1.263984329767575021e+00 4.760752324126280577e-01 1.000000000000000000e+00 9.269050737593239608e-01 3.456845295360245540e+00 4.596000000000000000e+03 3.680000000000000160e+00 4.699999999999999734e-01
7.345245598376377583e-01 3.950358845388893814e-01 1.000000000000000000e+00 4.057847522930799755e-01 8.487285014695265417e+00 4.078000000000000000e+03 3.629999999999999893e+00 4.000000000000000083e-02
2.299974589112107615e-01 1.783799722499072038e-01 1.000000000000000000e+00 2.168584549247585258e-01 2.575388060093959819e+00 3.226000000000000000e+03 3.379999999999999893e+00 -6.600000000000000311e-01
4.035866400800555698e-01 5.236866590055657689e-01 1.000000000000000000e+00 1.278650653156655492e-01 6.754762380604216965e+00 3.634000000000000000e+03 3.540000000000000036e+00 -3.200000000000000067e-01
8.153565298668429273e-01 7.787328835890234835e-01 1.000000000000000000e+00 5.765548034614629280e-01 8.145287508622995887e+00 4.192000000000000000e+03 3.649999999999999911e+00 1.300000000000000044e-01
5.278306267120361217e-02 4.040212552126267731e-01 1.000000000000000000e+00 9.269325555138523409e-01 7.453769040835080517e+00 2.824000000000000000e+03 3.529999999999999805e+00 -1.649999999999999911e+00
7.043744394546168353e-02 1.942556621094825298e-01 1.000000000000000000e+00 5.008499903128990072e-01 8.951167746111256207e+00 2.897000000000000000e+03 3.490000000000000213e+00 -1.409999999999999920e+00
5.299592467135935125e-01 4.756385266210484408e-01 1.000000000000000000e+00 5.075502328199985591e-01 8.345716892927729447e+00 3.802000000000000000e+03 3.589999999999999858e+00 -1.799999999999999933e-01
2.874256163141911680e-01 5.195575927419473494e-01 1.000000000000000000e+00 5.129008175448829254e-01 1.316800361589562485e+00 3.428000000000000000e+03 3.479999999999999982e+00 -4.799999999999999822e-01
1.308982660965064992e+00 8.109932605427461194e-01 1.000000000000000000e+00 3.273319772352180079e-01 4.275246687316698768e+00 4.596000000000000000e+03 3.680000000000000160e+00 4.699999999999999734e-01
8.800467694085066794e-01 5.993427207189849781e-02 1.000000000000000000e+00 2.989379189233953849e-01 2.231901681168685592e+00 4.290000000000000000e+03 3.660000000000000142e+00 2.099999999999999922e-01
1.040659713720221841e-01 7.758782190539627033e-01 1.000000000000000000e+00 3.629704325048166424e-02 1.134510120543887890e+00 2.936000000000000000e+03 3.430000000000000160e+00 -1.169999999999999929e+00
5.276282336203130807e-01 6.450437261543969791e-01 1.000000000000000000e+00 2.888146053065727692e-01 7.321969993772697194e+00 3.802000000000000000e+03 3.589999999999999858e+00 -1.799999999999999933e-01
8.641751741090535344e-01 7.342562810754257319e-01 1.000000000000000000e+00 9.844016849342808184e-01 8.226077949753504370e+00 4.290000000000000000e+03 3.660000000000000142e+00 2.099999999999999922e-01
3.027419985404465330e-01 6.013175502842486031e-01 1.000000000000000000e+00 4.757036956214381052e-01 4.850966101683255260e+00 3.428000000000000000e+03 3.479999999999999982e+00 -4.799999999999999822e-01
3.236229869939202253e-01 1.843331776360714880e-01 1.000000000000000000e+00 8.644165640896835923e-01 6.501161101911256956e+00 3.428000000000000000e+03 3.479999999999999982e+00 -4.799999999999999822e-01
9.849815844120206609e-01 1.634257002028999262e-01 1.000000000000000000e+00 8.182331299862893870e-01 5.423933511656987783e+00 4.377000000000000000e+03 3.660000000000000142e+00 2.800000000000000266e-01
2.471662878794786133e-01 7.751868783454850531e-01 1.000000000000000000e+00 3.077207445080282211e-01 7.124617866460617677e+00 3.226000000000000000e+03 3.379999999999999893e+00 -6.600000000000000311e-01
3.036765394105283011e-01 6.277396252984754899e-01 1.000000000000000000e+00 9.744098370433157408e-01 3.063468161911651499e+00 3.428000000000000000e+03 3.479999999999999982e+00 -4.799999999999999822e-01
2.001538935872761438e-01 7.856949507616899364e-01 1.000000000000000000e+00 5.717456738967855445e-01 3.216805869396083484e+00 3.226000000000000000e+03 3.379999999999999893e+00 -6.600000000000000311e-01
3.044834440206790060e-01 4.934805521127871852e-02 1.000000000000000000e+00 8.167299473200260174e-01 8.945539744482537969e+00 3.428000000000000000e+03 3.479999999999999982e+00 -4.799999999999999822e-01
9.642596926924243972e-01 7.359203457750684851e-02 1.000000000000000000e+00 2.860302225018146460e-01 6.061907073962380821e+00 4.377000000000000000e+03 3.660000000000000142e+00 2.800000000000000266e-01
1.734988352528543221e+00 7.548625822708979749e-01 1.000000000000000000e+00 4.945082681288796023e-01 7.393493299179224820e+00 4.991142851656183666e+03 3.706999999999999851e+00 5.223961889991197260e+00
8.220238347190648998e-02 4.807328897623397435e-01 1.000000000000000000e+00 5.122189748472635307e-01 2.608778943244131732e+00 2.898000000000000000e+03 3.450000000000000178e+00 -1.310000000000000053e+00
9.693595583952376027e-02 7.864494349926531847e-03 1.000000000000000000e+00 8.524278237156068805e-01 5.614956444189536100e+00 2.936000000000000000e+03 3.430000000000000160e+00 -1.169999999999999929e+00
1.006697058023311442e+00 4.556035815637294872e-01 1.000000000000000000e+00 5.728697960095130437e-01 4.692425005638421354e+00 4.377000000000000000e+03 3.660000000000000142e+00 2.800000000000000266e-01
1.066986714146986426e+00 8.429583534616096330e-01 1.000000000000000000e+00 5.019064697302190181e-01 2.680224750143192836e+00 4.456000000000000000e+03 3.669999999999999929e+00 3.499999999999999778e-01
6.970757171839910837e-01 2.815563326953484102e-01 1.000000000000000000e+00 5.354871905255259579e-01 5.298824269934566900e+00 4.078000000000000000e+03 3.629999999999999893e+00 4.000000000000000083e-02
1.074353600195381953e+00 1.215708223871930782e-01 1.000000000000000000e+00 8.629559321984202613e-01 3.756712737937668578e+00 4.456000000000000000e+03 3.669999999999999929e+00 3.499999999999999778e-01
8.123240084973734065e-01 9.218935385352104994e-01 1.000000000000000000e+00 1.668694112538372520e-01 3.656657228859930164e+00 4.192000000000000000e+03 3.649999999999999911e+00 1.300000000000000044e-01
8.450444160476540123e-01 3.100114903703210523e-02 1.000000000000000000e+00 4.420133230013778558e-02 5.672630457394619796e+00 4.192000000000000000e+03 3.649999999999999911e+00 1.300000000000000044e-01
6.911076011237746730e-01 1.699996823286933356e-01 1.000000000000000000e+00 1.892518642184448652e-02 6.649812975659979308e+00 4.078000000000000000e+03 3.629999999999999893e+00 4.000000000000000083e-02
1.204772444246700713e+00 7.721679900762290494e-02 1.000000000000000000e+00 8.288388749887100060e-01 1.309107768073926259e+00 4.529000000000000000e+03 3.680000000000000160e+00 4.099999999999999756e-01
9.436874733275475435e-01 2.433848031922357658e-01 1.000000000000000000e+00 1.923686671852556929e-01 3.699583566430455051e+00 4.290000000000000000e+03 3.660000000000000142e+00 2.099999999999999922e-01
4.897174142621250614e-01 9.475932551322668873e-01 1.000000000000000000e+00 7.645651618706690300e-01 6.693742111853835830e+00 3.802000000000000000e+03 3.589999999999999858e+00 -1.799999999999999933e-01
5.478760034705925513e-02 5.795957742135344759e-01 1.000000000000000000e+00 9.713409752771757777e-01 8.648494821179101066e+00 2.824000000000000000e+03 3.529999999999999805e+00 -1.649999999999999911e+00
8.989138038705113409e-01 1.748223008661901057e-01 1.000000000000000000e+00 7.732710555531914220e-01 3.259828046347620578e+00 4.290000000000000000e+03 3.660000000000000142e+00 2.099999999999999922e-01
8.771810068945703476e-01 9.712874638664659166e-01 1.000000000000000000e+00 8.072974834392371291e-01 4.835505027909958287e+00 4.290000000000000000e+03 3.660000000000000142e+00 2.099999999999999922e-01
8.541030101312154788e-01 1.498762366615263852e-01 1.000000000000000000e+00 3.460103934134090009e-01 6.116447372927349413e+00 4.290000000000000000e+03 3.660000000000000142e+00 2.099999999999999922e-01
7.736813447234580643e-01 1.951232436739265275e-01 1.000000000000000000e+00 5.849196360416157869e-01 9.141346585610772735e+00 4.192000000000000000e+03 3.649999999999999911e+00 1.300000000000000044e-01
8.200913667374473137e-01 1.490758865131869282e-01 1.000000000000000000e+00 6.236592772770710447e-02 4.771492869574645468e+00 4.192000000000000000e+03 3.649999999999999911e+00 1.300000000000000044e-01
1.098117413511893847e+00 4.320713578265471533e-01 1.000000000000000000e+00 8.423614750178296529e-01 6.082413026769812880e+00 4.456000000000000000e+03 3.669999999999999929e+00 3.499999999999999778e-01
1.056977460960841775e+00 6.970692451387791033e-01 1.000000000000000000e+00 3.854032438443885100e-01 2.621055822396154866e+00 4.456000000000000000e+03 3.669999999999999929e+00 3.499999999999999778e-01
2.734152271960135772e-01 6.610559334756309635e-01 1.000000000000000000e+00 8.528037318820869128e-01 3.652729856050188850e+00 3.428000000000000000e+03 3.479999999999999982e+00 -4.799999999999999822e-01
2.567752685833001869e-01 1.037650500434295076e-01 1.000000000000000000e+00 8.868842634215660103e-01 3.024840264914465227e+00 3.428000000000000000e+03 3.479999999999999982e+00 -4.799999999999999822e-01
1.137796472657400804e+00 4.429560078123828681e-02 1.000000000000000000e+00 7.415187035444924524e-01 8.124968894063197666e+00 4.456000000000000000e+03 3.669999999999999929e+00 3.499999999999999778e-01
3.180204635831855309e-01 6.370516899955736001e-01 1.000000000000000000e+00 4.232741989147374984e-01 4.614469562166329197e+00 3.428000000000000000e+03 3.479999999999999982e+00 -4.799999999999999822e-01
3.354630636174742997e-01 9.573953775531340860e-02 1.000000000000000000e+00 6.682342061999924088e-01 3.638879715936012893e+00 3.428000000000000000e+03 3.479999999999999982e+00 -4.799999999999999822e-01
8.133744811076657477e-01 9.017517918248862951e-01 1.000000000000000000e+00 2.007933186645752821e-01 4.920880787162396075e+00 4.192000000000000000e+03 3.649999999999999911e+00 1.300000000000000044e-01
4.148313735708482053e-01 7.377041071142356188e-01 1.000000000000000000e+00 7.537106284531223110e-01 5.840762337483361932e+00 3.634000000000000000e+03 3.540000000000000036e+00 -3.200000000000000067e-01
5.226446602759302618e-01 6.377542067249628577e-01 1.000000000000000000e+00 3.638140121399141558e-01 2.752067036903174557e+00 3.802000000000000000e+03 3.589999999999999858e+00 -1.799999999999999933e-01
1.116802913490357207e+00 3.081274969485211512e-01 1.000000000000000000e+00 5.581303559652622814e-01 3.523671227973347975e+00 4.456000000000000000e+03 3.669999999999999929e+00 3.499999999999999778e-01
8.675130242945993109e-01 1.408445744501356511e-01 1.000000000000000000e+00 4.031093108815549941e-01 -1.160746459586235346e+00 4.290000000000000000e+03 3.660000000000000142e+00 2.099999999999999922e-01
3.717302913660544550e-01 4.649597939604156460e-01 1.000000000000000000e+00 6.248752960408237023e-01 3.865053860843266520e+00 3.634000000000000000e+03 3.540000000000000036e+00 -3.200000000000000067e-01
1.092995766039258632e+00 8.575032945160788733e-01 1.000000000000000000e+00 4.237130198635163936e-02 4.738530427610108120e+00 4.456000000000000000e+03 3.669999999999999929e+00 3.499999999999999778e-01
5.416857839205009295e-01 6.987322954805065267e-01 1.000000000000000000e+00 2.231810252986596854e-01 8.242311540040020645e+00 3.802000000000000000e+03 3.589999999999999858e+00 -1.799999999999999933e-01
7.542948286727487739e-01 1.687430763875142903e-01 1.000000000000000000e+00 8.762075335037984303e-01 1.844446755607542343e+00 4.192000000000000000e+03 3.649999999999999911e+00 1.300000000000000044e-01
1.084091798934772255e+00 7.140427491277239191e-01 1.000000000000000000e+00 7.597993852565091411e-01 2.970648228557006831e+00 4.456000000000000000e+03 3.669999999999999929e+00 3.499999999999999778e-01
1.038000443110108861e+00 7.025032820144349044e-01 1.000000000000000000e+00 5.152701021555083916e-02 4.966725665501245501e+00 4.377000000000000000e+03 3.660000000000000142e+00 2.800000000000000266e-01
3.574989073047358246e-01 1.020803098878699799e-01 1.000000000000000000e+00 3.166217280999310546e-01 1.908730561668489312e+00 3.634000000000000000e+03 3.540000000000000036e+00 -3.200000000000000067e-01
1.248234853879104378e+00 4.841904089249838838e-01 1.000000000000000000e+00 2.211542153039237624e-01 3.660032662756435684e+00 4.529000000000000000e+03 3.680000000000000160e+00 4.099999999999999756e-01
6.615062024525981688e-01 1.165713066860647462e-01 1.000000000000000000e+00 5.078686082639927157e-01 7.812543755208069207e+00 4.078000000000000000e+03 3.629999999999999893e+00 4.000000000000000083e-02
3.631125900728575107e-01 6.751354468000103637e-02 1.000000000000000000e+00 2.560349691625942725e-01 4.393289736765953357e+00 3.634000000000000000e+03 3.540000000000000036e+00 -3.200000000000000067e-01
2.355855408588997946e-01 4.139708857470035808e-01 1.000000000000000000e+00 8.477495478540844065e-01 8.136855967848505955e+00 3.226000000000000000e+03 3.379999999999999893e+00 -6.600000000000000311e-01
1.985197015874600734e-01 9.551113078919228894e-01 1.000000000000000000e+00 1.360826315395613495e-01 6.706988167498804998e+00 3.226000000000000000e+03 3.379999999999999893e+00 -6.600000000000000311e-01
1.225066889183507035e+00 7.318596043798406559e-01 1.000000000000000000e+00 6.401741512764669295e-01 8.334026968732919372e+00 4.529000000000000000e+03 3.680000000000000160e+00 4.099999999999999756e-01
5.311081373013045587e-02 4.608404120138522853e-01 1.000000000000000000e+00 8.819078249383571766e-01 3.674551088141946309e+00 2.824000000000000000e+03 3.529999999999999805e+00 -1.649999999999999911e+00
7.354773366032202331e-01 5.506429797966748696e-01 1.000000000000000000e+00 5.426315027519325040e-01 4.551430105663420989e+00 4.078000000000000000e+03 3.629999999999999893e+00 4.000000000000000083e-02
1.083062098817412888e+00 6.469327632768531178e-01 1.000000000000000000e+00 7.292486286329095124e-01 2.692834392240162966e+00 4.456000000000000000e+03 3.669999999999999929e+00 3.499999999999999778e-01
7.415147772206521770e-01 1.707128842495286847e-02 1.000000000000000000e+00 9.055633429955166624e-01 3.930490181277146888e+00 4.078000000000000000e+03 3.629999999999999893e+00 4.000000000000000083e-02
3.236210275835514349e-01 4.427127885367737603e-01 1.000000000000000000e+00 2.258909903447348100e-03 1.131531955414420310e+00 3.428000000000000000e+03 3.479999999999999982e+00 -4.799999999999999822e-01
7.432873264557683379e-01 2.129595012676881449e-01 1.000000000000000000e+00 1.760204320885939699e-01 2.142667917463137783e+00 4.078000000000000000e+03 3.629999999999999893e+00 4.000000000000000083e-02
9.139654156945096197e-01 1.170848173844641904e-01 1.000000000000000000e+00 5.459981778640784489e-01 9.235929303825978209e+00 4.290000000000000000e+03 3.660000000000000142e+00 2.099999999999999922e-01
8.907472598737399272e-01 6.886146613839061459e-02 1.000000000000000000e+00 9.271970291606356218e-01 6.969626108194080238e+00 4.290000000000000000e+03 3.660000000000000142e+00 2.099999999999999922e-01
2.107716208039558947e-01 5.197630389951584107e-01 1.000000000000000000e+00 9.860742374280063727e-01 9.406766548608013423e+00 3.226000000000000000e+03 3.379999999999999893e+00 -6.600000000000000311e-01
1.048599920066973779e+00 6.850794306364950126e-01 1.000000000000000000e+00 9.749740315005109847e-01 9.223371356148803102e+00 4.377000000000000000e+03 3.660000000000000142e+00 2.800000000000000266e-01
7.608696390264890752e-01 1.240274079177494659e-01 1.000000000000000000e+00 2.108065314395599632e-01 6.131574726577428081e+00 4.192000000000000000e+03 3.649999999999999911e+00 1.300000000000000044e-01
6.452013995245874101e-02 2.702263322184860206e-01 1.000000000000000000e+00 7.510858903826980182e-01 4.455058784760939083e+00 2.864000000000000000e+03 3.520000000000000018e+00 -1.530000000000000027e+00
1.138094815461644149e+00 3.446402200704461460e-01 1.000000000000000000e+00 8.923839593098636946e-01 3.546131913158682814e+00 4.456000000000000000e+03 3.669999999999999929e+00 3.499999999999999778e-01
3.323851394119651803e-01 1.315935271488929414e-01 1.000000000000000000e+00 3.290700264369493810e-01 1.231420294886512945e+00 3.428000000000000000e+03 3.479999999999999982e+00 -4.799999999999999822e-01
3.828981195911389523e-01 1.341372138948019321e-01 1.000000000000000000e+00 5.777105771424729808e-01 3.574999151817529253e+00 3.634000000000000000e+03 3.540000000000000036e+00 -3.200000000000000067e-01
3.430165100193238170e-01 1.466519563928334602e-01 1.000000000000000000e+00 4.336887034101617466e-01 5.402708152500142802e+00 3.428000000000000000e+03 3.479999999999999982e+00 -4.799999999999999822e-01
9.062362572854421039e-02 5.219010174210059194e-01 1.000000000000000000e+00 1.845892527036152586e-01 5.101964282856733313e+00 2.908000000000000000e+03 3.419999999999999929e+00 -1.229999999999999982e+00
3.116654298962548975e-01 3.258229548656824681e-01 1.000000000000000000e+00 7.517734625340009025e-01 3.714581916838963771e+00 3.428000000000000000e+03 3.479999999999999982e+00 -4.799999999999999822e-01
7.625772278849712871e-01 4.274183238888258352e-01 1.000000000000000000e+00 7.507371320323560360e-01 4.821435709156522087e+00 4.192000000000000000e+03 3.649999999999999911e+00 1.300000000000000044e-01
5.762865727434601792e-01 6.381232603810486070e-01 1.000000000000000000e+00 9.214929525915360742e-02 2.880784431289942216e+00 3.955000000000000000e+03 3.620000000000000107e+00 -7.000000000000000666e-02
2.215420628141632486e-01 8.480735053343587682e-01 1.000000000000000000e+00 8.033738350904030545e-01 3.609075556497295612e+00 3.226000000000000000e+03 3.379999999999999893e+00 -6.600000000000000311e-01
2.523442938961332760e-01 2.844235752073822621e-01 1.000000000000000000e+00 8.481415417092696973e-02 9.571543890592323578e+00 3.428000000000000000e+03 3.479999999999999982e+00 -4.799999999999999822e-01
1.173051891696110571e+00 5.972680297786756576e-01 1.000000000000000000e+00 2.381060851686227497e-01 4.975474831098055439e+00 4.529000000000000000e+03 3.680000000000000160e+00 4.099999999999999756e-01
9.154900934701002413e-01 2.228450830862369614e-01 1.000000000000000000e+00 8.004134979998633881e-01 2.110794819201974093e+00 4.290000000000000000e+03 3.660000000000000142e+00 2.099999999999999922e-01
8.514001255346079766e-01 3.376284688325337235e-01 1.000000000000000000e+00 5.510978592296825740e-01 7.440273186093676827e+00 4.290000000000000000e+03 3.660000000000000142e+00 2.099999999999999922e-01
3.400291563045961807e-01 4.977407865418496113e-01 1.000000000000000000e+00 6.802857250485790930e-01 5.745247054804520026e+00 3.428000000000000000e+03 3.479999999999999982e+00 -4.799999999999999822e-01
6.927145874138668225e-01 4.201883686286744801e-01 1.000000000000000000e+00 2.828113560416187777e-01 2.642436292859434044e+00 4.078000000000000000e+03 3.629999999999999893e+00 4.000000000000000083e-02
6.644025665133906910e-01 7.321479006124615996e-01 1.000000000000000000e+00 2.246837913275478993e-01 6.278521786520267156e+00 4.078000000000000000e+03 3.629999999999999893e+00 4.000000000000000083e-02
1.042420809379615676e+00 8.112558854620997018e-01 1.000000000000000000e+00 4.600136075791807500e-01 4.290253340457024223e+00 4.377000000000000000e+03 3.660000000000000142e+00 2.800000000000000266e-01
8.680973021397696554e-01 2.462266682461388134e-01 1.000000000000000000e+00 6.190703545000453278e-02 3.126104449223629622e+00 4.290000000000000000e+03 3.660000000000000142e+00 2.099999999999999922e-01
4.300692694775342662e-01 9.253672839290313368e-01 1.000000000000000000e+00 8.926671855024487234e-01 4.857623123874965643e+00 3.634000000000000000e+03 3.540000000000000036e+00 -3.200000000000000067e-01
2.690928695840346524e-02 8.909385980350009726e-01 1.000000000000000000e+00 1.297514887260037275e-01 7.471498164249650742e+00 2.710000000000000000e+03 3.569999999999999840e+00 -1.979999999999999982e+00
1.092580274549989516e+00 1.268809723227466435e-01 1.000000000000000000e+00 8.629724619163644528e-01 3.174845420467549140e+00 4.456000000000000000e+03 3.669999999999999929e+00 3.499999999999999778e-01
7.714584542401125011e-01 9.686188285510359819e-01 1.000000000000000000e+00 8.322739524285736046e-01 7.561057191846021652e+00 4.192000000000000000e+03 3.649999999999999911e+00 1.300000000000000044e-01
8.962699106366953661e-01 6.503239220381655805e-01 1.000000000000000000e+00 2.328042278855805280e-01 8.333066162482005268e+00 4.290000000000000000e+03 3.660000000000000142e+00 2.099999999999999922e-01
1.008507599360461304e+00 4.042635373914218455e-01 1.000000000000000000e+00 3.769128080684033266e-01 7.730585506548227848e+00 4.377000000000000000e+03 3.660000000000000142e+00 2.800000000000000266e-01
3.312082413033080597e-01 1.807468232189637369e-01 1.000000000000000000e+00 4.960571316270445674e-02 7.167565279040916337e+00 3.428000000000000000e+03 3.479999999999999982e+00 -4.799999999999999822e-01
1.001372444278197493e+00 4.562815270158235847e-01 1.000000000000000000e+00 9.776371863344932578e-01 8.742787748346733778e+00 4.377000000000000000e+03 3.660000000000000142e+00 2.800000000000000266e-01
9.171094040338886311e-01 9.897647430404599156e-02 1.000000000000000000e+00 6.805648859505152304e-01 6.783029493372114693e+00 4.290000000000000000e+03 3.660000000000000142e+00 2.099999999999999922e-01
5.422091585995191254e-01 8.507510169468095462e-01 1.000000000000000000e+00 1.195294506069770613e-01 1.019873671554417882e+01 3.802000000000000000e+03 3.589999999999999858e+00 -1.799999999999999933e-01
7.349252009296772803e-01 8.869259017158980241e-01 1.000000000000000000e+00 9.840728099915422300e-01 5.700178707501841302e+00 4.078000000000000000e+03 3.629999999999999893e+00 4.000000000000000083e-02
1.125932899805220044e+00 5.465069099830046628e-01 1.000000000000000000e+00 2.665358155325148193e-02 1.605939217882323078e+00 4.456000000000000000e+03 3.669999999999999929e+00 3.499999999999999778e-01
2.010049656119900219e-01 6.048418344856562046e-01 1.000000000000000000e+00 6.733112674039750667e-01 3.200577065811521571e+00 3.226000000000000000e+03 3.379999999999999893e+00 -6.600000000000000311e-01
8.681253723599989813e-01 7.903827443743182135e-01 1.000000000000000000e+00 4.630471494685280964e-01 7.433563171522119539e+00 4.290000000000000000e+03 3.660000000000000142e+00 2.099999999999999922e-01
6.034244320653580074e-01 8.213394949477669238e-01 1.000000000000000000e+00 1.857355431617206953e-01 7.834541602362454782e+00 3.955000000000000000e+03 3.620000000000000107e+00 -7.000000000000000666e-02
8.711683899560702660e-01 5.519372354183750273e-01 1.000000000000000000e+00 8.797062998380484888e-01 9.933295236570826248e+00 4.290000000000000000e+03 3.660000000000000142e+00 2.099999999999999922e-01
7.764805063460484824e-01 9.486314971632346937e-01 1.000000000000000000e+00 8.944670083896899548e-02 6.187245511304213963e+00 4.192000000000000000e+03 3.649999999999999911e+00 1.300000000000000044e-01
1.028337124851025575e+00 4.418241349113016803e-02 1.000000000000000000e+00 2.846048015399910147e-01 4.425500331111891228e-01 4.377000000000000000e+03 3.660000000000000142e+00 2.800000000000000266e-01
6.791982044035577148e-01 2.053552285293092083e-01 1.000000000000000000e+00 1.176565582060440374e-01 4.944437404704745020e+00 4.078000000000000000e+03 3.629999999999999893e+00 4.000000000000000083e-02
2.312124499793791199e-01 8.167767217871620966e-01 1.000000000000000000e+00 4.158686877658220871e-01 2.365445962520006606e+00 3.226000000000000000e+03 3.379999999999999893e+00 -6.600000000000000311e-01
7.841571043974402411e-01 3.926566555264093816e-01 1.000000000000000000e+00 5.009102915766392439e-01 4.060189581349306742e+00 4.192000000000000000e+03 3.649999999999999911e+00 1.300000000000000044e-01
5.497076099935074289e-01 3.724569154671897309e-03 1.000000000000000000e+00 7.253987248029903911e-01 4.160343368127431773e+00 3.802000000000000000e+03 3.589999999999999858e+00 -1.799999999999999933e-01
4.254424471956447795e-01 4.394748510340629188e-01 1.000000000000000000e+00 9.139327449806555759e-02 4.878662440419518020e+00 3.634000000000000000e+03 3.540000000000000036e+00 -3.200000000000000067e-01
3.243294601610793859e-01 8.086297324661589903e-01 1.000000000000000000e+00 1.879036032113226007e-01 5.612182785687748421e+00 3.428000000000000000e+03 3.479999999999999982e+00 -4.799999999999999822e-01
8.610342652660557539e-02 2.214719305244479131e-01 1.000000000000000000e+00 1.493142096048744039e-01 5.678085363855854162e+00 2.908000000000000000e+03 3.419999999999999929e+00 -1.229999999999999982e+00
6.800883854868684797e-02 6.713473472067993386e-01 1.000000000000000000e+00 2.626452380999311220e-01 7.623889049287747355e+00 2.897000000000000000e+03 3.490000000000000213e+00 -1.409999999999999920e+00
2.698008933550738800e-02 2.991709620224873856e-01 1.000000000000000000e+00 9.015821307109997962e-01 3.898962119978356178e+00 2.710000000000000000e+03 3.569999999999999840e+00 -1.979999999999999982e+00
6.287436325620776589e-01 6.294392540732622887e-01 1.000000000000000000e+00 6.893188377052795746e-01 4.053618574207583869e+00 3.955000000000000000e+03 3.620000000000000107e+00 -7.000000000000000666e-02
6.110420253648801703e-01 5.096952154660745471e-01 1.000000000000000000e+00 7.677536015524272228e-01 4.475901998717548125e+00 3.955000000000000000e+03 3.620000000000000107e+00 -7.000000000000000666e-02
4.196913730891895233e-01 6.706255201672635113e-01 1.000000000000000000e+00 1.333599483462633017e-02 1.040645951500669852e+01 3.634000000000000000e+03 3.540000000000000036e+00 -3.200000000000000067e-01
2.636791892198048770e-01 9.796426646715800102e-01 1.000000000000000000e+00 2.153719908863682697e-01 6.667451977898188886e+00 3.428000000000000000e+03 3.479999999999999982e+00 -4.799999999999999822e-01
3.577086399386239512e-01 3.293971743652265305e-01 1.000000000000000000e+00 6.196265557135344215e-01 3.517445306278675687e+00 3.634000000000000000e+03 3.540000000000000036e+00 -3.200000000000000067e-01
9.440286747782550281e-01 9.624197505870492053e-01 1.000000000000000000e+00 4.881165100009605684e-01 4.818305447474892311e+00 4.290000000000000000e+03 3.660000000000000142e+00 2.099999999999999922e-01
7.243402902448639047e-01 5.950355181658044668e-01 1.000000000000000000e+00 8.834654713682962290e-01 6.173899172512269828e+00 4.078000000000000000e+03 3.629999999999999893e+00 4.000000000000000083e-02
1.944665863874855682e-01 2.406141032830503290e-01 1.000000000000000000e+00 5.545957557695722073e-01 5.135251885717251774e+00 3.226000000000000000e+03 3.379999999999999893e+00 -6.600000000000000311e-01
7.751685202973418454e-01 4.302328835754207770e-01 1.000000000000000000e+00 4.974509255227863580e-01 1.760937834881032948e+00 4.192000000000000000e+03 3.649999999999999911e+00 1.300000000000000044e-01
3.951490792849240985e-01 3.562554361482072052e-01 1.000000000000000000e+00 3.167982592890324911e-01 3.310033447021314856e+00 3.634000000000000000e+03 3.540000000000000036e+00 -3.200000000000000067e-01
5.026091285763224503e-01 1.839422411626913112e-01 1.000000000000000000e+00 4.067453797373493662e-01 4.604703712607533639e+00 3.802000000000000000e+03 3.589999999999999858e+00 -1.799999999999999933e-01
8.840651064959345051e-01 6.480647806608947903e-01 1.000000000000000000e+00 2.756643232920362729e-01 4.268494558268529637e+00 4.290000000000000000e+03 3.660000000000000142e+00 2.099999999999999922e-01
8.936070759824793486e-01 2.437719099000001943e-01 1.000000000000000000e+00 2.497576240770720268e-01 5.642120221607345165e+00 4.290000000000000000e+03 3.660000000000000142e+00 2.099999999999999922e-01
8.176856252853060836e-01 3.831237984398550012e-04 1.000000000000000000e+00 8.234537087792036525e-01 5.390725524653955603e+00 4.192000000000000000e+03 3.649999999999999911e+00 1.300000000000000044e-01
7.088554990894332386e-01 8.767948039088401258e-01 1.000000000000000000e+00 6.529515049157947892e-01 4.120095356486994653e+00 4.078000000000000000e+03 3.629999999999999893e+00 4.000000000000000083e-02
4.379209034596168726e-01 2.545700158799213408e-02 1.000000000000000000e+00 8.921171399520345657e-01 4.663705215823736872e+00 3.634000000000000000e+03 3.540000000000000036e+00 -3.200000000000000067e-01
6.584581105150274505e-01 5.997918320305173356e-02 1.000000000000000000e+00 7.077860916880663877e-01 6.623149083162751971e+00 4.078000000000000000e+03 3.629999999999999893e+00 4.000000000000000083e-02
4.279923571328473897e-01 3.990286830313487521e-01 1.000000000000000000e+00 1.327146289241656341e-01 7.521082790118096106e+00 3.634000000000000000e+03 3.540000000000000036e+00 -3.200000000000000067e-01
2.002969762750048122e-01 8.971863301463847140e-01 1.000000000000000000e+00 1.762056503338730318e-01 3.072184424334847286e+00 3.226000000000000000e+03 3.379999999999999893e+00 -6.600000000000000311e-01
1.111392406226814789e+00 8.974023055232230872e-01 1.000000000000000000e+00 3.133732405507558827e-01 5.618151571620231266e+00 4.456000000000000000e+03 3.669999999999999929e+00 3.499999999999999778e-01
1.018052846777199649e+00 8.019671457892122435e-01 1.000000000000000000e+00 2.216383677596889257e-02 5.248628879285035076e+00 4.377000000000000000e+03 3.660000000000000142e+00 2.800000000000000266e-01
8.602032191758676172e-01 8.476755465203806850e-01 1.000000000000000000e+00 8.963307868654610822e-01 3.283855566676162852e+00 4.290000000000000000e+03 3.660000000000000142e+00 2.099999999999999922e-01
6.603830296967154456e-02 1.564328671062150677e-01 1.000000000000000000e+00 7.840611311947440765e-01 5.712952548028278343e+00 2.897000000000000000e+03 3.490000000000000213e+00 -1.409999999999999920e+00
1.197692534038091505e+00 4.107957960281519716e-01 1.000000000000000000e+00 1.560607285929795918e-01 5.303375431613543967e+00 4.529000000000000000e+03 3.680000000000000160e+00 4.099999999999999756e-01
4.507731621041605186e-01 7.288532111721295337e-01 1.000000000000000000e+00 6.617297087855156246e-02 8.242791885527537943e+00 3.802000000000000000e+03 3.589999999999999858e+00 -1.799999999999999933e-01
6.991308789295872517e-01 4.282109774819325976e-01 1.000000000000000000e+00 1.770907995078278008e-01 2.832814053506079066e+00 4.078000000000000000e+03 3.629999999999999893e+00 4.000000000000000083e-02
9.850974971854806750e-01 2.012675180092324823e-01 1.000000000000000000e+00 3.292236361833681402e-01 5.380580097557631447e+00 4.377000000000000000e+03 3.660000000000000142e+00 2.800000000000000266e-01
1.127291948729143956e+00 8.564436154412788937e-01 1.000000000000000000e+00 6.738458752440416033e-01 4.576101876858255757e+00 4.456000000000000000e+03 3.669999999999999929e+00 3.499999999999999778e-01
5.393315237242116700e-01 5.126261017345750126e-01 1.000000000000000000e+00 4.549905517598329396e-01 5.945071646035950508e+00 3.802000000000000000e+03 3.589999999999999858e+00 -1.799999999999999933e-01
1.191124664223208063e+00 4.100260482096139691e-01 1.000000000000000000e+00 4.795979907609901893e-01 7.185989284494969986e+00 4.529000000000000000e+03 3.680000000000000160e+00 4.099999999999999756e-01
1.888869034418358128e-01 6.398140096455382508e-01 1.000000000000000000e+00 3.928831312907464790e-01 4.109168474824850037e+00 3.226000000000000000e+03 3.379999999999999893e+00 -6.600000000000000311e-01
1.066467393800924146e+00 2.186413207952406790e-01 1.000000000000000000e+00 2.446615650358423544e-01 5.205997928542839936e+00 4.456000000000000000e+03 3.669999999999999929e+00 3.499999999999999778e-01
5.672329918310478059e-01 8.867953026600631228e-01 1.000000000000000000e+00 1.114811024947249818e-01 4.759372587201356808e+00 3.955000000000000000e+03 3.620000000000000107e+00 -7.000000000000000666e-02
1.137234609308488853e+00 9.724322777554194053e-01 1.000000000000000000e+00 2.507288764355907196e-01 2.630015783945000241e+00 4.456000000000000000e+03 3.669999999999999929e+00 3.499999999999999778e-01
6.644583932847855090e-01 3.601784894001913706e-02 1.000000000000000000e+00 8.540469173660130142e-01 5.079937220323422764e-01 4.078000000000000000e+03 3.629999999999999893e+00 4.000000000000000083e-02
3.240948205488903278e-01 2.043105147607043870e-01 1.000000000000000000e+00 4.889069587828944741e-01 3.715828831792123310e+00 3.428000000000000000e+03 3.479999999999999982e+00 -4.799999999999999822e-01
3.182502163520255500e-01 4.484124479669049368e-02 1.000000000000000000e+00 7.767249474705916201e-01 5.805402809106119832e+00 3.428000000000000000e+03 3.479999999999999982e+00 -4.799999999999999822e-01
7.356476095874987520e-01 2.259486319353140038e-01 1.000000000000000000e+00 3.976890687969936167e-01 4.503139147589016567e+00 4.078000000000000000e+03 3.629999999999999893e+00 4.000000000000000083e-02
9.424453163659463062e-01 2.719878467674016198e-01 1.000000000000000000e+00 1.291519037522393942e-01 4.812049091689695857e+00 4.290000000000000000e+03 3.660000000000000142e+00 2.099999999999999922e-01
7.541314475839330234e-01 2.174930414674753898e-01 1.000000000000000000e+00 9.448254833385795193e-01 9.015824089077993264e+00 4.192000000000000000e+03 3.649999999999999911e+00 1.300000000000000044e-01
7.540247068194106950e-01 3.824533881213553199e-01 1.000000000000000000e+00 4.008699792222847336e-04 8.514793932456255376e+00 4.192000000000000000e+03 3.649999999999999911e+00 1.300000000000000044e-01
8.203468378729569244e-01 3.536393052936415149e-02 1.000000000000000000e+00 1.828233487173889227e-01 4.602871872601400405e+00 4.192000000000000000e+03 3.649999999999999911e+00 1.300000000000000044e-01
2.650826253110218356e-01 2.885598947149604632e-01 1.000000000000000000e+00 4.136986941503248971e-01 6.276434944099151814e+00 3.428000000000000000e+03 3.479999999999999982e+00 -4.799999999999999822e-01
1.733714844240335173e+00 8.515273929884824566e-01 1.000000000000000000e+00 1.384601902265983897e-01 3.710117387976775483e+00 4.991142851656183666e+03 3.706999999999999851e+00 5.223961889991197260e+00
1.042455475164507650e+00 9.479086219448287221e-01 1.000000000000000000e+00 5.953745836360135879e-01 7.269189559716526361e+00 4.377000000000000000e+03 3.660000000000000142e+00 2.800000000000000266e-01
9.955937974396783519e-01 4.092252682851814649e-01 1.000000000000000000e+00 2.791918338081206263e-01 3.293830725664035342e+00 4.377000000000000000e+03 3.660000000000000142e+00 2.800000000000000266e-01
4.986181815828718555e-01 7.796850234337409091e-01 1.000000000000000000e+00 3.497721095430826876e-01 7.161015562488461939e+00 3.802000000000000000e+03 3.589999999999999858e+00 -1.799999999999999933e-01
3.463922312297938455e-01 5.846541735064172407e-01 1.000000000000000000e+00 1.648963390711710719e-02 1.774994274780580028e+00 3.428000000000000000e+03 3.479999999999999982e+00 -4.799999999999999822e-01
3.535206654907442902e-01 9.607575759106310453e-01 1.000000000000000000e+00 4.622821922747267775e-01 6.653436742315966157e+00 3.634000000000000000e+03 3.540000000000000036e+00 -3.200000000000000067e-01
2.768442150673059987e-01 2.770545579908959555e-01 1.000000000000000000e+00 2.259030881885436548e-01 7.864534421898705219e+00 3.428000000000000000e+03 3.479999999999999982e+00 -4.799999999999999822e-01
3.104066398983003072e-01 1.621500685744456938e-01 1.000000000000000000e+00 7.006903307129039860e-01 8.663078016652182356e+00 3.428000000000000000e+03 3.479999999999999982e+00 -4.799999999999999822e-01
9.019050454613105616e-01 7.458062109048047006e-01 1.000000000000000000e+00 2.080729072744844643e-01 4.044683508130967553e+00 4.290000000000000000e+03 3.660000000000000142e+00 2.099999999999999922e-01
7.100381706620469968e-01 4.207749913477806247e-01 1.000000000000000000e+00 2.206245500991771413e-01 2.075677840708578525e+00 4.078000000000000000e+03 3.629999999999999893e+00 4.000000000000000083e-02
1.082672351936871724e+00 8.857438201497042085e-01 1.000000000000000000e+00 4.069494283347927510e-01 7.472983453499793427e+00 4.456000000000000000e+03 3.669999999999999929e+00 3.499999999999999778e-01
1.705176562712200194e+00 8.789682156299397642e-01 1.000000000000000000e+00 6.442165640417928385e-01 7.809002515320726978e+00 4.970499105762351064e+03 3.706999999999999851e+00 5.000345349769784065e+00
7.485808482558924393e-01 4.633968128484733384e-01 1.000000000000000000e+00 9.738140174459097853e-02 6.737403247230290049e+00 4.078000000000000000e+03 3.629999999999999893e+00 4.000000000000000083e-02
7.610056149964988803e-01 4.769705000233878112e-01 1.000000000000000000e+00 3.672886231284305802e-01 6.095355387574639572e+00 4.192000000000000000e+03 3.649999999999999911e+00 1.300000000000000044e-01
7.102121001516520371e-01 3.106201042535384760e-01 1.000000000000000000e+00 8.516877615306254201e-01 4.903482525735335606e+00 4.078000000000000000e+03 3.629999999999999893e+00 4.000000000000000083e-02
4.400839805384078596e-01 3.775063221105294797e-01 1.000000000000000000e+00 2.565244972378722954e-01 1.078318475474122451e+01 3.634000000000000000e+03 3.540000000000000036e+00 -3.200000000000000067e-01
1.966060897610275304e-01 8.604248265144537333e-01 1.000000000000000000e+00 9.265050443934590430e-01 4.268599585062713864e+00 3.226000000000000000e+03 3.379999999999999893e+00 -6.600000000000000311e-01
5.791861127004335197e-01 9.189319956620253249e-01 1.000000000000000000e+00 9.656538618793543138e-01 3.293783040518144745e+00 3.955000000000000000e+03 3.620000000000000107e+00 -7.000000000000000666e-02
9.409092940662189264e-01 4.981445667757729012e-01 1.000000000000000000e+00 2.644321427179027184e-01 3.959713325783270399e+00 4.290000000000000000e+03 3.660000000000000142e+00 2.099999999999999922e-01
3.371295030379584112e-01 8.434462378617139100e-01 1.000000000000000000e+00 5.704302343521353569e-01 6.792955301940972745e+00 3.428000000000000000e+03 3.479999999999999982e+00 -4.799999999999999822e-01
2.679086457687288592e-01 4.164740499892557457e-01 1.000000000000000000e+00 7.203728953947734492e-01 6.720742363797291397e+00 3.428000000000000000e+03 3.479999999999999982e+00 -4.799999999999999822e-01
3.000510452184186327e-01 4.814241189162500323e-01 1.000000000000000000e+00 2.671062694670091053e-01 4.391422886164797923e+00 3.428000000000000000e+03 3.479999999999999982e+00 -4.799999999999999822e-01
2.498501079225176613e-01 6.375710965394842944e-01 1.000000000000000000e+00 9.553838209237353052e-01 2.487589031363822922e+00 3.226000000000000000e+03 3.379999999999999893e+00 -6.600000000000000311e-01
2.406112609954204618e-01 8.334576163632892998e-01 1.000000000000000000e+00 1.483849015776815827e-01 6.952109840301679000e+00 3.226000000000000000e+03 3.379999999999999893e+00 -6.600000000000000311e-01
3.840967256419138276e-01 3.045739429062115367e-01 1.000000000000000000e+00 6.901480552015004655e-02 3.419563535781984243e-01 3.634000000000000000e+03 3.540000000000000036e+00 -3.200000000000000067e-01
8.657547998938062150e-01 1.796350663947147153e-01 1.000000000000000000e+00 9.170408020618938671e-01 6.918308008837046330e+00 4.290000000000000000e+03 3.660000000000000142e+00 2.099999999999999922e-01
8.011436671655289832e-01 1.227678152828766134e-01 1.000000000000000000e+00 7.006884538782850447e-01 4.957939114963080485e+00 4.192000000000000000e+03 3.649999999999999911e+00 1.300000000000000044e-01
1.063339490196915982e+00 3.514047413418978083e-01 1.000000000000000000e+00 6.847266962723200789e-01 6.423228734511953419e+00 4.456000000000000000e+03 3.669999999999999929e+00 3.499999999999999778e-01
1.145114508411027243e+00 8.786175786406206223e-01 1.000000000000000000e+00 1.366817184413826602e-01 2.097437950800859596e+00 4.456000000000000000e+03 3.669999999999999929e+00 3.499999999999999778e-01
5.017324984233936247e-01 6.593918046715985248e-02 1.000000000000000000e+00 7.354254892277289901e-01 4.444641758785205177e+00 3.802000000000000000e+03 3.589999999999999858e+00 -1.799999999999999933e-01
7.718594714119257627e-02 1.717085204522026398e-01 1.000000000000000000e+00 9.788741780062206743e-01 2.417187433779012018e+00 2.897000000000000000e+03 3.470000000000000195e+00 -1.360000000000000098e+00
1.055411490250813600e+00 8.799574400334091440e-01 1.000000000000000000e+00 8.738154676844659408e-01 1.516231640699353456e+00 4.456000000000000000e+03 3.669999999999999929e+00 3.499999999999999778e-01
2.575483499852826430e-01 5.073344152679831742e-01 1.000000000000000000e+00 2.323489590649967518e-01 3.886054747107155372e+00 3.428000000000000000e+03 3.479999999999999982e+00 -4.799999999999999822e-01
1.174286329469636625e+00 4.990474767024721814e-01 1.000000000000000000e+00 4.461273888683303657e-02 6.682789295034606170e+00 4.529000000000000000e+03 3.680000000000000160e+00 4.099999999999999756e-01
9.427840249560337504e-01 2.414453412920509745e-01 1.000000000000000000e+00 8.899160317543574061e-01 9.627639799407479160e+00 4.290000000000000000e+03 3.660000000000000142e+00 2.099999999999999922e-01
8.393456668717655944e-01 5.256214540117065681e-02 1.000000000000000000e+00 7.860871802346716120e-01 7.263445130651938086e+00 4.192000000000000000e+03 3.649999999999999911e+00 1.300000000000000044e-01
8.624683203951170052e-01 2.215982006687737815e-01 1.000000000000000000e+00 9.059521893209754317e-02 7.881943153113940781e+00 4.290000000000000000e+03 3.660000000000000142e+00 2.099999999999999922e-01
2.691278373117014233e-01 2.717692314937580900e-01 1.000000000000000000e+00 3.678536356684929398e-01 7.867650228202976770e+00 3.428000000000000000e+03 3.479999999999999982e+00 -4.799999999999999822e-01
3.535419096035981590e-01 6.711749391475383408e-01 1.000000000000000000e+00 3.761658234660014699e-02 7.043743332419005299e+00 3.634000000000000000e+03 3.540000000000000036e+00 -3.200000000000000067e-01
2.647820255129886835e-01 2.468856076627023999e-01 1.000000000000000000e+00 6.581027097099143575e-01 7.660671119702358922e+00 3.428000000000000000e+03 3.479999999999999982e+00 -4.799999999999999822e-01
4.519405038736671876e-01 2.197031688039143837e-01 1.000000000000000000e+00 3.065919416011185783e-01 5.766741474586811300e+00 3.802000000000000000e+03 3.589999999999999858e+00 -1.799999999999999933e-01
7.140746412915152108e-01 4.485787378957490912e-01 1.000000000000000000e+00 4.064343143267012959e-01 3.020284788313499114e+00 4.078000000000000000e+03 3.629999999999999893e+00 4.000000000000000083e-02
7.782037860249820804e-01 1.500185340160057335e-01 1.000000000000000000e+00 2.068984508521043431e-02 6.687332109885341325e+00 4.192000000000000000e+03 3.649999999999999911e+00 1.300000000000000044e-01
3.486175875067962227e-01 1.873755704069068884e-01 1.000000000000000000e+00 4.678581952513163333e-01 7.037128316120086602e+00 3.428000000000000000e+03 3.479999999999999982e+00 -4.799999999999999822e-01
1.143146628930145514e+00 2.703802894046235528e-01 1.000000000000000000e+00 2.132710951084059170e-01 4.068149101096086184e+00 4.456000000000000000e+03 3.669999999999999929e+00 3.499999999999999778e-01
4.613329324290209588e-01 6.186645269105371936e-01 1.000000000000000000e+00 7.992219296861522437e-01 2.575311389602995327e+00 3.802000000000000000e+03 3.589999999999999858e+00 -1.799999999999999933e-01
1.126274132458232158e+00 6.122286804593427556e-01 1.000000000000000000e+00 9.308007831144755606e-01 6.686832537656993480e+00 4.456000000000000000e+03 3.669999999999999929e+00 3.499999999999999778e-01
2.078522985564902337e-01 7.595935652237063573e-01 1.000000000000000000e+00 5.387264903898439927e-01 3.137219693777365759e+00 3.226000000000000000e+03 3.379999999999999893e+00 -6.600000000000000311e-01
3.153210888708520010e-02 3.679068483164172898e-01 1.000000000000000000e+00 4.878181658298134105e-01 8.727530635609864973e+00 2.710000000000000000e+03 3.569999999999999840e+00 -1.979999999999999982e+00
4.722461978199248289e-01 2.761309121053111548e-01 1.000000000000000000e+00 6.659795895821254419e-01 4.941891102446141382e+00 3.802000000000000000e+03 3.589999999999999858e+00 -1.799999999999999933e-01
2.680946948949086139e-01 3.681840771447491001e-01 1.000000000000000000e+00 1.512475467445189015e-01 3.956841008891758715e+00 3.428000000000000000e+03 3.479999999999999982e+00 -4.799999999999999822e-01
3.405958724939330690e-02 1.009985609771724135e-01 1.000000000000000000e+00 9.439046192575152316e-01 5.967940951002733030e+00 2.710000000000000000e+03 3.569999999999999840e+00 -1.979999999999999982e+00
6.603942193346832301e-01 8.147565817144130085e-01 1.000000000000000000e+00 4.666044673423186406e-01 4.416882631880504562e+00 4.078000000000000000e+03 3.629999999999999893e+00 4.000000000000000083e-02
2.925000263797884470e-01 1.267740175016357496e-01 1.000000000000000000e+00 4.535678909090039568e-01 4.310279079683146719e+00 3.428000000000000000e+03 3.479999999999999982e+00 -4.799999999999999822e-01
1.993565606898254350e-01 8.389142566148112268e-01 1.000000000000000000e+00 7.463624843526937003e-01 3.521025443466213822e+00 3.226000000000000000e+03 3.379999999999999893e+00 -6.600000000000000311e-01
