0.000000000000000000e+00 2.516598391571762683e-01 0.000000000000000000e+00 1.000000000000000000e+00 0.000000000000000000e+00 3.226000000000000000e+03 3.379999999999999893e+00 -6.600000000000000311e-01 1.550000000000000000e+02
1.000000000000000000e+00 1.118071366458077254e+00 0.000000000000000000e+00 1.000000000000000000e+00 0.000000000000000000e+00 4.377000000000000000e+03 3.660000000000000142e+00 2.800000000000000266e-01 1.550000000000000000e+02
2.000000000000000000e+00 1.303080897334978561e+00 0.000000000000000000e+00 1.000000000000000000e+00 0.000000000000000000e+00 4.529000000000000000e+03 3.680000000000000160e+00 4.099999999999999756e-01 1.550000000000000000e+02
3.000000000000000000e+00 2.169208773507642629e-01 0.000000000000000000e+00 1.000000000000000000e+00 0.000000000000000000e+00 2.936000000000000000e+03 3.430000000000000160e+00 -1.169999999999999929e+00 1.550000000000000000e+02
4.000000000000000000e+00 1.858210344253177215e-01 0.000000000000000000e+00 1.000000000000000000e+00 0.000000000000000000e+00 2.936000000000000000e+03 3.430000000000000160e+00 -1.169999999999999929e+00 1.550000000000000000e+02
5.000000000000000000e+00 2.093035255882635060e+00 0.000000000000000000e+00 1.000000000000000000e+00 0.000000000000000000e+00 5.127433068882605767e+03 3.693999999999999950e+00 7.211074791828996133e+00 1.550000000000000000e+02
6.000000000000000000e+00 1.375667780262834483e-01 0.000000000000000000e+00 1.000000000000000000e+00 0.000000000000000000e+00 2.908000000000000000e+03 3.419999999999999929e+00 -1.229999999999999982e+00 1.550000000000000000e+02
7.000000000000000000e+00 1.113689593938078648e+00 0.000000000000000000e+00 1.000000000000000000e+00 0.000000000000000000e+00 4.377000000000000000e+03 3.660000000000000142e+00 2.800000000000000266e-01 1.550000000000000000e+02
8.000000000000000000e+00 3.405269950167155169e-01 0.000000000000000000e+00 1.000000000000000000e+00 0.000000000000000000e+00 3.226000000000000000e+03 3.379999999999999893e+00 -6.600000000000000311e-01 1.550000000000000000e+02
9.000000000000000000e+00 4.309432636205014489e-01 0.000000000000000000e+00 1.000000000000000000e+00 0.000000000000000000e+00 3.428000000000000000e+03 3.479999999999999982e+00 -4.799999999999999822e-01 1.550000000000000000e+02
1.000000000000000000e+01 2.198514135093015132e-01 0.000000000000000000e+00 1.000000000000000000e+00 0.000000000000000000e+00 2.936000000000000000e+03 3.430000000000000160e+00 -1.169999999999999929e+00 1.550000000000000000e+02
1.100000000000000000e+01 2.872214380612799767e-01 0.000000000000000000e+00 1.000000000000000000e+00 0.000000000000000000e+00 3.226000000000000000e+03 3.379999999999999893e+00 -6.600000000000000311e-01 1.550000000000000000e+02
1.200000000000000000e+01 3.923668468250995356e-01 0.000000000000000000e+00 1.000000000000000000e+00 0.000000000000000000e+00 3.428000000000000000e+03 3.479999999999999982e+00 -4.799999999999999822e-01 1.550000000000000000e+02
1.300000000000000000e+01 1.153135785979144234e+00 0.000000000000000000e+00 1.000000000000000000e+00 0.000000000000000000e+00 4.456000000000000000e+03 3.669999999999999929e+00 3.499999999999999778e-01 1.550000000000000000e+02
1.400000000000000000e+01 5.654582421947517146e-01 0.000000000000000000e+00 1.000000000000000000e+00 0.000000000000000000e+00 3.802000000000000000e+03 3.589999999999999858e+00 -1.799999999999999933e-01 1.550000000000000000e+02
1.500000000000000000e+01 1.113081935669923528e+00 0.000000000000000000e+00 1.000000000000000000e+00 0.000000000000000000e+00 4.377000000000000000e+03 3.660000000000000142e+00 2.800000000000000266e-01 1.550000000000000000e+02
1.600000000000000000e+01 1.293709397170349717e+00 0.000000000000000000e+00 1.000000000000000000e+00 0.000000000000000000e+00 4.529000000000000000e+03 3.680000000000000160e+00 4.099999999999999756e-01 1.550000000000000000e+02
1.700000000000000000e+01 3.697723031220346290e-01 0.000000000000000000e+00 1.000000000000000000e+00 0.000000000000000000e+00 3.428000000000000000e+03 3.479999999999999982e+00 -4.799999999999999822e-01 1.550000000000000000e+02
1.800000000000000000e+01 2.079194619118897858e-01 0.000000000000000000e+00 1.000000000000000000e+00 0.000000000000000000e+00 2.936000000000000000e+03 3.430000000000000160e+00 -1.169999999999999929e+00 1.550000000000000000e+02
1.900000000000000000e+01 2.539857446450721756e-01 0.000000000000000000e+00 1.000000000000000000e+00 0.000000000000000000e+00 3.226000000000000000e+03 3.379999999999999893e+00 -6.600000000000000311e-01 1.550000000000000000e+02
2.000000000000000000e+01 7.711630194198054733e-01 0.000000000000000000e+00 1.000000000000000000e+00 0.000000000000000000e+00 4.078000000000000000e+03 3.629999999999999893e+00 4.000000000000000083e-02 1.550000000000000000e+02
2.100000000000000000e+01 1.319784300665405308e+00 0.000000000000000000e+00 1.000000000000000000e+00 0.000000000000000000e+00 4.529000000000000000e+03 3.680000000000000160e+00 4.099999999999999756e-01 1.550000000000000000e+02
2.200000000000000000e+01 1.161119536586406875e+00 0.000000000000000000e+00 1.000000000000000000e+00 0.000000000000000000e+00 4.456000000000000000e+03 3.669999999999999929e+00 3.499999999999999778e-01 1.550000000000000000e+02
2.300000000000000000e+01 6.514848105856991811e-01 0.000000000000000000e+00 1.000000000000000000e+00 0.000000000000000000e+00 3.955000000000000000e+03 3.620000000000000107e+00 -7.000000000000000666e-02 1.550000000000000000e+02
2.400000000000000000e+01 1.003676154126642434e-01 0.000000000000000000e+00 1.000000000000000000e+00 0.000000000000000000e+00 2.908000000000000000e+03 3.419999999999999929e+00 -1.229999999999999982e+00 1.550000000000000000e+02
2.500000000000000000e+01 3.051937146877056195e-01 0.000000000000000000e+00 1.000000000000000000e+00 0.000000000000000000e+00 3.226000000000000000e+03 3.379999999999999893e+00 -6.600000000000000311e-01 1.550000000000000000e+02
2.600000000000000000e+01 1.120789662669377851e+00 0.000000000000000000e+00 1.000000000000000000e+00 0.000000000000000000e+00 4.377000000000000000e+03 3.660000000000000142e+00 2.800000000000000266e-01 1.550000000000000000e+02
2.700000000000000000e+01 2.934395886207031290e-01 0.000000000000000000e+00 1.000000000000000000e+00 0.000000000000000000e+00 3.226000000000000000e+03 3.379999999999999893e+00 -6.600000000000000311e-01 1.550000000000000000e+02
2.800000000000000000e+01 1.140738263772414607e+00 0.000000000000000000e+00 1.000000000000000000e+00 0.000000000000000000e+00 4.377000000000000000e+03 3.660000000000000142e+00 2.800000000000000266e-01 1.550000000000000000e+02
2.900000000000000000e+01 2.312431162790087313e-01 0.000000000000000000e+00 1.000000000000000000e+00 0.000000000000000000e+00 2.936000000000000000e+03 3.430000000000000160e+00 -1.169999999999999929e+00 1.550000000000000000e+02
3.000000000000000000e+01 1.113171590126300625e+00 0.000000000000000000e+00 1.000000000000000000e+00 0.000000000000000000e+00 4.377000000000000000e+03 3.660000000000000142e+00 2.800000000000000266e-01 1.550000000000000000e+02
3.100000000000000000e+01 1.035112864731762283e-01 0.000000000000000000e+00 1.000000000000000000e+00 0.000000000000000000e+00 2.908000000000000000e+03 3.419999999999999929e+00 -1.229999999999999982e+00 1.550000000000000000e+02
3.200000000000000000e+01 8.944421439067254953e-01 0.000000000000000000e+00 1.000000000000000000e+00 0.000000000000000000e+00 4.192000000000000000e+03 3.649999999999999911e+00 1.300000000000000044e-01 1.550000000000000000e+02
3.300000000000000000e+01 1.273053009424742088e+00 0.000000000000000000e+00 1.000000000000000000e+00 0.000000000000000000e+00 4.529000000000000000e+03 3.680000000000000160e+00 4.099999999999999756e-01 1.550000000000000000e+02
3.400000000000000000e+01 4.171134737938843040e-01 0.000000000000000000e+00 1.000000000000000000e+00 0.000000000000000000e+00 3.428000000000000000e+03 3.479999999999999982e+00 -4.799999999999999822e-01 1.550000000000000000e+02
3.500000000000000000e+01 1.110650460360333325e+00 0.000000000000000000e+00 1.000000000000000000e+00 0.000000000000000000e+00 4.377000000000000000e+03 3.660000000000000142e+00 2.800000000000000266e-01 1.550000000000000000e+02
3.600000000000000000e+01 1.176246377736083204e+00 0.000000000000000000e+00 1.000000000000000000e+00 0.000000000000000000e+00 4.456000000000000000e+03 3.669999999999999929e+00 3.499999999999999778e-01 1.550000000000000000e+02
3.700000000000000000e+01 8.462286357857642383e-01 0.000000000000000000e+00 1.000000000000000000e+00 0.000000000000000000e+00 4.078000000000000000e+03 3.629999999999999893e+00 4.000000000000000083e-02 1.550000000000000000e+02
3.800000000000000000e+01 1.360553988566839179e+00 0.000000000000000000e+00 1.000000000000000000e+00 0.000000000000000000e+00 4.529000000000000000e+03 3.680000000000000160e+00 4.099999999999999756e-01 1.550000000000000000e+02
3.900000000000000000e+01 2.358663180736157716e-01 0.000000000000000000e+00 1.000000000000000000e+00 0.000000000000000000e+00 2.936000000000000000e+03 3.430000000000000160e+00 -1.169999999999999929e+00 1.550000000000000000e+02
4.000000000000000000e+01 1.125279176157714334e+00 0.000000000000000000e+00 1.000000000000000000e+00 0.000000000000000000e+00 4.377000000000000000e+03 3.660000000000000142e+00 2.800000000000000266e-01 1.550000000000000000e+02
4.100000000000000000e+01 1.230221199038379121e+00 0.000000000000000000e+00 1.000000000000000000e+00 0.000000000000000000e+00 4.456000000000000000e+03 3.669999999999999929e+00 3.499999999999999778e-01 1.550000000000000000e+02
4.200000000000000000e+01 2.905185548893474690e-01 0.000000000000000000e+00 1.000000000000000000e+00 0.000000000000000000e+00 3.226000000000000000e+03 3.379999999999999893e+00 -6.600000000000000311e-01 1.550000000000000000e+02
4.300000000000000000e+01 1.108363610622685513e+00 0.000000000000000000e+00 1.000000000000000000e+00 0.000000000000000000e+00 4.377000000000000000e+03 3.660000000000000142e+00 2.800000000000000266e-01 1.550000000000000000e+02
4.400000000000000000e+01 1.124411256999137798e+00 0.000000000000000000e+00 1.000000000000000000e+00 0.000000000000000000e+00 4.377000000000000000e+03 3.660000000000000142e+00 2.800000000000000266e-01 1.550000000000000000e+02
4.500000000000000000e+01 1.230439369411112427e+00 0.000000000000000000e+00 1.000000000000000000e+00 0.000000000000000000e+00 4.456000000000000000e+03 3.669999999999999929e+00 3.499999999999999778e-01 1.550000000000000000e+02
4.600000000000000000e+01 4.420393797405232639e-01 0.000000000000000000e+00 1.000000000000000000e+00 0.000000000000000000e+00 3.428000000000000000e+03 3.479999999999999982e+00 -4.799999999999999822e-01 1.550000000000000000e+02
4.700000000000000000e+01 1.581707605633876634e-01 0.000000000000000000e+00 1.000000000000000000e+00 0.000000000000000000e+00 2.936000000000000000e+03 3.430000000000000160e+00 -1.169999999999999929e+00 1.550000000000000000e+02
4.800000000000000000e+01 1.111846392147695761e+00 0.000000000000000000e+00 1.000000000000000000e+00 0.000000000000000000e+00 4.377000000000000000e+03 3.660000000000000142e+00 2.800000000000000266e-01 1.490000000000000000e+02
4.900000000000000000e+01 1.125304527688570921e+00 0.000000000000000000e+00 1.000000000000000000e+00 0.000000000000000000e+00 4.377000000000000000e+03 3.660000000000000142e+00 2.800000000000000266e-01 1.490000000000000000e+02
5.000000000000000000e+01 3.451490101286214252e-01 0.000000000000000000e+00 1.000000000000000000e+00 0.000000000000000000e+00 3.226000000000000000e+03 3.379999999999999893e+00 -6.600000000000000311e-01 1.490000000000000000e+02
5.100000000000000000e+01 1.918732046079125064e+00 0.000000000000000000e+00 1.000000000000000000e+00 0.000000000000000000e+00 5.055917747662187139e+03 3.704000000000000181e+00 6.053408747539136492e+00 1.490000000000000000e+02
5.200000000000000000e+01 3.105886740613350572e-01 0.000000000000000000e+00 1.000000000000000000e+00 0.000000000000000000e+00 3.226000000000000000e+03 3.379999999999999893e+00 -6.600000000000000311e-01 1.490000000000000000e+02
5.300000000000000000e+01 1.188438580871819417e+00 0.000000000000000000e+00 1.000000000000000000e+00 0.000000000000000000e+00 4.456000000000000000e+03 3.669999999999999929e+00 3.499999999999999778e-01 1.490000000000000000e+02
5.400000000000000000e+01 1.206610027872892232e-01 0.000000000000000000e+00 1.000000000000000000e+00 0.000000000000000000e+00 2.908000000000000000e+03 3.419999999999999929e+00 -1.229999999999999982e+00 1.490000000000000000e+02
5.500000000000000000e+01 1.138172720644349045e+00 0.000000000000000000e+00 1.000000000000000000e+00 0.000000000000000000e+00 4.377000000000000000e+03 3.660000000000000142e+00 2.800000000000000266e-01 1.490000000000000000e+02
5.600000000000000000e+01 1.109532351487668933e+00 0.000000000000000000e+00 1.000000000000000000e+00 0.000000000000000000e+00 4.377000000000000000e+03 3.660000000000000142e+00 2.800000000000000266e-01 1.490000000000000000e+02
5.700000000000000000e+01 5.271828495665438208e-01 0.000000000000000000e+00 1.000000000000000000e+00 0.000000000000000000e+00 3.634000000000000000e+03 3.540000000000000036e+00 -3.200000000000000067e-01 1.490000000000000000e+02
5.800000000000000000e+01 6.846761696822448173e-02 0.000000000000000000e+00 1.000000000000000000e+00 0.000000000000000000e+00 2.864000000000000000e+03 3.520000000000000018e+00 -1.530000000000000027e+00 1.490000000000000000e+02
5.900000000000000000e+01 1.116670884540485353e+00 0.000000000000000000e+00 1.000000000000000000e+00 0.000000000000000000e+00 4.377000000000000000e+03 3.660000000000000142e+00 2.800000000000000266e-01 1.490000000000000000e+02
6.000000000000000000e+01 5.092985403997211113e-01 0.000000000000000000e+00 1.000000000000000000e+00 0.000000000000000000e+00 3.634000000000000000e+03 3.540000000000000036e+00 -3.200000000000000067e-01 1.490000000000000000e+02
6.100000000000000000e+01 1.538711105646041188e-01 0.000000000000000000e+00 1.000000000000000000e+00 0.000000000000000000e+00 2.936000000000000000e+03 3.430000000000000160e+00 -1.169999999999999929e+00 1.490000000000000000e+02
6.200000000000000000e+01 5.307192936484151913e-01 0.000000000000000000e+00 1.000000000000000000e+00 0.000000000000000000e+00 3.634000000000000000e+03 3.540000000000000036e+00 -3.200000000000000067e-01 1.490000000000000000e+02
6.300000000000000000e+01 5.012570600738163185e-01 0.000000000000000000e+00 1.000000000000000000e+00 0.000000000000000000e+00 3.634000000000000000e+03 3.540000000000000036e+00 -3.200000000000000067e-01 1.490000000000000000e+02
6.400000000000000000e+01 1.133290989813182215e+00 0.000000000000000000e+00 1.000000000000000000e+00 0.000000000000000000e+00 4.377000000000000000e+03 3.660000000000000142e+00 2.800000000000000266e-01 1.490000000000000000e+02
6.500000000000000000e+01 1.130048160386145639e+00 0.000000000000000000e+00 1.000000000000000000e+00 0.000000000000000000e+00 4.377000000000000000e+03 3.660000000000000142e+00 2.800000000000000266e-01 1.490000000000000000e+02
6.600000000000000000e+01 1.137236094873116610e+00 0.000000000000000000e+00 1.000000000000000000e+00 0.000000000000000000e+00 4.377000000000000000e+03 3.660000000000000142e+00 2.800000000000000266e-01 1.490000000000000000e+02
6.700000000000000000e+01 1.114588642960028908e+00 0.000000000000000000e+00 1.000000000000000000e+00 0.000000000000000000e+00 4.377000000000000000e+03 3.660000000000000142e+00 2.800000000000000266e-01 1.490000000000000000e+02
6.800000000000000000e+01 1.028063450651266753e-01 0.000000000000000000e+00 1.000000000000000000e+00 0.000000000000000000e+00 2.908000000000000000e+03 3.419999999999999929e+00 -1.229999999999999982e+00 1.490000000000000000e+02
6.900000000000000000e+01 3.858513625810209846e-01 0.000000000000000000e+00 1.000000000000000000e+00 0.000000000000000000e+00 3.428000000000000000e+03 3.479999999999999982e+00 -4.799999999999999822e-01 1.490000000000000000e+02
7.000000000000000000e+01 1.127173529454593925e+00 0.000000000000000000e+00 1.000000000000000000e+00 0.000000000000000000e+00 4.377000000000000000e+03 3.660000000000000142e+00 2.800000000000000266e-01 1.490000000000000000e+02
7.100000000000000000e+01 1.746991058228110627e-01 0.000000000000000000e+00 1.000000000000000000e+00 0.000000000000000000e+00 2.936000000000000000e+03 3.430000000000000160e+00 -1.169999999999999929e+00 1.490000000000000000e+02
7.200000000000000000e+01 1.093353175545234979e-01 0.000000000000000000e+00 1.000000000000000000e+00 0.000000000000000000e+00 2.908000000000000000e+03 3.419999999999999929e+00 -1.229999999999999982e+00 1.490000000000000000e+02
7.300000000000000000e+01 1.544253797737886291e+00 0.000000000000000000e+00 1.000000000000000000e+00 0.000000000000000000e+00 4.902301301361680089e+03 3.709000000000000075e+00 4.295364267648873025e+00 1.490000000000000000e+02
7.400000000000000000e+01 2.723459382808488538e-01 0.000000000000000000e+00 1.000000000000000000e+00 0.000000000000000000e+00 3.226000000000000000e+03 3.379999999999999893e+00 -6.600000000000000311e-01 1.490000000000000000e+02
7.500000000000000000e+01 3.569643865375127789e-01 0.000000000000000000e+00 1.000000000000000000e+00 0.000000000000000000e+00 3.428000000000000000e+03 3.479999999999999982e+00 -4.799999999999999822e-01 1.490000000000000000e+02
7.600000000000000000e+01 3.852021612879967805e-01 0.000000000000000000e+00 1.000000000000000000e+00 0.000000000000000000e+00 3.428000000000000000e+03 3.479999999999999982e+00 -4.799999999999999822e-01 1.490000000000000000e+02
7.700000000000000000e+01 9.122345391994595154e-01 0.000000000000000000e+00 1.000000000000000000e+00 0.000000000000000000e+00 4.192000000000000000e+03 3.649999999999999911e+00 1.300000000000000044e-01 1.490000000000000000e+02
7.800000000000000000e+01 2.794546519366948312e-01 0.000000000000000000e+00 1.000000000000000000e+00 0.000000000000000000e+00 3.226000000000000000e+03 3.379999999999999893e+00 -6.600000000000000311e-01 1.490000000000000000e+02
7.900000000000000000e+01 1.335847316202686041e+00 0.000000000000000000e+00 1.000000000000000000e+00 0.000000000000000000e+00 4.529000000000000000e+03 3.680000000000000160e+00 4.099999999999999756e-01 1.490000000000000000e+02
8.000000000000000000e+01 1.332610658209945342e-01 0.000000000000000000e+00 1.000000000000000000e+00 0.000000000000000000e+00 2.908000000000000000e+03 3.419999999999999929e+00 -1.229999999999999982e+00 1.490000000000000000e+02
8.100000000000000000e+01 1.120416334193369945e+00 0.000000000000000000e+00 1.000000000000000000e+00 0.000000000000000000e+00 4.377000000000000000e+03 3.660000000000000142e+00 2.800000000000000266e-01 1.490000000000000000e+02
8.200000000000000000e+01 1.149002421829519172e+00 0.000000000000000000e+00 1.000000000000000000e+00 0.000000000000000000e+00 4.377000000000000000e+03 3.660000000000000142e+00 2.800000000000000266e-01 1.490000000000000000e+02
8.300000000000000000e+01 1.111731992065425834e+00 0.000000000000000000e+00 1.000000000000000000e+00 0.000000000000000000e+00 4.377000000000000000e+03 3.660000000000000142e+00 2.800000000000000266e-01 1.490000000000000000e+02
8.400000000000000000e+01 2.902118436421840530e-01 0.000000000000000000e+00 1.000000000000000000e+00 0.000000000000000000e+00 3.226000000000000000e+03 3.379999999999999893e+00 -6.600000000000000311e-01 1.490000000000000000e+02
8.500000000000000000e+01 7.881556904858271206e-01 0.000000000000000000e+00 1.000000000000000000e+00 0.000000000000000000e+00 4.078000000000000000e+03 3.629999999999999893e+00 4.000000000000000083e-02 1.490000000000000000e+02
8.600000000000000000e+01 1.136136825465079436e+00 0.000000000000000000e+00 1.000000000000000000e+00 0.000000000000000000e+00 4.377000000000000000e+03 3.660000000000000142e+00 2.800000000000000266e-01 1.490000000000000000e+02
8.700000000000000000e+01 1.142023836710899909e+00 0.000000000000000000e+00 1.000000000000000000e+00 0.000000000000000000e+00 4.377000000000000000e+03 3.660000000000000142e+00 2.800000000000000266e-01 1.490000000000000000e+02
8.800000000000000000e+01 8.828013908305253066e-02 0.000000000000000000e+00 1.000000000000000000e+00 0.000000000000000000e+00 2.898000000000000000e+03 3.450000000000000178e+00 -1.310000000000000053e+00 1.490000000000000000e+02
8.900000000000000000e+01 2.156117993638300978e-01 0.000000000000000000e+00 1.000000000000000000e+00 0.000000000000000000e+00 2.936000000000000000e+03 3.430000000000000160e+00 -1.169999999999999929e+00 1.490000000000000000e+02
9.000000000000000000e+01 4.442518586731370456e-01 0.000000000000000000e+00 1.000000000000000000e+00 0.000000000000000000e+00 3.428000000000000000e+03 3.479999999999999982e+00 -4.799999999999999822e-01 1.490000000000000000e+02
9.100000000000000000e+01 4.615790141342001052e-01 0.000000000000000000e+00 1.000000000000000000e+00 0.000000000000000000e+00 3.634000000000000000e+03 3.540000000000000036e+00 -3.200000000000000067e-01 1.490000000000000000e+02
9.200000000000000000e+01 5.978168885311304637e-01 0.000000000000000000e+00 1.000000000000000000e+00 0.000000000000000000e+00 3.802000000000000000e+03 3.589999999999999858e+00 -1.799999999999999933e-01 1.490000000000000000e+02
9.300000000000000000e+01 3.025489141247417191e-01 0.000000000000000000e+00 1.000000000000000000e+00 0.000000000000000000e+00 3.226000000000000000e+03 3.379999999999999893e+00 -6.600000000000000311e-01 1.490000000000000000e+02
9.400000000000000000e+01 1.123744330901669253e+00 0.000000000000000000e+00 1.000000000000000000e+00 0.000000000000000000e+00 4.377000000000000000e+03 3.660000000000000142e+00 2.800000000000000266e-01 1.490000000000000000e+02
9.500000000000000000e+01 2.701777949715526983e-01 0.000000000000000000e+00 1.000000000000000000e+00 0.000000000000000000e+00 3.226000000000000000e+03 3.379999999999999893e+00 -6.600000000000000311e-01 1.490000000000000000e+02
