# # chi square, temperature, log(g), normalization
3.545321371649384901e+01 4.800000000000000000e+03 3.500000000000000000e+00 1.355454710916445871e+00
2.511137285197160907e+01 4.900000000000000000e+03 3.500000000000000000e+00 1.234174640561421343e+00
1.922340102721384980e+01 5.000000000000000000e+03 3.500000000000000000e+00 1.126537614043120472e+00
1.688542993145651394e+01 5.100000000000000000e+03 3.500000000000000000e+00 1.033867722667078715e+00
1.755546347356037984e+01 5.200000000000000000e+03 3.500000000000000000e+00 9.492649730654151297e-01
2.095773743399333000e+01 5.300000000000000000e+03 3.500000000000000000e+00 8.761903940512334454e-01
2.523370654483375475e+01 5.400000000000000000e+03 3.500000000000000000e+00 8.114685297777056716e-01
3.258866921594712096e+01 5.500000000000000000e+03 3.500000000000000000e+00 7.530419322792729631e-01
4.041348438340168059e+01 5.600000000000000000e+03 3.500000000000000000e+00 6.996597752455570030e-01
5.111380670563012529e+01 5.700000000000000000e+03 3.500000000000000000e+00 6.537878648043888852e-01
6.170104928955510815e+01 5.800000000000000000e+03 3.500000000000000000e+00 6.124027466468968672e-01
7.501342532810186015e+01 5.900000000000000000e+03 3.500000000000000000e+00 5.743493767124724370e-01
9.143545735669880514e+01 6.000000000000000000e+03 3.500000000000000000e+00 5.394650043936544126e-01
2.540566130651589916e+01 4.800000000000000000e+03 4.000000000000000000e+00 1.351080099647889554e+00
1.727054638597712710e+01 4.900000000000000000e+03 4.000000000000000000e+00 1.226787090397577940e+00
1.404581583972719017e+01 5.000000000000000000e+03 4.000000000000000000e+00 1.117738843365207124e+00
1.456630128068927377e+01 5.100000000000000000e+03 4.000000000000000000e+00 1.024651876651831772e+00
1.769630269963068159e+01 5.200000000000000000e+03 4.000000000000000000e+00 9.452746480542401075e-01
2.319953499096126137e+01 5.300000000000000000e+03 4.000000000000000000e+00 8.701910018576094474e-01
3.037612651296308641e+01 5.400000000000000000e+03 4.000000000000000000e+00 8.063584341346179407e-01
3.905840880182989849e+01 5.500000000000000000e+03 4.000000000000000000e+00 7.488024310436971476e-01
4.730543184077330920e+01 5.600000000000000000e+03 4.000000000000000000e+00 7.024834222518483440e-01
6.003922020116192471e+01 5.700000000000000000e+03 4.000000000000000000e+00 6.539159185977584388e-01
7.215888704646766882e+01 5.800000000000000000e+03 4.000000000000000000e+00 6.120309344968156706e-01
8.623753187014152388e+01 5.900000000000000000e+03 4.000000000000000000e+00 5.743861807225960625e-01
1.032834159926051427e+02 6.000000000000000000e+03 4.000000000000000000e+00 5.376126643128302796e-01
