# # chi square, temperature, log(g), normalization
1.277638667965615156e+02 3.100000000000000000e+03 3.500000000000000000e+00 1.517147337155177800e+00
1.104078668170797499e+02 3.200000000000000000e+03 3.500000000000000000e+00 1.273441626975032825e+00
1.329165972675424428e+02 3.300000000000000000e+03 3.500000000000000000e+00 1.072164887428157298e+00
2.150747041785153328e+02 3.400000000000000000e+03 3.500000000000000000e+00 9.073199353244236764e-01
3.529245991397814350e+02 3.500000000000000000e+03 3.500000000000000000e+00 7.819106452060631263e-01
6.340397088579272804e+02 3.600000000000000000e+03 3.500000000000000000e+00 6.697517293341416211e-01
9.921164741629769424e+02 3.700000000000000000e+03 3.500000000000000000e+00 5.833470199445339732e-01
1.613181115446841886e+03 3.800000000000000000e+03 3.500000000000000000e+00 5.007621946192767348e-01
2.266167758945971400e+03 3.900000000000000000e+03 3.500000000000000000e+00 4.392217409804982653e-01
2.982421579907593696e+03 4.000000000000000000e+03 3.500000000000000000e+00 3.863526825571997891e-01
3.790793701135802621e+03 4.100000000000000000e+03 3.500000000000000000e+00 3.421990534240174076e-01
4.490343556122186783e+03 4.200000000000000000e+03 3.500000000000000000e+00 3.088567029234374761e-01
5.271892480161818639e+03 4.300000000000000000e+03 3.500000000000000000e+00 2.750643376102161475e-01
3.678091341617778198e+02 3.100000000000000000e+03 4.000000000000000000e+00 1.425800655872356826e+00
3.825591477522755781e+02 3.200000000000000000e+03 4.000000000000000000e+00 1.184876816872736160e+00
4.466190365480812829e+02 3.300000000000000000e+03 4.000000000000000000e+00 1.000411797747134290e+00
5.801694113846307346e+02 3.400000000000000000e+03 4.000000000000000000e+00 8.556310875484010037e-01
7.853755184542281995e+02 3.500000000000000000e+03 4.000000000000000000e+00 7.294774411486830701e-01
1.081333331040614667e+03 3.600000000000000000e+03 4.000000000000000000e+00 6.339530212051429636e-01
1.457906612813300171e+03 3.700000000000000000e+03 4.000000000000000000e+00 5.531678005244218266e-01
1.969512229156780904e+03 3.800000000000000000e+03 4.000000000000000000e+00 4.846345587828683188e-01
2.516117515301498315e+03 3.900000000000000000e+03 4.000000000000000000e+00 4.269727674697230690e-01
3.180104563610101195e+03 4.000000000000000000e+03 4.000000000000000000e+00 3.747686754520143104e-01
3.924371911813630959e+03 4.100000000000000000e+03 4.000000000000000000e+00 3.302444355127753806e-01
4.572189610829335834e+03 4.200000000000000000e+03 4.000000000000000000e+00 2.965547191236464486e-01
5.307639499023469398e+03 4.300000000000000000e+03 4.000000000000000000e+00 2.667733015508926830e-01
