# # chi square, temperature, log(g), normalization
4.728253924552926719e+02 3.500000000000000000e+03 3.500000000000000000e+00 1.672144807739342376e+00
2.432947925128200097e+02 3.600000000000000000e+03 3.500000000000000000e+00 1.404087500610064598e+00
1.091133920133758863e+02 3.700000000000000000e+03 3.500000000000000000e+00 1.200996312381886089e+00
5.176736952993457663e+01 3.800000000000000000e+03 3.500000000000000000e+00 1.007342921707181649e+00
8.953787230647401429e+01 3.900000000000000000e+03 3.500000000000000000e+00 8.672206523788867916e-01
1.890044304211823771e+02 4.000000000000000000e+03 3.500000000000000000e+00 7.498759847957496838e-01
3.425086725263180938e+02 4.100000000000000000e+03 3.500000000000000000e+00 6.533420394135843745e-01
4.983378945559085196e+02 4.200000000000000000e+03 3.500000000000000000e+00 5.826626086363140278e-01
6.878388482678909668e+02 4.300000000000000000e+03 3.500000000000000000e+00 5.127203868116099184e-01
8.638321356386707066e+02 4.400000000000000000e+03 3.500000000000000000e+00 4.559853894625920945e-01
1.006893124143479554e+03 4.500000000000000000e+03 3.500000000000000000e+00 4.092629104827491537e-01
1.139888430720917313e+03 4.600000000000000000e+03 3.500000000000000000e+00 3.673294837808069313e-01
1.261367748727316894e+03 4.700000000000000000e+03 3.500000000000000000e+00 3.334671199337777558e-01
3.164341494152498058e+02 3.500000000000000000e+03 4.000000000000000000e+00 1.546228041975370004e+00
1.823558631564226857e+02 3.600000000000000000e+03 4.000000000000000000e+00 1.322475233899723879e+00
1.072209686919352265e+02 3.700000000000000000e+03 4.000000000000000000e+00 1.136029327014053347e+00
8.965194099001826089e+01 3.800000000000000000e+03 4.000000000000000000e+00 9.787077594601640840e-01
1.308664419565634205e+02 3.900000000000000000e+03 4.000000000000000000e+00 8.500375925840879532e-01
2.252836674420413772e+02 4.000000000000000000e+03 4.000000000000000000e+00 7.349984621895915282e-01
3.657260204180624328e+02 4.100000000000000000e+03 4.000000000000000000e+00 6.385719690895138578e-01
5.050129412866731400e+02 4.200000000000000000e+03 4.000000000000000000e+00 5.671382055710056935e-01
6.765659561821997841e+02 4.300000000000000000e+03 4.000000000000000000e+00 5.046439259307871072e-01
8.475185657967689394e+02 4.400000000000000000e+03 4.000000000000000000e+00 4.517557146572769300e-01
1.012247108099057868e+03 4.500000000000000000e+03 4.000000000000000000e+00 4.035292365935851389e-01
1.154872136483872509e+03 4.600000000000000000e+03 4.000000000000000000e+00 3.622873055129425257e-01
1.278828416097592253e+03 4.700000000000000000e+03 4.000000000000000000e+00 3.277870956305424799e-01
