# # chi square, temperature, log(g), normalization
1.244172936410823240e+02 4.200000000000000000e+03 3.500000000000000000e+00 1.518742153559083707e+00
6.103844652960955131e+01 4.300000000000000000e+03 3.500000000000000000e+00 1.321851127643005164e+00
3.280308239770972989e+01 4.400000000000000000e+03 3.500000000000000000e+00 1.165796865902855473e+00
2.443085593480457263e+01 4.500000000000000000e+03 3.500000000000000000e+00 1.040228508315961031e+00
2.635594753337894147e+01 4.600000000000000000e+03 3.500000000000000000e+00 9.291623810109472803e-01
3.492330270576761109e+01 4.700000000000000000e+03 3.500000000000000000e+00 8.402915397975049272e-01
4.682013591169280176e+01 4.800000000000000000e+03 3.500000000000000000e+00 7.591132538041199807e-01
6.276085040648212043e+01 4.900000000000000000e+03 3.500000000000000000e+00 6.920412197025176404e-01
7.958498895844013532e+01 5.000000000000000000e+03 3.500000000000000000e+00 6.323094178182013803e-01
9.949026992315995699e+01 5.100000000000000000e+03 3.500000000000000000e+00 5.807374735168768787e-01
1.203906194303136061e+02 5.200000000000000000e+03 3.500000000000000000e+00 5.337028558517845633e-01
1.420691983606054691e+02 5.300000000000000000e+03 3.500000000000000000e+00 4.929290901038211326e-01
1.631892029080450470e+02 5.400000000000000000e+03 3.500000000000000000e+00 4.568499199918335529e-01
1.230199137419043609e+02 4.200000000000000000e+03 4.000000000000000000e+00 1.494833043064152323e+00
6.188584587404298532e+01 4.300000000000000000e+03 4.000000000000000000e+00 1.316885082646807037e+00
3.112614138461628599e+01 4.400000000000000000e+03 4.000000000000000000e+00 1.169147919926722512e+00
2.085035139337218268e+01 4.500000000000000000e+03 4.000000000000000000e+00 1.037134343655188085e+00
2.344672251652851358e+01 4.600000000000000000e+03 4.000000000000000000e+00 9.264071241732428907e-01
3.337547043078463815e+01 4.700000000000000000e+03 4.000000000000000000e+00 8.349729986818419381e-01
4.872120253511514676e+01 4.800000000000000000e+03 4.000000000000000000e+00 7.548911914378259036e-01
6.716524214498949163e+01 4.900000000000000000e+03 4.000000000000000000e+00 6.862721497121930803e-01
8.830844520562982325e+01 5.000000000000000000e+03 4.000000000000000000e+00 6.258394938041580424e-01
1.108075684884000367e+02 5.100000000000000000e+03 4.000000000000000000e+00 5.742744292088698410e-01
1.315807263543481156e+02 5.200000000000000000e+03 4.000000000000000000e+00 5.301623348208560627e-01
1.562741673964458755e+02 5.300000000000000000e+03 4.000000000000000000e+00 4.884007131199261109e-01
1.803054029919989318e+02 5.400000000000000000e+03 4.000000000000000000e+00 4.528567491239085530e-01
