# # chi square, temperature, log(g), normalization
2.729091274044899507e+01 4.800000000000000000e+03 3.500000000000000000e+00 1.212898887716441720e+00
2.118323439627225468e+01 4.900000000000000000e+03 3.500000000000000000e+00 1.104597017740067244e+00
1.894841670974181014e+01 5.000000000000000000e+03 3.500000000000000000e+00 1.008379892580308690e+00
2.019632922281814302e+01 5.100000000000000000e+03 3.500000000000000000e+00 9.256048614643835881e-01
2.413177401969479163e+01 5.200000000000000000e+03 3.500000000000000000e+00 8.499948986917773563e-01
3.051569929922982638e+01 5.300000000000000000e+03 3.500000000000000000e+00 7.846474377359249353e-01
3.743818241446975037e+01 5.400000000000000000e+03 3.500000000000000000e+00 7.267179356172824845e-01
4.755180997047106928e+01 5.500000000000000000e+03 3.500000000000000000e+00 6.744342752267999952e-01
5.787837170505937934e+01 5.600000000000000000e+03 3.500000000000000000e+00 6.266660027934504162e-01
7.128622947937223842e+01 5.700000000000000000e+03 3.500000000000000000e+00 5.856217441635186427e-01
8.422708454637890441e+01 5.800000000000000000e+03 3.500000000000000000e+00 5.485796715331864304e-01
1.001341280528835966e+02 5.900000000000000000e+03 3.500000000000000000e+00 5.146740294818301642e-01
1.193073836582287583e+02 6.000000000000000000e+03 3.500000000000000000e+00 4.833652588836907515e-01
1.857169058391884064e+01 4.800000000000000000e+03 4.000000000000000000e+00 1.208472211812783748e+00
1.487271435295141409e+01 4.900000000000000000e+03 4.000000000000000000e+00 1.097589799110780362e+00
1.568466337706261093e+01 5.000000000000000000e+03 4.000000000000000000e+00 1.000018598419269100e+00
1.982848097507517338e+01 5.100000000000000000e+03 4.000000000000000000e+00 9.170627324357358834e-01
2.590923946614038442e+01 5.200000000000000000e+03 4.000000000000000000e+00 8.460840246059502245e-01
3.457799206132890646e+01 5.300000000000000000e+03 4.000000000000000000e+00 7.788686744316850596e-01
4.458679878120518936e+01 5.400000000000000000e+03 4.000000000000000000e+00 7.219350422616441776e-01
5.593679443830845344e+01 5.500000000000000000e+03 4.000000000000000000e+00 6.704693503393253096e-01
6.637847025855050731e+01 5.600000000000000000e+03 4.000000000000000000e+00 6.289926932348623989e-01
8.192877930633945027e+01 5.700000000000000000e+03 4.000000000000000000e+00 5.855640132264084974e-01
9.641608126202228846e+01 5.800000000000000000e+03 4.000000000000000000e+00 5.481303607544958378e-01
1.129049152544157408e+02 5.900000000000000000e+03 4.000000000000000000e+00 5.144626254298571011e-01
1.325255996850277711e+02 6.000000000000000000e+03 4.000000000000000000e+00 4.816033561355991810e-01
