# # chi square, temperature, log(g), normalization
1.526045267167808106e+02 3.900000000000000000e+03 3.500000000000000000e+00 1.359025931981885149e+00
6.495628839010500144e+01 4.000000000000000000e+03 3.500000000000000000e+00 1.165274905163825148e+00
3.724185816215704392e+01 4.100000000000000000e+03 3.500000000000000000e+00 1.006993187892375241e+00
5.286639442264387867e+01 4.200000000000000000e+03 3.500000000000000000e+00 8.927201000727773561e-01
9.947519530528579423e+01 4.300000000000000000e+03 3.500000000000000000e+00 7.809602041415111273e-01
1.583083803671597423e+02 4.400000000000000000e+03 3.500000000000000000e+00 6.913915221217920015e-01
2.127051407022787259e+02 4.500000000000000000e+03 3.500000000000000000e+00 6.186011465215452976e-01
2.682148020694140200e+02 4.600000000000000000e+03 3.500000000000000000e+00 5.538225740672639841e-01
3.227736190717562863e+02 4.700000000000000000e+03 3.500000000000000000e+00 5.016829770192731131e-01
3.732217796688831868e+02 4.800000000000000000e+03 3.500000000000000000e+00 4.539857878721271778e-01
4.259847592625457082e+02 4.900000000000000000e+03 3.500000000000000000e+00 4.143727349311717711e-01
4.759986501795587515e+02 5.000000000000000000e+03 3.500000000000000000e+00 3.790369270136516033e-01
5.283201368832404796e+02 5.100000000000000000e+03 3.500000000000000000e+00 3.485345165464041051e-01
1.438158706860574227e+02 3.900000000000000000e+03 4.000000000000000000e+00 1.337638072447890014e+00
6.919981567038311709e+01 4.000000000000000000e+03 4.000000000000000000e+00 1.147683034533936164e+00
4.537232165814650386e+01 4.100000000000000000e+03 4.000000000000000000e+00 9.897009377997076918e-01
5.877267590865361058e+01 4.200000000000000000e+03 4.000000000000000000e+00 8.744973963178021004e-01
9.777285957286788687e+01 4.300000000000000000e+03 4.000000000000000000e+00 7.740403168492632213e-01
1.524872026592059342e+02 4.400000000000000000e+03 4.000000000000000000e+00 6.898760338164751094e-01
2.152438835472603387e+02 4.500000000000000000e+03 4.000000000000000000e+00 6.139429692652604853e-01
2.749131084111902510e+02 4.600000000000000000e+03 4.000000000000000000e+00 5.497108970926893878e-01
3.303929602792335345e+02 4.700000000000000000e+03 4.000000000000000000e+00 4.962525039602610488e-01
3.881187801230914260e+02 4.800000000000000000e+03 4.000000000000000000e+00 4.495075041653641135e-01
4.448431537474846209e+02 4.900000000000000000e+03 4.000000000000000000e+00 4.092089341240059408e-01
5.019744502157729471e+02 5.000000000000000000e+03 4.000000000000000000e+00 3.736720875127061969e-01
5.566529396448745501e+02 5.100000000000000000e+03 4.000000000000000000e+00 3.432231553505422639e-01
