# # chi square, temperature, log(g), normalization
9.264650830440525908e+01 4.100000000000000000e+03 3.500000000000000000e+00 1.303447192442669600e+00
4.628223612491522232e+01 4.200000000000000000e+03 3.500000000000000000e+00 1.152082966626919669e+00
3.137912620294877897e+01 4.300000000000000000e+03 3.500000000000000000e+00 1.004907884869877144e+00
4.144946110687649110e+01 4.400000000000000000e+03 3.500000000000000000e+00 8.878156835042693151e-01
6.144214897121253927e+01 4.500000000000000000e+03 3.500000000000000000e+00 7.931479533831773399e-01
8.711352324725811513e+01 4.600000000000000000e+03 3.500000000000000000e+00 7.092136266256281463e-01
1.156568095706516885e+02 4.700000000000000000e+03 3.500000000000000000e+00 6.418451918433315528e-01
1.449035398294048775e+02 4.800000000000000000e+03 3.500000000000000000e+00 5.803579992250175179e-01
1.766769683689895771e+02 4.900000000000000000e+03 3.500000000000000000e+00 5.293153190173871536e-01
2.077784439842341442e+02 5.000000000000000000e+03 3.500000000000000000e+00 4.838314310628481496e-01
2.417699156869515491e+02 5.100000000000000000e+03 3.500000000000000000e+00 4.446247814158773570e-01
2.758919534027732539e+02 5.200000000000000000e+03 3.500000000000000000e+00 4.087786922422022018e-01
3.092450590335715219e+02 5.300000000000000000e+03 3.500000000000000000e+00 3.777006882500399954e-01
8.939668203299065397e+01 4.100000000000000000e+03 4.000000000000000000e+00 1.283792053764363228e+00
4.778207102744369195e+01 4.200000000000000000e+03 4.000000000000000000e+00 1.131387508583332036e+00
3.066844514516421683e+01 4.300000000000000000e+03 4.000000000000000000e+00 9.988303339611735998e-01
3.750078837690529809e+01 4.400000000000000000e+03 4.000000000000000000e+00 8.883689520153458252e-01
5.931964627856378058e+01 4.500000000000000000e+03 4.000000000000000000e+00 7.892225241847525830e-01
8.762499472736995187e+01 4.600000000000000000e+03 4.000000000000000000e+00 7.057281269381460165e-01
1.182424336679095376e+02 4.700000000000000000e+03 4.000000000000000000e+00 6.364991498328472774e-01
1.518609555948636967e+02 4.800000000000000000e+03 4.000000000000000000e+00 5.760020372636817099e-01
1.870353629429764624e+02 4.900000000000000000e+03 4.000000000000000000e+00 5.239203853812368639e-01
2.243378552545149489e+02 5.000000000000000000e+03 4.000000000000000000e+00 4.781538653570496233e-01
2.607448039787758489e+02 5.100000000000000000e+03 4.000000000000000000e+00 4.389329671226852581e-01
2.929685596894898936e+02 5.200000000000000000e+03 4.000000000000000000e+00 4.053564377052170653e-01
3.302673154281501411e+02 5.300000000000000000e+03 4.000000000000000000e+00 3.735698940587189876e-01
