# # chi square, temperature, log(g), normalization
6.571336655847792372e+02 2.600000000000000000e+03 3.500000000000000000e+00 2.144333786589264879e+00
3.266150010665370473e+02 2.700000000000000000e+03 3.500000000000000000e+00 1.579725618810031929e+00
2.449872871953278093e+02 2.800000000000000000e+03 3.500000000000000000e+00 1.227012757910042495e+00
2.788705185200556684e+02 2.900000000000000000e+03 3.500000000000000000e+00 9.541151717689071443e-01
3.821873305345332597e+02 3.000000000000000000e+03 3.500000000000000000e+00 7.669164199812186222e-01
5.539852484603723042e+02 3.100000000000000000e+03 3.500000000000000000e+00 6.359161366896398659e-01
7.303430415954655928e+02 3.200000000000000000e+03 3.500000000000000000e+00 5.365346016076584235e-01
9.606438353550648799e+02 3.300000000000000000e+03 3.500000000000000000e+00 4.541413352573653306e-01
1.301854275902246627e+03 3.400000000000000000e+03 3.500000000000000000e+00 3.867789882923459155e-01
1.702506243023051638e+03 3.500000000000000000e+03 3.500000000000000000e+00 3.354066439290502299e-01
2.354983263205615458e+03 3.600000000000000000e+03 3.500000000000000000e+00 2.896080267738948000e-01
3.092975130286522017e+03 3.700000000000000000e+03 3.500000000000000000e+00 2.541071046336548789e-01
4.279986087818366286e+03 3.800000000000000000e+03 3.500000000000000000e+00 2.201786396146454272e-01
1.614552750195130557e+03 2.600000000000000000e+03 4.000000000000000000e+00 1.992061434572149459e+00
1.141180409439479490e+03 2.700000000000000000e+03 4.000000000000000000e+00 1.499373730498449131e+00
9.717903130115075783e+02 2.800000000000000000e+03 4.000000000000000000e+00 1.141858984670400146e+00
9.508919927710384172e+02 2.900000000000000000e+03 4.000000000000000000e+00 8.919859153693784348e-01
1.044666269318362311e+03 3.000000000000000000e+03 4.000000000000000000e+00 7.258873010440395346e-01
1.229793077481460841e+03 3.100000000000000000e+03 4.000000000000000000e+00 6.001753245725581776e-01
1.462956872697692006e+03 3.200000000000000000e+03 4.000000000000000000e+00 5.016739372757923476e-01
1.740031923633188399e+03 3.300000000000000000e+03 4.000000000000000000e+00 4.254402995602301063e-01
2.125438075997994474e+03 3.400000000000000000e+03 4.000000000000000000e+00 3.656378105484562324e-01
2.615157257786557238e+03 3.500000000000000000e+03 4.000000000000000000e+00 3.132844364788013869e-01
3.247384775811193776e+03 3.600000000000000000e+03 4.000000000000000000e+00 2.737284626842530488e-01
4.009157429920873710e+03 3.700000000000000000e+03 4.000000000000000000e+00 2.402184689068715406e-01
4.990254166608337982e+03 3.800000000000000000e+03 4.000000000000000000e+00 2.117254824118922074e-01
