# # chi square, temperature, log(g), normalization
4.203281782457840166e+01 4.600000000000000000e+03 3.500000000000000000e+00 1.359987825314534327e+00
2.743145054753000167e+01 4.700000000000000000e+03 3.500000000000000000e+00 1.228720872042326162e+00
2.114411838081929673e+01 4.800000000000000000e+03 3.500000000000000000e+00 1.109357848407290792e+00
1.919535913323132448e+01 4.900000000000000000e+03 3.500000000000000000e+00 1.010316842377240842e+00
2.098204889219391944e+01 5.000000000000000000e+03 3.500000000000000000e+00 9.226115107312532482e-01
2.598638691087649022e+01 5.100000000000000000e+03 3.500000000000000000e+00 8.470311946494445410e-01
3.272201453758950862e+01 5.200000000000000000e+03 3.500000000000000000e+00 7.778139962945989083e-01
4.206630553539020667e+01 5.300000000000000000e+03 3.500000000000000000e+00 7.180749192694216854e-01
5.182200726302271931e+01 5.400000000000000000e+03 3.500000000000000000e+00 6.653123973261576563e-01
6.422825002604194822e+01 5.500000000000000000e+03 3.500000000000000000e+00 6.174586228668397236e-01
7.680246782366140224e+01 5.600000000000000000e+03 3.500000000000000000e+00 5.736828840733672052e-01
9.297901596910199373e+01 5.700000000000000000e+03 3.500000000000000000e+00 5.362589854824454383e-01
1.082963917460477319e+02 5.800000000000000000e+03 3.500000000000000000e+00 5.023587700122151833e-01
3.337086284456854202e+01 4.600000000000000000e+03 4.000000000000000000e+00 1.358370257365867806e+00
2.087832600122402127e+01 4.700000000000000000e+03 4.000000000000000000e+00 1.223132204376642607e+00
1.547629376705856252e+01 4.800000000000000000e+03 4.000000000000000000e+00 1.105004010034926321e+00
1.597260843934352792e+01 4.900000000000000000e+03 4.000000000000000000e+00 1.003784342986555833e+00
2.079555215547998515e+01 5.000000000000000000e+03 4.000000000000000000e+00 9.148855123317356508e-01
2.829601323822642556e+01 5.100000000000000000e+03 4.000000000000000000e+00 8.388787988688464203e-01
3.717633068958615894e+01 5.200000000000000000e+03 4.000000000000000000e+00 7.740855350299857829e-01
4.866768624358321205e+01 5.300000000000000000e+03 4.000000000000000000e+00 7.127548609550558023e-01
6.098466092410391326e+01 5.400000000000000000e+03 4.000000000000000000e+00 6.606015726638171381e-01
7.497941967459584589e+01 5.500000000000000000e+03 4.000000000000000000e+00 6.136700502907390664e-01
8.739650892380954872e+01 5.600000000000000000e+03 4.000000000000000000e+00 5.756202189812009706e-01
1.054459664062510171e+02 5.700000000000000000e+03 4.000000000000000000e+00 5.359249956936352755e-01
1.223005402284391323e+02 5.800000000000000000e+03 4.000000000000000000e+00 5.018409290405236867e-01
