# # chi square, temperature, log(g), normalization
5.261988365353300878e+02 2.600000000000000000e+03 3.500000000000000000e+00 1.737258480031514507e+00
2.674049005944932560e+02 2.700000000000000000e+03 3.500000000000000000e+00 1.282555451647328315e+00
2.441804573181222509e+02 2.800000000000000000e+03 3.500000000000000000e+00 9.980387125581799967e-01
3.341239926857850264e+02 2.900000000000000000e+03 3.500000000000000000e+00 7.772428909973551070e-01
4.818075128873921926e+02 3.000000000000000000e+03 3.500000000000000000e+00 6.252880386811405788e-01
7.015954569120145834e+02 3.100000000000000000e+03 3.500000000000000000e+00 5.189905556113738605e-01
9.127403041224622484e+02 3.200000000000000000e+03 3.500000000000000000e+00 4.381659028805034439e-01
1.181886590069172598e+03 3.300000000000000000e+03 3.500000000000000000e+00 3.711742460013641165e-01
1.569960623803205408e+03 3.400000000000000000e+03 3.500000000000000000e+00 3.162951897526138367e-01
2.021289091166979006e+03 3.500000000000000000e+03 3.500000000000000000e+00 2.745439486613194813e-01
2.747905773756968301e+03 3.600000000000000000e+03 3.500000000000000000e+00 2.373530605617000799e-01
3.563712551524500213e+03 3.700000000000000000e+03 3.500000000000000000e+00 2.084388540640471355e-01
4.863681136301188417e+03 3.800000000000000000e+03 3.500000000000000000e+00 1.808070491520891998e-01
1.545256484928118880e+03 2.600000000000000000e+03 4.000000000000000000e+00 1.611981709024945308e+00
1.133076405518733509e+03 2.700000000000000000e+03 4.000000000000000000e+00 1.215726965573412865e+00
1.012343283456830477e+03 2.800000000000000000e+03 4.000000000000000000e+00 9.271253783063609921e-01
1.043409622472256387e+03 2.900000000000000000e+03 4.000000000000000000e+00 7.253846877306279195e-01
1.178856267796052180e+03 3.000000000000000000e+03 4.000000000000000000e+00 5.908537518762959628e-01
1.415144362862680055e+03 3.100000000000000000e+03 4.000000000000000000e+00 4.891580567255299217e-01
1.691884048573329210e+03 3.200000000000000000e+03 4.000000000000000000e+00 4.092498658050240934e-01
2.013585200701155145e+03 3.300000000000000000e+03 4.000000000000000000e+00 3.473768451922040756e-01
2.452329421735847973e+03 3.400000000000000000e+03 4.000000000000000000e+00 2.987838969999864203e-01
3.002662103073822891e+03 3.500000000000000000e+03 4.000000000000000000e+00 2.562409628072395695e-01
3.706756174759352234e+03 3.600000000000000000e+03 4.000000000000000000e+00 2.240928697080727949e-01
4.552853862896298779e+03 3.700000000000000000e+03 4.000000000000000000e+00 1.968479173725844467e-01
5.641481227229151955e+03 3.800000000000000000e+03 4.000000000000000000e+00 1.737080733521960685e-01
