# # chi square, temperature, log(g), normalization
1.780694680725535193e+02 3.800000000000000000e+03 3.500000000000000000e+00 1.367620498441348253e+00
7.213634373272603284e+01 3.900000000000000000e+03 3.500000000000000000e+00 1.169473704969778538e+00
4.183606533356375934e+01 4.000000000000000000e+03 3.500000000000000000e+00 1.005214441642804157e+00
6.866997133370009010e+01 4.100000000000000000e+03 3.500000000000000000e+00 8.710215619088227390e-01
1.260165663865079324e+02 4.200000000000000000e+03 3.500000000000000000e+00 7.735952999924196050e-01
2.139607957926610879e+02 4.300000000000000000e+03 3.500000000000000000e+00 6.780982487113442758e-01
3.056783648281311798e+02 4.400000000000000000e+03 3.500000000000000000e+00 6.012030332936098009e-01
3.851868718028057401e+02 4.500000000000000000e+03 3.500000000000000000e+00 5.384265058894355249e-01
4.614312260944411719e+02 4.600000000000000000e+03 3.500000000000000000e+00 4.823392178415140674e-01
5.345163404979674624e+02 4.700000000000000000e+03 3.500000000000000000e+00 4.372715740548447361e-01
6.007769539493775710e+02 4.800000000000000000e+03 3.500000000000000000e+00 3.959095445774438726e-01
6.692817327263381912e+02 4.900000000000000000e+03 3.500000000000000000e+00 3.615571454318116107e-01
7.322551743899656458e+02 5.000000000000000000e+03 3.500000000000000000e+00 3.308293651031650739e-01
1.528330517703978728e+02 3.800000000000000000e+03 4.000000000000000000e+00 1.330648954967365682e+00
8.063596715969056561e+01 3.900000000000000000e+03 4.000000000000000000e+00 1.149652624601923634e+00
5.721300409626444861e+01 4.000000000000000000e+03 4.000000000000000000e+00 9.890044789201405395e-01
8.211069727352649750e+01 4.100000000000000000e+03 4.000000000000000000e+00 8.547027769325424851e-01
1.326307509892248788e+02 4.200000000000000000e+03 4.000000000000000000e+00 7.565681826175941760e-01
2.102912239967133985e+02 4.300000000000000000e+03 4.000000000000000000e+00 6.706574352667529215e-01
2.983477374292103832e+02 4.400000000000000000e+03 4.000000000000000000e+00 5.986731048980177272e-01
3.887578304859576974e+02 4.500000000000000000e+03 4.000000000000000000e+00 5.333372868622727747e-01
4.710972786146487010e+02 4.600000000000000000e+03 4.000000000000000000e+00 4.778802589218320018e-01
5.456090752213661972e+02 4.700000000000000000e+03 4.000000000000000000e+00 4.317826798665579391e-01
6.201153081358413601e+02 4.800000000000000000e+03 4.000000000000000000e+00 3.912735145137336001e-01
6.926884263640533845e+02 4.900000000000000000e+03 4.000000000000000000e+00 3.564339414784679083e-01
7.647309061888655606e+02 5.000000000000000000e+03 4.000000000000000000e+00 3.256005939732732335e-01
