# # chi square, temperature, log(g), normalization
4.749715503268140537e+02 2.600000000000000000e+03 3.500000000000000000e+00 1.697043895889219112e+00
2.564892842768795731e+02 2.700000000000000000e+03 3.500000000000000000e+00 1.254454437095082309e+00
2.656727682840170246e+02 2.800000000000000000e+03 3.500000000000000000e+00 9.770121387021786230e-01
3.853667193719463739e+02 2.900000000000000000e+03 3.500000000000000000e+00 7.614370045780451957e-01
5.597470842431141591e+02 3.000000000000000000e+03 3.500000000000000000e+00 6.131445545059298619e-01
8.094842112121192486e+02 3.100000000000000000e+03 3.500000000000000000e+00 5.093066417276503888e-01
1.044767482436135197e+03 3.200000000000000000e+03 3.500000000000000000e+00 4.302097478526779595e-01
1.339599649661962758e+03 3.300000000000000000e+03 3.500000000000000000e+00 3.646140867994112078e-01
1.760826057370637727e+03 3.400000000000000000e+03 3.500000000000000000e+00 3.109228816062803435e-01
2.244098713925535321e+03 3.500000000000000000e+03 3.500000000000000000e+00 2.700138587265478174e-01
3.014682764149843024e+03 3.600000000000000000e+03 3.500000000000000000e+00 2.335672480495434855e-01
3.874967015702939534e+03 3.700000000000000000e+03 3.500000000000000000e+00 2.052403243449471559e-01
5.244979621302384658e+03 3.800000000000000000e+03 3.500000000000000000e+00 1.781813408328701276e-01
1.604644313310653615e+03 2.600000000000000000e+03 4.000000000000000000e+00 1.578483406343719420e+00
1.222254002640649333e+03 2.700000000000000000e+03 4.000000000000000000e+00 1.191938845902194011e+00
1.128554052669667044e+03 2.800000000000000000e+03 4.000000000000000000e+00 9.096356569949071158e-01
1.189665046723042906e+03 2.900000000000000000e+03 4.000000000000000000e+00 7.122825689943473870e-01
1.350721630115644984e+03 3.000000000000000000e+03 4.000000000000000000e+00 5.806714222221763810e-01
1.616947583928353197e+03 3.100000000000000000e+03 4.000000000000000000e+00 4.810273628732665285e-01
1.919877169725437170e+03 3.200000000000000000e+03 4.000000000000000000e+00 4.026519928166842899e-01
2.267634042989900536e+03 3.300000000000000000e+03 4.000000000000000000e+00 3.419103497598128261e-01
2.736140052432132052e+03 3.400000000000000000e+03 4.000000000000000000e+00 2.941413699428582218e-01
3.321676028173610121e+03 3.500000000000000000e+03 4.000000000000000000e+00 2.523634376759557041e-01
4.070508749040202929e+03 3.600000000000000000e+03 4.000000000000000000e+00 2.208508056857201307e-01
4.963984045187652555e+03 3.700000000000000000e+03 4.000000000000000000e+00 1.940732726843578948e-01
6.109286020413847837e+03 3.800000000000000000e+03 4.000000000000000000e+00 1.713275247978312821e-01
