# # chi square, temperature, log(g), normalization
2.311684417798321363e+02 3.700000000000000000e+03 3.500000000000000000e+00 1.401807331827820136e+00
8.277986785949626380e+01 3.800000000000000000e+03 3.500000000000000000e+00 1.170795572430123777e+00
4.576888847575099106e+01 3.900000000000000000e+03 3.500000000000000000e+00 1.004289663575488989e+00
7.686432463040516438e+01 4.000000000000000000e+03 3.500000000000000000e+00 8.658366207904450995e-01
1.638159801782561260e+02 4.100000000000000000e+03 3.500000000000000000e+00 7.523500566325320715e-01
2.666457587209256985e+02 4.200000000000000000e+03 3.500000000000000000e+00 6.694719135798266052e-01
4.005960407050257004e+02 4.300000000000000000e+03 3.500000000000000000e+00 5.878202978434703407e-01
5.312158881462950148e+02 4.400000000000000000e+03 3.500000000000000000e+00 5.220402814031895877e-01
6.391679705896700625e+02 4.500000000000000000e+03 3.500000000000000000e+00 4.680210309526173229e-01
7.406282262126594560e+02 4.600000000000000000e+03 3.500000000000000000e+00 4.196090960708989126e-01
8.356584476081178536e+02 4.700000000000000000e+03 3.500000000000000000e+00 3.806898682959244384e-01
9.213959504440124419e+02 4.800000000000000000e+03 3.500000000000000000e+00 3.448446212510747344e-01
1.007819620177440811e+03 4.900000000000000000e+03 3.500000000000000000e+00 3.150669358041870982e-01
1.725732357827884869e+02 3.700000000000000000e+03 4.000000000000000000e+00 1.325385897955697168e+00
8.787070463673683207e+01 3.800000000000000000e+03 4.000000000000000000e+00 1.138317533555998740e+00
6.992426201834774702e+01 3.900000000000000000e+03 4.000000000000000000e+00 9.860085696862010973e-01
1.020233853857062485e+02 4.000000000000000000e+03 4.000000000000000000e+00 8.503316989923939140e-01
1.806827778929701651e+02 4.100000000000000000e+03 4.000000000000000000e+00 7.367025473273193237e-01
2.730847012933080578e+02 4.200000000000000000e+03 4.000000000000000000e+00 6.531939306710989879e-01
3.945028554667593426e+02 4.300000000000000000e+03 4.000000000000000000e+00 5.801511287641780701e-01
5.194929261322699858e+02 4.400000000000000000e+03 4.000000000000000000e+00 5.185128953744563285e-01
6.434711665480373313e+02 4.500000000000000000e+03 4.000000000000000000e+00 4.625433099930718051e-01
7.533346662793120458e+02 4.600000000000000000e+03 4.000000000000000000e+00 4.148746047035187789e-01
8.499013155224906768e+02 4.700000000000000000e+03 4.000000000000000000e+00 3.751292151961746479e-01
9.452002083880466898e+02 4.800000000000000000e+03 4.000000000000000000e+00 3.401515063285449614e-01
1.036594088199771932e+03 4.900000000000000000e+03 4.000000000000000000e+00 3.099371557996243864e-01
