#   t (Gyr) =  0.050

    M/MsTeff(K)    L/Ls  lg(g)  R(Gcm       D      Li         F33        F33B         F41        F45B         F47         F51         FHa         F57        F63B         F67         F75         F78         F82        F82B         F89       G_RSV           G        G_BP        G_RP

  0.0150  1760.   -3.74   4.28  10.24  0.0041  1.0000      28.565      28.565      25.630      23.451      23.315      22.229      18.975      21.088      19.366      18.650      17.797      17.546      16.704      16.811      15.797      16.400      18.043      21.207      16.734
  0.0200  1838.   -3.72   4.46   9.59  0.0000  1.0000      28.458      28.458      25.555      23.342      23.200      22.120      18.927      20.971      19.320      18.609      17.717      17.467      16.562      16.670      15.593      16.314      17.885      21.124      16.556
  0.0300  2304.   -3.28   4.59  10.08  0.0000  1.0000      24.207      24.207      22.933      20.855      20.510      19.932      17.342      19.138      17.618      16.884      15.196      15.285      14.030      14.237      13.134      14.129      15.545      19.365      14.187
  0.0400  2525.   -3.05   4.65  10.96  0.0000  1.0000      22.167      22.167      20.528      18.855      18.545      17.986      16.328      17.772      16.557      15.862      13.878      14.081      13.049      13.260      12.380      13.122      14.639      18.015      13.339
  0.0500  2671.   -2.88   4.67  11.95  0.0000  1.0000      20.423      20.423      18.697      17.384      17.100      16.586      15.262      16.473      15.474      14.841      12.912      13.119      12.292      12.471      11.745      12.298      13.860      16.729      12.618
  0.0600  2804.   -2.73   4.69  12.80  0.0000  0.9990      19.330      19.330      17.528      16.454      16.171      15.750      14.360      15.465      14.580      13.994      12.253      12.431      11.758      11.908      11.288      11.715      13.279      15.769      12.087
  0.0700  2882.   -2.63   4.69  13.70  0.0000  0.9920      18.697      18.697      16.880      15.857      15.579      15.159      13.891      14.905      14.133      13.587      11.905      12.038      11.417      11.568      10.998      11.371      12.928      15.210      11.763
  0.0720  2896.   -2.61   4.70  13.88  0.0000  0.9890      18.581      18.581      16.760      15.747      15.470      15.052      13.804      14.802      14.051      13.511      11.840      11.965      11.353      11.505      10.944      11.306      12.862      15.107      11.702
  0.0750  2916.   -2.57   4.69  14.20  0.0000  0.9820      18.409      18.409      16.584      15.589      15.314      14.901      13.671      14.651      13.918      13.387      11.735      11.854      11.256      11.406      10.857      11.208      12.758      14.957      11.606
  0.0800  2945.   -2.53   4.70  14.63  0.0000  0.9600      18.170      18.170      16.338      15.370      15.096      14.694      13.482      14.439      13.730      13.209      11.588      11.699      11.121      11.268      10.734      11.069      12.612      14.747      11.470
  0.0900  2996.   -2.45   4.69  15.53  0.0000  0.8620      17.728      17.728      15.884      14.964      14.694      14.310      13.133      14.049      13.381      12.879      11.312      11.410      10.868      11.008      10.503      10.809      12.339      14.358      11.217
  0.1000  3037.   -2.38   4.70  16.30  0.0000  0.5960      17.384      17.384      15.435      14.578      14.323      13.937      12.808      13.668      13.053      12.578      11.092      11.171      10.669      10.802      10.324      10.602      12.106      13.986      11.011
  0.2000  3280.   -1.94   4.69  23.29  0.0000  0.0000      15.493      15.493      13.432      12.667      12.421      12.056      11.030      11.701      11.263      10.887       9.754       9.760       9.420       9.520       9.160       9.336      10.694      12.068       9.726
  0.3000  3407.   -1.69   4.68  28.86  0.0000  0.0000      14.594      14.594      12.562      11.779      11.514      11.171      10.155      10.765      10.379      10.037       9.049       9.032       8.750       8.838       8.522       8.667       9.944      11.155       9.033
  0.4000  3512.   -1.50   4.67  33.63  0.0000  0.0000      13.952      13.952      11.938      11.134      10.855      10.528       9.521      10.084       9.735       9.417       8.540       8.507       8.267       8.344       8.060       8.187       9.393      10.492       8.529
  0.5000  3617.   -1.34   4.65  38.41  0.0000  0.0000      13.368      13.368      11.364      10.532      10.236       9.929       8.934       9.448       9.134       8.841       8.074       8.028       7.827       7.894       7.640       7.751       8.880       9.873       8.067
  0.6000  3821.   -1.13   4.62  43.56  0.0000  0.0000      12.601      12.601      10.613       9.735       9.409       9.138       8.166       8.601       8.340       8.088       7.507       7.444       7.303       7.355       7.149       7.239       8.220       9.051       7.499
  0.7000  4270.   -0.83   4.58  49.26  0.0000  0.0000      11.159      11.159       9.318       8.507       8.138       8.021       6.986       7.366       7.145       6.930       6.673       6.605       6.543       6.572       6.439       6.507       7.207       7.812       6.645
  0.8000  4938.   -0.49   4.55  54.47  0.0000  0.0049       8.961       8.961       7.555       6.966       6.681       6.532       5.875       6.122       5.987       5.847       5.738       5.700       5.678       5.689       5.623       5.668       6.101       6.482       5.722
  0.9000  5236.   -0.36   4.58  56.23  0.0000  0.0827       8.192       8.192       6.951       6.445       6.198       6.032       5.515       5.713       5.605       5.491       5.406       5.378       5.364       5.373       5.329       5.367       5.718       6.035       5.400
  1.0000  5536.   -0.17   4.53  62.80  0.0000  0.3070       7.339       7.339       6.236       5.807       5.594       5.429       5.019       5.176       5.091       4.999       4.935       4.915       4.905       4.914       4.891       4.921       5.200       5.463       4.934
  1.1000  5833.    0.03   4.46  71.03  0.0000  0.5740       6.566       6.566       5.555       5.190       5.003       4.853       4.526       4.647       4.581       4.507       4.461       4.449       4.444       4.452       4.446       4.470       4.683       4.902       4.466
  1.2000  6133.    0.23   4.39  80.67  0.0000  0.7700       5.856       5.856       4.902       4.594       4.430       4.300       4.046       4.133       4.083       4.028       3.999       3.993       3.995       4.000       4.011       4.028       4.179       4.356       4.009
  1.3000  6435.    0.40   4.33  89.97  0.0000  0.8800       5.261       5.261       4.320       4.059       3.914       3.808       3.620       3.674       3.641       3.604       3.591       3.592       3.600       3.603       3.629       3.640       3.729       3.867       3.60