#   t (Gyr) =  0.500

    M/MsTeff(K)    L/Ls  lg(g)  R(Gcm       D      Li         F33        F33B         F41        F45B         F47         F51         FHa         F57        F63B         F67         F75         F78         F82        F82B         F89       G_RSV           G        G_BP        G_RP

  0.0400  1388.   -4.45   5.01   7.24  0.0000  1.0000      29.679      29.679      26.766      25.045      24.317      25.001      21.233      25.074      21.496      20.665      20.507      20.094      18.257      18.212      16.874      17.345      19.442      24.314      18.028
  0.0500  1698.   -4.12   5.12   7.10  0.0000  0.9470      28.769      28.769      25.837      23.807      23.523      22.812      19.418      22.391      19.850      19.070      18.468      18.335      17.266      17.398      16.423      16.781      18.648      22.020      17.350
  0.0750  2435.   -3.44   5.25   7.51  0.0000  0.0000      25.201      25.201      23.105      20.859      20.479      19.958      17.370      19.272      17.764      17.040      15.409      15.471      14.212      14.455      13.460      14.185      15.796      19.428      14.461
  0.0800  2539.   -3.34   5.25   7.76  0.0000  0.0000      23.917      23.917      22.044      19.942      19.567      19.062      16.909      18.529      17.247      16.550      14.737      14.872      13.743      13.981      13.084      13.731      15.354      18.788      14.046
  0.0900  2696.   -3.18   5.24   8.29  0.0000  0.0000      22.078      22.078      20.302      18.549      18.185      17.706      15.984      17.343      16.229      15.572      13.708      13.934      13.036      13.220      12.460      12.983      14.610      17.639      13.355
  0.1000  2828.   -3.03   5.22   8.93  0.0000  0.0000      20.639      20.639      18.844      17.394      17.030      16.631      15.083      16.233      15.374      14.794      13.058      13.189      12.470      12.648      12.032      12.412      14.030      16.571      12.832
  0.2000  3260.   -2.32   5.06  15.21  0.0000  0.0000      16.625      16.625      14.546      13.680      13.400      13.042      11.948      12.635      12.201      11.828      10.712      10.706      10.369      10.469      10.109      10.276      11.643      13.025      10.674
  0.3000  3415.   -1.99   4.98  20.34  0.0000  0.0000      15.376      15.376      13.360      12.516      12.232      11.892      10.826      11.439      11.065      10.731       9.790       9.759       9.493       9.577       9.269       9.404      10.666      11.849       9.768
  0.4000  3524.   -1.73   4.90  25.77  0.0000  0.0000      14.499      14.499      12.505      11.664      11.372      11.050      10.009      10.573      10.233       9.923       9.085       9.044       8.817       8.891       8.615       8.734       9.922      10.993       9.072
  0.5000  3682.   -1.46   4.81  32.09  0.0000  0.0000      13.565      13.565      11.585      10.724      10.413      10.119       9.110       9.602       9.310       9.033       8.348       8.292       8.118       8.178       7.944       8.045       9.116      10.041       8.339
  0.6000  3968.   -1.17   4.73  38.70  0.0000  0.0000      12.479      12.479      10.529       9.632       9.290       9.042       8.086       8.484       8.249       8.018       7.559       7.493       7.386       7.427       7.251       7.330       8.206       8.939       7.547
  0.7000  4386.   -0.87   4.67  44.47  0.0000  0.0000      11.017      11.017       9.255       8.474       8.111       8.000       7.009       7.374       7.165       6.963       6.756       6.693       6.641       6.666       6.549       6.612       7.251       7.807       6.726
  0.8000  4821.   -0.60   4.62  50.18  0.0000  0.0033       9.448       9.448       7.974       7.346       7.041       6.906       6.178       6.450       6.300       6.148       6.027       5.985       5.958       5.971       5.895       5.944       6.414       6.825       6.008
  0.9000  5211.   -0.36   4.57  56.81  0.0000  0.0801       8.223       8.223       6.970       6.457       6.208       6.042       5.515       5.717       5.607       5.491       5.405       5.375       5.360       5.370       5.324       5.363       5.721       6.042       5.397
  1.0000  5576.   -0.14   4.51  64.08  0.0000  0.3070       7.223       7.223       6.134       5.715       5.506       5.342       4.944       5.096       5.013       4.923       4.862       4.843       4.834       4.843       4.823       4.852       5.121       5.378       4.863
  1.1000  5904.    0.07   4.44  72.64  0.0000  0.5740       6.408       6.408       5.413       5.063       4.881       4.735       4.425       4.538       4.476       4.407       4.365       4.354       4.350       4.358       4.357       4.379       4.577       4.786       4.371
  1.2000  6182.    0.26   4.37  82.50  0.0000  0.7700       5.745       5.745       4.794       4.495       4.335       4.208       3.965       4.046       4.000       3.947       3.921       3.916       3.919       3.924       3.938       3.954       4.094       4.265       3.932
  1.3000  6451.    0.43   4.31  92.32  0.0000  0.8800       5.191       5.191       4.247       3.988       3.844       3.739       3.555       3.606       3.575       3.539       3.527       3.528       3.537       3.539       3.566       3.577       3.662       3.798       3.542
  1.4000  6742.    0.59   4.26 101.27  0.0000  0.9380       4.711       4.711       3.749       3.524       3.393       3.309       3.190       3.207       3.193       3.173       3.177       3.185       3.201       3.200       3.239       3.248       3.271       3.372       3.197