#   t (Gyr) = 10.000
#-----------------------------------------------------------------------------------------------------------------------------------------------------------------------------------------------------------------------------------------------------------------------------------------
    M/MsTeff(K)    L/Ls  lg(g)  R(Gcm       D      Li         F33        F33B         F41        F45B         F47         F51         FHa         F57        F63B         F67         F75         F78         F82        F82B         F89       G_RSV           G        G_BP        G_RP
#-----------------------------------------------------------------------------------------------------------------------------------------------------------------------------------------------------------------------------------------------------------------------------------------
  0.0700  1626.   -4.30   5.37   6.28  0.0000  0.0000      29.117      29.117      26.203      24.259      23.820      23.500      20.017      23.378      20.424      19.621      19.148      19.000      17.719      17.849      16.798      17.150      19.100      22.814      17.777
  0.0720  1790.   -4.12   5.37   6.38  0.0000  0.0000      28.291      28.291      25.442      23.347      22.915      22.548      19.254      22.447      19.711      18.919      18.379      18.252      16.939      17.072      15.975      16.457      18.301      21.911      16.965
  0.0900  2646.   -3.25   5.28   7.90  0.0000  0.0000      22.816      22.816      21.029      19.180      18.786      18.361      16.370      17.833      16.655      15.979      14.118      14.303      13.319      13.528      12.721      13.280      14.917      18.134      13.641
  0.1000  2812.   -3.06   5.24   8.73  0.0000  0.0000      20.823      20.823      19.025      17.535      17.171      16.758      15.206      16.371      15.498      14.912      13.161      13.296      12.560      12.741      12.115      12.502      14.126      16.706      12.922
  0.2000  3265.   -2.31   5.05  15.42  0.0000  0.0000      16.571      16.571      14.495      13.633      13.354      12.997      11.905      12.590      12.157      11.785      10.673      10.667      10.332      10.431      10.073      10.239      11.603      12.980      10.636
  0.3000  3416.   -1.95   4.94  21.36  0.0000  0.0000      15.260      15.260      13.243      12.408      12.126      11.786      10.727      11.339      10.963      10.629       9.683       9.654       9.386       9.470       9.162       9.298      10.562      11.746       9.662
  0.4000  3524.   -1.70   4.87  26.67  0.0000  0.0000      14.425      14.425      12.428      11.592      11.301      10.979       9.942      10.505      10.165       9.854       9.013       8.972       8.744       8.819       8.541       8.662       9.851      10.924       9.000
  0.5000  3689.   -1.43   4.78  33.05  0.0000  0.0000      13.487      13.487      11.505      10.644      10.333      10.039       9.035       9.523       9.232       8.957       8.275       8.220       8.047       8.107       7.874       7.975       9.042       9.962       8.267
  0.6000  4013.   -1.12   4.70  39.92  0.0000  0.0000      12.305      12.305      10.362       9.472       9.124       8.897       7.929       8.321       8.090       7.863       7.435       7.368       7.269       7.308       7.139       7.217       8.065       8.777       7.422
  0.7000  4493.   -0.79   4.63  46.43  0.0000  0.0000      10.582      10.582       8.893       8.149       7.798       7.685       6.755       7.099       6.905       6.715       6.543       6.485       6.442       6.463       6.356       6.416       7.005       7.517       6.514
  0.8000  5002.   -0.47   4.55  54.44  0.0000  0.0000       8.799       8.799       7.431       6.862       6.586       6.431       5.809       6.044       5.916       5.781       5.679       5.643       5.623       5.634       5.572       5.616       6.030       6.395       5.665
  0.9000  5495.   -0.12   4.42  67.60  0.0000  0.0626       7.255       7.255       6.132       5.697       5.483       5.313       4.894       5.055       4.968       4.873       4.807       4.785       4.775       4.784       4.758       4.789       5.077       5.347       4.805