#   t (Gyr) =  0.040

    M/MsTeff(K)    L/Ls  lg(g)  R(Gcm       D      Li         F33        F33B         F41        F45B         F47         F51         FHa         F57        F63B         F67         F75         F78         F82        F82B         F89       G_RSV           G        G_BP        G_RP

  0.0100  1206.   -4.47   4.18   9.40  0.9850  1.0000      30.325      30.325      27.501      25.743      24.831      26.372      22.999      26.749      23.108      22.253      21.780      21.052      19.105      18.685      17.085      17.826      19.828      25.433      18.342
  0.0150  1996.   -3.45   4.21  11.07  0.0368  1.0000      27.792      27.792      25.177      23.000      22.793      21.842      18.503      20.437      18.832      18.111      16.973      16.717      15.582      15.690      14.428      15.526      16.880      20.652      15.486
  0.0200  2005.   -3.52   4.41  10.13  0.0000  1.0000      27.944      27.944      25.213      23.038      22.833      21.880      18.549      20.528      18.893      18.171      17.086      16.840      15.695      15.795      14.530      15.595      16.978      20.714      15.586
  0.0300  2366.   -3.18   4.54  10.71  0.0000  1.0000      23.991      23.991      22.248      20.138      19.863      19.139      17.112      18.764      17.369      16.645      14.780      14.913      13.724      13.945      12.917      13.847      15.282      19.001      13.940
  0.0400  2581.   -2.95   4.59  11.73  0.0000  1.0000      21.364      21.364      19.736      18.349      18.022      17.591      15.879      17.295      16.070      15.375      13.384      13.630      12.685      12.869      12.034      12.726      14.256      17.554      12.972
  0.0500  2699.   -2.80   4.61  12.82  0.0000  1.0000      19.806      19.806      18.041      16.827      16.578      16.015      14.899      16.016      15.111      14.504      12.599      12.790      12.017      12.192      11.508      12.016      13.580      16.259      12.356
  0.0600  2830.   -2.65   4.62  13.75  0.0000  1.0000      18.955      18.955      17.145      16.143      15.870      15.458      14.101      15.178      14.321      13.745      12.027      12.194      11.542      11.689      11.084      11.499      13.056      15.479      11.873
  0.0700  2904.   -2.55   4.63  14.80  0.0000  0.9990      18.315      18.315      16.482      15.508      15.249      14.806      13.634      14.607      13.875      13.342      11.676      11.802      11.199      11.348      10.793      11.154      12.701      14.902      11.547
  0.0720  2916.   -2.53   4.63  15.00  0.0000  0.9980      18.213      18.213      16.378      15.414      15.156      14.718      13.553      14.516      13.794      13.265      11.613      11.735      11.140      11.288      10.740      11.094      12.638      14.812      11.488
  0.0750  2933.   -2.50   4.63  15.26  0.0000  0.9960      18.077      18.077      16.238      15.288      15.031      14.599      13.443      14.393      13.684      13.162      11.527      11.644      11.062      11.208      10.669      11.013      12.553      14.690      11.409
  0.0800  2961.   -2.45   4.63  15.81  0.0000  0.9930      17.832      17.832      15.985      15.062      14.806      14.384      13.248      14.175      13.488      12.977      11.371      11.482      10.918      11.061      10.537      10.866      12.398      14.474      11.266
  0.0900  3007.   -2.38   4.63  16.76  0.0000  0.9730      17.428      17.428      15.551      14.675      14.425      14.018      12.911      13.798      13.152      12.661      11.112      11.208      10.679      10.816      10.319      10.620      12.138      14.100      11.025
  0.1000  3046.   -2.31   4.63  17.55  0.0000  0.9060      17.115      17.115      15.135      14.319      14.081      13.679      12.599      13.436      12.838      12.371      10.904      10.980      10.488      10.619      10.148      10.422      11.915      13.749      10.829
  0.2000  3280.   -1.87   4.62  25.23  0.0000  0.0000      15.300      15.300      13.239      12.493      12.253      11.887      10.872      11.543      11.102      10.724       9.582       9.591       9.249       9.349       8.988       9.167      10.525      11.904       9.555
  0.3000  3410.   -1.62   4.61  31.10  0.0000  0.0000      14.414      14.414      12.379      11.608      11.347      11.004       9.999      10.607      10.220       9.877       8.884       8.869       8.585       8.673       8.356       8.504       9.780      10.993       8.869
  0.4000  3509.   -1.44   4.61  36.07  0.0000  0.0000      13.805      13.805      11.786      10.992      10.717      10.389       9.390       9.953       9.601       9.282       8.395       8.365       8.121       8.199       7.913       8.041       9.252      10.357       8.385
  0.5000  3606.   -1.29   4.60  40.68  0.0000  0.0000      13.276      13.276      11.266      10.443      10.150       9.841       8.850       9.367       9.050       8.754       7.970       7.927       7.720       7.789       7.531       7.644       8.784       9.790       7.964
  0.6000  3771.   -1.12   4.59  45.42  0.0000  0.0000      12.636      12.636      10.637       9.771       9.452       9.172       8.199       8.650       8.377       8.116       7.488       7.429       7.274       7.329       7.112       7.207       8.226       9.094       7.481
  0.7000  4084.   -0.88   4.56  50.73  0.0000  0.0000      11.628      11.628       9.698       8.857       8.493       8.343       7.284       7.686       7.448       7.216       6.836       6.763       6.674       6.713       6.552       6.628       7.447       8.146       6.816
  0.8000  4645.   -0.57   4.52  56.52  0.0000  0.0050       9.682       9.682       8.094       7.410       7.082       6.958       6.129       6.437       6.266       6.095       5.952       5.902       5.867       5.884       5.793       5.847       6.374       6.834       5.927
  0.9000  5301.   -0.25   4.48  62.55  0.0000  0.0828       7.814       7.814       6.605       6.121       5.884       5.713       5.226       5.413       5.312       5.203       5.123       5.097       5.084       5.093       5.053       5.089       5.423       5.727       5.118
  1.0000  5570.   -0.15   4.52  63.12  0.0000  0.3070       7.266       7.266       6.176       5.755       5.545       5.381       4.981       5.134       5.051       4.961       4.899       4.880       4.871       4.880       4.859       4.888       5.159       5.417       4.899
  1.1000  5822.    0.02   4.47  70.57  0.0000  0.5750       6.597       6.597       5.584       5.217       5.029       4.878       4.548       4.670       4.604       4.529       4.483       4.470       4.465       4.473       4.467       4.491       4.706       4.927       4.488
  1.2000  6090.    0.21   4.39  80.33  0.0000  0.7700       5.922       5.922       4.962       4.648       4.481       4.348       4.083       4.175       4.123       4.065       4.034       4.027       4.027       4.034       4.042       4.060       4.220       4.402       4.043
  1.3000  6413.    0.40   4.33  90.32  0.0000  0.8800       5.278       5.278       4.336       4.072       3.925       3.817       3.625       3.681       3.648       3.609       3.595       3.595       3.603       3.606       3.631       3.643       3.735       3.876       3.609
  1.4000  6757.    0.56   4.29  97.46  0.0000  0.9380       4.776       4.776       3.819       3.596       3.465       3.382       3.265       3.281       3.267       3.248       3.252       3.261       3.277       3.277       3.316       3.325       3.345       3.445       3.273
