#   t (Gyr) =  8.000
#-----------------------------------------------------------------------------------------------------------------------------------------------------------------------------------------------------------------------------------------------------------------------------------------
    M/MsTeff(K)    L/Ls  lg(g)  R(Gcm       D      Li         F33        F33B         F41        F45B         F47         F51         FHa         F57        F63B         F67         F75         F78         F82        F82B         F89       G_RSV           G        G_BP        G_RP
#-----------------------------------------------------------------------------------------------------------------------------------------------------------------------------------------------------------------------------------------------------------------------------------------
  0.0700  1626.   -4.30   5.37   6.28  0.0000  0.0000      29.117      29.117      26.203      24.259      23.820      23.501      20.017      23.379      20.424      19.621      19.148      19.000      17.719      17.850      16.798      17.150      19.101      22.814      17.777
  0.0720  1789.   -4.12   5.37   6.38  0.0000  0.0000      28.291      28.291      25.443      23.347      22.916      22.548      19.254      22.447      19.711      18.919      18.380      18.253      16.940      17.073      15.977      16.458      18.302      21.912      16.966
  0.0900  2645.   -3.25   5.28   7.90  0.0000  0.0000      22.824      22.824      21.037      19.186      18.793      18.368      16.374      17.838      16.659      15.984      14.122      14.307      13.322      13.531      12.723      13.283      14.920      18.139      13.643
  0.1000  2812.   -3.06   5.24   8.73  0.0000  0.0000      20.828      20.828      19.030      17.538      17.175      16.760      15.210      16.375      15.501      14.916      13.163      13.299      12.562      12.743      12.116      12.505      14.128      16.709      12.924
  0.2000  3264.   -2.31   5.05  15.36  0.0000  0.0000      16.586      16.586      14.509      13.646      13.366      13.009      11.917      12.602      12.169      11.797      10.684      10.678      10.342      10.442      10.083      10.249      11.614      12.992      10.646
  0.3000  3416.   -1.95   4.95  21.24  0.0000  0.0000      15.274      15.274      13.257      12.421      12.139      11.799      10.739      11.351      10.976      10.641       9.696       9.666       9.399       9.483       9.175       9.311      10.574      11.759       9.675
  0.4000  3522.   -1.70   4.87  26.60  0.0000  0.0000      14.434      14.434      12.437      11.601      11.310      10.987       9.951      10.514      10.174       9.863       9.020       8.980       8.751       8.826       8.548       8.669       9.859      10.933       9.007
  0.5000  3686.   -1.44   4.79  32.93  0.0000  0.0000      13.503      13.503      11.521      10.661      10.350      10.056       9.050       9.540       9.248       8.972       8.288       8.233       8.059       8.119       7.886       7.986       9.056       9.979       8.280
  0.6000  4001.   -1.13   4.70  39.74  0.0000  0.0000      12.347      12.347      10.398       9.499       9.154       8.914       7.965       8.353       8.124       7.897       7.461       7.394       7.293       7.333       7.162       7.240       8.094       8.808       7.448
  0.7000  4467.   -0.81   4.64  46.04  0.0000  0.0000      10.683      10.683       8.976       8.223       7.869       7.757       6.812       7.160       6.963       6.770       6.590       6.531       6.486       6.508       6.399       6.459       7.060       7.582       6.561
  0.8000  4958.   -0.50   4.57  53.38  0.0000  0.0000       8.956       8.956       7.562       6.978       6.695       6.545       5.898       6.141       6.008       5.870       5.763       5.725       5.704       5.715       5.650       5.695       6.123       6.498       5.748
  0.9000  5420.   -0.19   4.46  64.08  0.0000  0.0632       7.518       7.518       6.365       5.910       5.688       5.516       5.072       5.243       5.151       5.050       4.978       4.955       4.944       4.953       4.922       4.954       5.261       5.544       4.976
  1.0000  5772.    0.15   4.28  83.22  0.0000  0.3060       6.326       6.326       5.285       4.913       4.725       4.568       4.228       4.355       4.286       4.209       4.160       4.145       4.140       4.148       4.139       4.164       4.389       4.616       4.163