#   t (Gyr) =  0.600

    M/MsTeff(K)    L/Ls  lg(g)  R(Gcm       D      Li         F33        F33B         F41        F45B         F47         F51         FHa         F57        F63B         F67         F75         F78         F82        F82B         F89       G_RSV           G        G_BP        G_RP

  0.0400  1343.   -4.52   5.02   7.13  0.0000  1.0000      29.919      29.919      27.039      25.310      24.496      25.567      22.009      25.815      22.213      21.373      21.113      20.568      18.668      18.464      17.004      17.602      19.644      24.832      18.196
  0.0500  1584.   -4.25   5.13   6.99  0.0000  0.9400      29.247      29.247      26.301      24.333      24.017      23.400      19.873      23.091      20.287      19.492      18.950      18.809      17.669      17.804      16.820      17.129      19.064      22.612      17.762
  0.0600  1972.   -3.88   5.22   6.93  0.0000  0.0003      28.187      28.187      25.335      23.220      22.893      22.266      18.912      21.708      19.375      18.606      17.868      17.711      16.472      16.594      15.438      16.129      17.797      21.400      16.439
  0.0800  2492.   -3.40   5.27   7.53  0.0000  0.0000      24.511      24.511      22.536      20.279      19.928      19.343      17.141      18.858      17.504      16.797      15.057      15.173      13.981      14.222      13.282      13.960      15.581      19.073      14.262
  0.0900  2676.   -3.21   5.26   8.14  0.0000  0.0000      22.366      22.366      20.587      18.798      18.422      17.967      16.134      17.535      16.394      15.729      13.866      14.077      13.146      13.339      12.560      13.098      14.729      17.834      13.465
  0.1000  2818.   -3.05   5.23   8.82  0.0000  0.0000      20.747      20.747      18.950      17.476      17.113      16.703      15.156      16.314      15.447      14.864      13.118      13.252      12.522      12.703      12.080      12.465      14.086      16.650      12.885
  0.2000  3260.   -2.32   5.06  15.21  0.0000  0.0000      16.626      16.626      14.547      13.681      13.400      13.043      11.948      12.636      12.201      11.828      10.712      10.706      10.369      10.469      10.110      10.276      11.643      13.025      10.674
  0.3000  3415.   -1.99   4.98  20.35  0.0000  0.0000      15.375      15.375      13.359      12.516      12.231      11.892      10.825      11.438      11.064      10.730       9.789       9.758       9.492       9.576       9.268       9.403      10.666      11.848       9.767
  0.4000  3522.   -1.73   4.90  25.86  0.0000  0.0000      14.495      14.495      12.501      11.661      11.369      11.046      10.006      10.570      10.230       9.920       9.080       9.039       8.811       8.886       8.609       8.729       9.918      10.990       9.067
  0.5000  3681.   -1.46   4.81  32.15  0.0000  0.0000      13.566      13.566      11.585      10.725      10.414      10.119       9.111       9.604       9.311       9.034       8.346       8.291       8.116       8.177       7.942       8.043       9.115      10.042       8.338
  0.6000  3969.   -1.17   4.72  38.74  0.0000  0.0000      12.476      12.476      10.525       9.628       9.286       9.039       8.082       8.480       8.245       8.015       7.556       7.490       7.383       7.424       7.248       7.327       8.203       8.935       7.544
  0.7000  4386.   -0.87   4.67  44.52  0.0000  0.0000      11.017      11.017       9.254       8.473       8.109       7.999       7.007       7.372       7.164       6.961       6.754       6.692       6.639       6.664       6.547       6.610       7.250       7.805       6.724
  0.8000  4821.   -0.60   4.62  50.26  0.0000  0.0030       9.443       9.443       7.969       7.341       7.036       6.901       6.174       6.445       6.296       6.144       6.023       5.980       5.954       5.967       5.891       5.940       6.409       6.820       6.004
  0.9000  5212.   -0.36   4.57  56.90  0.0000  0.0797       8.217       8.217       6.964       6.452       6.203       6.037       5.511       5.712       5.603       5.487       5.400       5.371       5.356       5.366       5.320       5.359       5.716       6.038       5.393
  1.0000  5580.   -0.14   4.51  64.26  0.0000  0.3070       7.210       7.210       6.123       5.704       5.495       5.331       4.935       5.086       5.004       4.915       4.853       4.835       4.826       4.835       4.814       4.844       5.112       5.368       4.854
  1.1000  5906.    0.07   4.44  72.87  0.0000  0.5740       6.397       6.397       5.403       5.054       4.872       4.726       4.416       4.529       4.467       4.398       4.357       4.346       4.342       4.350       4.349       4.371       4.569       4.777       4.363
  1.2000  6182.    0.26   4.36  82.90  0.0000  0.7700       5.734       5.734       4.783       4.484       4.324       4.197       3.954       4.035       3.990       3.936       3.910       3.906       3.908       3.913       3.927       3.943       4.084       4.254       3.921
  1.3000  6446.    0.44   4.30  93.10  0.0000  0.8800       5.179       5.179       4.234       3.974       3.830       3.724       3.540       3.592       3.560       3.524       3.511       3.513       3.521       3.524       3.550       3.562       3.647       3.784       3.526
  1.4000  6730.    0.59   4.25 102.23  0.0000  0.9380       4.703       4.703       3.739       3.514       3.382       3.298       3.176       3.195       3.179       3.159       3.162       3.170       3.186       3.186       3.224       3.233       3.258       3.360       3.182