#   t (Gyr) =  9.000
#-----------------------------------------------------------------------------------------------------------------------------------------------------------------------------------------------------------------------------------------------------------------------------------------
    M/MsTeff(K)    L/Ls  lg(g)  R(Gcm       D      Li         F33        F33B         F41        F45B         F47         F51         FHa         F57        F63B         F67         F75         F78         F82        F82B         F89       G_RSV           G        G_BP        G_RP
#-----------------------------------------------------------------------------------------------------------------------------------------------------------------------------------------------------------------------------------------------------------------------------------------
  0.0700  1626.   -4.30   5.37   6.28  0.0000  0.0000      29.117      29.117      26.203      24.259      23.820      23.501      20.017      23.379      20.424      19.621      19.148      19.000      17.719      17.849      16.798      17.150      19.100      22.814      17.777
  0.0720  1790.   -4.12   5.37   6.38  0.0000  0.0000      28.291      28.291      25.442      23.347      22.915      22.548      19.254      22.447      19.711      18.919      18.379      18.253      16.940      17.072      15.976      16.457      18.302      21.911      16.965
  0.0900  2646.   -3.25   5.28   7.90  0.0000  0.0000      22.819      22.819      21.033      19.183      18.789      18.364      16.372      17.835      16.657      15.982      14.120      14.305      13.320      13.529      12.722      13.281      14.919      18.136      13.642
  0.1000  2812.   -3.06   5.24   8.73  0.0000  0.0000      20.825      20.825      19.028      17.537      17.173      16.759      15.208      16.373      15.500      14.914      13.162      13.298      12.561      12.742      12.116      12.503      14.127      16.707      12.923
  0.2000  3264.   -2.31   5.05  15.39  0.0000  0.0000      16.579      16.579      14.502      13.640      13.360      13.003      11.911      12.596      12.163      11.791      10.678      10.672      10.337      10.437      10.078      10.244      11.609      12.986      10.641
  0.3000  3416.   -1.95   4.94  21.30  0.0000  0.0000      15.267      15.267      13.250      12.414      12.132      11.792      10.732      11.344      10.969      10.634       9.689       9.659       9.392       9.476       9.168       9.304      10.567      11.752       9.668
  0.4000  3523.   -1.70   4.87  26.64  0.0000  0.0000      14.429      14.429      12.432      11.596      11.306      10.983       9.946      10.510      10.169       9.858       9.016       8.976       8.747       8.822       8.545       8.665       9.855      10.929       9.003
  0.5000  3688.   -1.43   4.78  32.99  0.0000  0.0000      13.495      13.495      11.512      10.652      10.341      10.048       9.042       9.531       9.240       8.964       8.282       8.226       8.053       8.113       7.880       7.980       9.048       9.971       8.273
  0.6000  4007.   -1.13   4.70  39.83  0.0000  0.0000      12.326      12.326      10.381       9.486       9.140       8.905       7.947       8.338       8.107       7.880       7.448       7.381       7.281       7.321       7.151       7.229       8.080       8.793       7.435
  0.7000  4480.   -0.80   4.64  46.23  0.0000  0.0000      10.634      10.634       8.935       8.187       7.834       7.722       6.784       7.131       6.935       6.743       6.567       6.509       6.465       6.486       6.378       6.438       7.033       7.551       6.538
  0.8000  4980.   -0.49   4.56  53.89  0.0000  0.0000       8.878       8.878       7.497       6.920       6.641       6.489       5.854       6.093       5.962       5.826       5.721       5.685       5.664       5.675       5.612       5.656       6.077       6.447       5.707
  0.9000  5456.   -0.16   4.44  65.69  0.0000  0.0628       7.392       7.392       6.254       5.809       5.591       5.420       4.988       5.154       5.064       4.966       4.897       4.875       4.865       4.874       4.844       4.876       5.174       5.450       4.895