#   t (Gyr) =  0.120

    M/MsTeff(K)    L/Ls  lg(g)  R(Gcm       D      Li         F33        F33B         F41        F45B         F47         F51         FHa         F57        F63B         F67         F75         F78         F82        F82B         F89       G_RSV           G        G_BP        G_RP

  0.0200  1304.   -4.41   4.56   8.58  0.0000  1.0000      29.800      29.800      26.885      25.201      24.417      25.355      21.629      25.468      21.830      20.993      20.849      20.319      18.375      18.242      16.832      17.336      19.472      24.691      18.037
  0.0300  1779.   -3.88   4.75   8.44  0.0000  1.0000      28.601      28.601      25.674      23.533      23.352      22.375      19.090      21.525      19.511      18.768      17.995      17.809      16.886      17.001      15.997      16.520      18.234      21.456      16.927
  0.0400  2225.   -3.46   4.84   8.79  0.0000  1.0000      27.204      27.204      24.693      22.349      22.146      21.198      18.169      20.105      18.514      17.780      16.345      16.241      14.964      15.160      14.004      14.956      16.428      20.317      15.052
  0.0500  2471.   -3.23   4.88   9.31  0.0000  0.9970      23.711      23.711      21.938      19.963      19.595      19.090      16.892      18.500      17.185      16.477      14.616      14.755      13.610      13.842      12.897      13.668      15.204      18.767      13.882
  0.0600  2635.   -3.06   4.91   9.89  0.0000  0.9010      21.739      21.739      20.051      18.445      18.091      17.641      15.965      17.316      16.211      15.547      13.599      13.798      12.868      13.071      12.287      12.880      14.463      17.602      13.195
  0.0700  2757.   -2.94   4.93  10.47  0.0000  0.2440      20.382      20.382      18.609      17.170      16.873      16.330      15.088      16.209      15.329      14.737      12.909      13.086      12.333      12.507      11.851      12.305      13.889      16.499      12.678
  0.0720  2780.   -2.91   4.93  10.59  0.0000  0.1110      20.147      20.147      18.360      16.978      16.680      16.154      14.913      16.006      15.155      14.575      12.785      12.953      12.233      12.401      11.768      12.196      13.779      16.304      12.579
  0.0750  2810.   -2.88   4.93  10.78  0.0000  0.0171      19.867      19.867      18.070      16.759      16.457      15.965      14.699      15.766      14.946      14.379      12.631      12.786      12.103      12.265      11.657      12.056      13.638      16.076      12.451
  0.0800  2853.   -2.83   4.94  11.08  0.0000  0.0001      19.585      19.585      17.793      16.570      16.249      15.836      14.466      15.528      14.726      14.166      12.458      12.592      11.937      12.097      11.511      11.886      13.468      15.853      12.289
  0.0900  2924.   -2.74   4.94  11.69  0.0000  0.0000      19.071      19.071      17.282      16.182      15.841      15.526      14.056      15.094      14.329      13.787      12.149      12.254      11.647      11.803      11.254      11.589      13.163      15.437      12.003
  0.1000  2978.   -2.67   4.95  12.25  0.0000  0.0000      18.614      18.614      16.818      15.772      15.434      15.139      13.712      14.705      13.987      13.465      11.885      11.975      11.410      11.559      11.040      11.346      12.905      15.050      11.765
  0.2000  3270.   -2.19   4.93  17.62  0.0000  0.0000      16.215      16.215      14.146      13.318      13.049      12.690      11.621      12.300      11.867      11.494      10.375      10.372      10.036      10.136       9.777       9.946      11.308      12.683      10.341
  0.3000  3411.   -1.91   4.90  22.28  0.0000  0.0000      15.179      15.179      13.159      12.331      12.052      11.711      10.657      11.270      10.892      10.556       9.601       9.573       9.303       9.387       9.077       9.215      10.483      11.675       9.580
  0.4000  3536.   -1.68   4.86  26.97  0.0000  0.0000      14.363      14.363      12.367      11.530      11.238      10.918       9.885      10.442      10.105       9.797       8.967       8.926       8.702       8.775       8.501       8.620       9.801      10.862       8.955
  0.5000  3727.   -1.42   4.78  33.02  0.0000  0.0000      13.395      13.395      11.418      10.550      10.234       9.946       8.945       9.420       9.138       8.870       8.223       8.165       8.002       8.060       7.836       7.932       8.972       9.863       8.214
  0.6000  4030.   -1.15   4.73  38.33  0.0000  0.0000      12.341      12.341      10.413       9.535       9.185       8.973       7.976       8.374       8.140       7.911       7.500       7.430       7.335       7.374       7.207       7.284       8.124       8.832       7.484
  0.7000  4400.   -0.88   4.68  43.93  0.0000  0.0000      11.000      11.000       9.247       8.470       8.107       7.997       7.012       7.374       7.168       6.967       6.766       6.704       6.653       6.677       6.561       6.624       7.257       7.806       6.736
  0.8000  4825.   -0.61   4.63  49.66  0.0000  0.0046       9.460       9.460       7.988       7.361       7.056       6.922       6.196       6.467       6.317       6.165       6.045       6.003       5.976       5.990       5.914       5.963       6.431       6.841       6.026
  0.9000  5208.   -0.37   4.58  56.22  0.0000  0.0822       8.252       8.252       6.997       6.483       6.234       6.068       5.540       5.742       5.632       5.516       5.429       5.400       5.385       5.395       5.349       5.387       5.746       6.068       5.422
  1.0000  5547.   -0.16   4.52  63.41  0.0000  0.3070       7.299       7.299       6.200       5.773       5.562       5.396       4.990       5.146       5.061       4.969       4.906       4.887       4.877       4.886       4.864       4.894       5.170       5.432       4.906
  1.1000  5889.    0.05   4.45  71.63  0.0000  0.5740       6.460       6.460       5.463       5.110       4.927       4.780       4.466       4.581       4.517       4.448       4.405       4.394       4.390       4.398       4.396       4.418       4.619       4.830       4.411
  1.2000  6172.    0.24   4.39  80.96  0.0000  0.7700       5.798       5.798       4.848       4.547       4.386       4.259       4.013       4.095       4.049       3.995       3.968       3.963       3.965       3.971       3.984       4.000       4.143       4.315       3.979
  1.3000  6455.    0.41   4.33  90.19  0.0000  0.8800       5.234       5.234       4.294       4.035       3.892       3.786       3.603       3.654       3.623       3.587       3.575       3.576       3.585       3.588       3.614       3.626       3.710       3.845       3.590
  1.4000  6767.    0.56   4.29  97.82  0.0000  0.9380       4.760       4.760       3.802       3.580       3.449       3.367       3.252       3.267       3.253       3.235       3.240       3.248       3.265       3.264       3.304       3.312       3.331       3.430       3.260