0.000000000000000000e+00 1.123750949017871426e+00 0.000000000000000000e+00 1.000000000000000000e+00 0.000000000000000000e+00 4.377000000000000000e+03 3.660000000000000142e+00 2.800000000000000266e-01 1.480000000000000000e+02
1.000000000000000000e+00 1.483292922355539389e-01 0.000000000000000000e+00 1.000000000000000000e+00 0.000000000000000000e+00 2.936000000000000000e+03 3.430000000000000160e+00 -1.169999999999999929e+00 1.480000000000000000e+02
2.000000000000000000e+00 3.717288884206222388e-01 0.000000000000000000e+00 1.000000000000000000e+00 0.000000000000000000e+00 3.428000000000000000e+03 3.479999999999999982e+00 -4.799999999999999822e-01 1.480000000000000000e+02
3.000000000000000000e+00 1.108295370205286234e+00 0.000000000000000000e+00 1.000000000000000000e+00 0.000000000000000000e+00 4.377000000000000000e+03 3.660000000000000142e+00 2.800000000000000266e-01 1.480000000000000000e+02
4.000000000000000000e+00 1.311774694514488415e-01 0.000000000000000000e+00 1.000000000000000000e+00 0.000000000000000000e+00 2.908000000000000000e+03 3.419999999999999929e+00 -1.229999999999999982e+00 1.480000000000000000e+02
5.000000000000000000e+00 6.837202954884735728e-01 0.000000000000000000e+00 1.000000000000000000e+00 0.000000000000000000e+00 3.955000000000000000e+03 3.620000000000000107e+00 -7.000000000000000666e-02 1.480000000000000000e+02
6.000000000000000000e+00 2.096595410541009230e-01 0.000000000000000000e+00 1.000000000000000000e+00 0.000000000000000000e+00 2.936000000000000000e+03 3.430000000000000160e+00 -1.169999999999999929e+00 1.480000000000000000e+02
7.000000000000000000e+00 1.112209647561409609e+00 0.000000000000000000e+00 1.000000000000000000e+00 0.000000000000000000e+00 4.377000000000000000e+03 3.660000000000000142e+00 2.800000000000000266e-01 1.480000000000000000e+02
8.000000000000000000e+00 1.114024162772365933e+00 0.000000000000000000e+00 1.000000000000000000e+00 0.000000000000000000e+00 4.377000000000000000e+03 3.660000000000000142e+00 2.800000000000000266e-01 1.480000000000000000e+02
9.000000000000000000e+00 1.139273402624927600e+00 0.000000000000000000e+00 1.000000000000000000e+00 0.000000000000000000e+00 4.377000000000000000e+03 3.660000000000000142e+00 2.800000000000000266e-01 1.480000000000000000e+02
1.000000000000000000e+01 1.110527900268843737e+00 0.000000000000000000e+00 1.000000000000000000e+00 0.000000000000000000e+00 4.377000000000000000e+03 3.660000000000000142e+00 2.800000000000000266e-01 1.480000000000000000e+02
1.100000000000000000e+01 2.058763072917663972e-01 0.000000000000000000e+00 1.000000000000000000e+00 0.000000000000000000e+00 2.936000000000000000e+03 3.430000000000000160e+00 -1.169999999999999929e+00 1.480000000000000000e+02
1.200000000000000000e+01 3.011935553143589295e-01 0.000000000000000000e+00 1.000000000000000000e+00 0.000000000000000000e+00 3.226000000000000000e+03 3.379999999999999893e+00 -6.600000000000000311e-01 1.480000000000000000e+02
1.300000000000000000e+01 5.091358822455703814e-01 0.000000000000000000e+00 1.000000000000000000e+00 0.000000000000000000e+00 3.634000000000000000e+03 3.540000000000000036e+00 -3.200000000000000067e-01 1.480000000000000000e+02
1.400000000000000000e+01 1.175735951058513029e+00 0.000000000000000000e+00 1.000000000000000000e+00 0.000000000000000000e+00 4.456000000000000000e+03 3.669999999999999929e+00 3.499999999999999778e-01 1.480000000000000000e+02
1.500000000000000000e+01 3.982256900875807415e-01 0.000000000000000000e+00 1.000000000000000000e+00 0.000000000000000000e+00 3.428000000000000000e+03 3.479999999999999982e+00 -4.799999999999999822e-01 1.480000000000000000e+02
1.600000000000000000e+01 9.841016461997337261e-02 0.000000000000000000e+00 1.000000000000000000e+00 0.000000000000000000e+00 2.908000000000000000e+03 3.419999999999999929e+00 -1.229999999999999982e+00 1.480000000000000000e+02
1.700000000000000000e+01 1.167060646612923636e+00 0.000000000000000000e+00 1.000000000000000000e+00 0.000000000000000000e+00 4.456000000000000000e+03 3.669999999999999929e+00 3.499999999999999778e-01 1.480000000000000000e+02
1.800000000000000000e+01 2.025552715409874027e-01 0.000000000000000000e+00 1.000000000000000000e+00 0.000000000000000000e+00 2.936000000000000000e+03 3.430000000000000160e+00 -1.169999999999999929e+00 1.480000000000000000e+02
1.900000000000000000e+01 8.323734288140199888e-02 0.000000000000000000e+00 1.000000000000000000e+00 0.000000000000000000e+00 2.897000000000000000e+03 3.470000000000000195e+00 -1.360000000000000098e+00 1.480000000000000000e+02
2.000000000000000000e+01 2.327759419600413382e-01 0.000000000000000000e+00 1.000000000000000000e+00 0.000000000000000000e+00 2.936000000000000000e+03 3.430000000000000160e+00 -1.169999999999999929e+00 1.480000000000000000e+02
2.100000000000000000e+01 1.362688916622450730e+00 0.000000000000000000e+00 1.000000000000000000e+00 0.000000000000000000e+00 4.529000000000000000e+03 3.680000000000000160e+00 4.099999999999999756e-01 1.480000000000000000e+02
2.200000000000000000e+01 4.012205983132904885e-01 0.000000000000000000e+00 1.000000000000000000e+00 0.000000000000000000e+00 3.428000000000000000e+03 3.479999999999999982e+00 -4.799999999999999822e-01 1.480000000000000000e+02
2.300000000000000000e+01 1.141652767333337648e+00 0.000000000000000000e+00 1.000000000000000000e+00 0.000000000000000000e+00 4.377000000000000000e+03 3.660000000000000142e+00 2.800000000000000266e-01 1.480000000000000000e+02
2.400000000000000000e+01 1.471015552569143736e-01 0.000000000000000000e+00 1.000000000000000000e+00 0.000000000000000000e+00 2.936000000000000000e+03 3.430000000000000160e+00 -1.169999999999999929e+00 1.480000000000000000e+02
2.500000000000000000e+01 1.416624153547329790e-01 0.000000000000000000e+00 1.000000000000000000e+00 0.000000000000000000e+00 2.936000000000000000e+03 3.430000000000000160e+00 -1.169999999999999929e+00 1.480000000000000000e+02
2.600000000000000000e+01 1.119484489548006501e+00 0.000000000000000000e+00 1.000000000000000000e+00 0.000000000000000000e+00 4.377000000000000000e+03 3.660000000000000142e+00 2.800000000000000266e-01 1.480000000000000000e+02
2.700000000000000000e+01 2.557401531682960694e-01 0.000000000000000000e+00 1.000000000000000000e+00 0.000000000000000000e+00 3.226000000000000000e+03 3.379999999999999893e+00 -6.600000000000000311e-01 1.480000000000000000e+02
2.800000000000000000e+01 1.925095027157993355e-01 0.000000000000000000e+00 1.000000000000000000e+00 0.000000000000000000e+00 2.936000000000000000e+03 3.430000000000000160e+00 -1.169999999999999929e+00 1.480000000000000000e+02
2.900000000000000000e+01 3.833129957740931681e-01 0.000000000000000000e+00 1.000000000000000000e+00 0.000000000000000000e+00 3.428000000000000000e+03 3.479999999999999982e+00 -4.799999999999999822e-01 1.480000000000000000e+02
3.000000000000000000e+01 1.533703605141193416e-01 0.000000000000000000e+00 1.000000000000000000e+00 0.000000000000000000e+00 2.936000000000000000e+03 3.430000000000000160e+00 -1.169999999999999929e+00 1.480000000000000000e+02
3.100000000000000000e+01 1.135411876772710382e+00 0.000000000000000000e+00 1.000000000000000000e+00 0.000000000000000000e+00 4.377000000000000000e+03 3.660000000000000142e+00 2.800000000000000266e-01 1.480000000000000000e+02
3.200000000000000000e+01 5.927185970271291460e-01 0.000000000000000000e+00 1.000000000000000000e+00 0.000000000000000000e+00 3.802000000000000000e+03 3.589999999999999858e+00 -1.799999999999999933e-01 1.480000000000000000e+02
3.300000000000000000e+01 4.612669739380486633e-01 0.000000000000000000e+00 1.000000000000000000e+00 0.000000000000000000e+00 3.634000000000000000e+03 3.540000000000000036e+00 -3.200000000000000067e-01 1.480000000000000000e+02
3.400000000000000000e+01 4.218759032341707349e-01 0.000000000000000000e+00 1.000000000000000000e+00 0.000000000000000000e+00 3.428000000000000000e+03 3.479999999999999982e+00 -4.799999999999999822e-01 1.480000000000000000e+02
3.500000000000000000e+01 1.117394640290467756e+00 0.000000000000000000e+00 1.000000000000000000e+00 0.000000000000000000e+00 4.377000000000000000e+03 3.660000000000000142e+00 2.800000000000000266e-01 1.480000000000000000e+02
3.600000000000000000e+01 1.391632895006700510e+00 0.000000000000000000e+00 1.000000000000000000e+00 0.000000000000000000e+00 4.529000000000000000e+03 3.680000000000000160e+00 4.099999999999999756e-01 1.480000000000000000e+02
3.700000000000000000e+01 7.860421697437502964e-01 0.000000000000000000e+00 1.000000000000000000e+00 0.000000000000000000e+00 4.078000000000000000e+03 3.629999999999999893e+00 4.000000000000000083e-02 1.480000000000000000e+02
3.800000000000000000e+01 3.245357506868511432e-01 0.000000000000000000e+00 1.000000000000000000e+00 0.000000000000000000e+00 3.226000000000000000e+03 3.379999999999999893e+00 -6.600000000000000311e-01 1.480000000000000000e+02
3.900000000000000000e+01 6.800280635285048392e-02 0.000000000000000000e+00 1.000000000000000000e+00 0.000000000000000000e+00 2.864000000000000000e+03 3.520000000000000018e+00 -1.530000000000000027e+00 1.480000000000000000e+02
4.000000000000000000e+01 5.597224024489805272e-01 0.000000000000000000e+00 1.000000000000000000e+00 0.000000000000000000e+00 3.802000000000000000e+03 3.589999999999999858e+00 -1.799999999999999933e-01 1.480000000000000000e+02
4.100000000000000000e+01 2.985361833068841397e-01 0.000000000000000000e+00 1.000000000000000000e+00 0.000000000000000000e+00 3.226000000000000000e+03 3.379999999999999893e+00 -6.600000000000000311e-01 1.480000000000000000e+02
4.200000000000000000e+01 4.015181158931867555e-01 0.000000000000000000e+00 1.000000000000000000e+00 0.000000000000000000e+00 3.428000000000000000e+03 3.479999999999999982e+00 -4.799999999999999822e-01 1.480000000000000000e+02
4.300000000000000000e+01 2.159132671244891055e-01 0.000000000000000000e+00 1.000000000000000000e+00 0.000000000000000000e+00 2.936000000000000000e+03 3.430000000000000160e+00 -1.169999999999999929e+00 1.480000000000000000e+02
4.400000000000000000e+01 1.124978713756670690e+00 0.000000000000000000e+00 1.000000000000000000e+00 0.000000000000000000e+00 4.377000000000000000e+03 3.660000000000000142e+00 2.800000000000000266e-01 1.480000000000000000e+02
4.500000000000000000e+01 3.023606082969128028e-01 0.000000000000000000e+00 1.000000000000000000e+00 0.000000000000000000e+00 3.226000000000000000e+03 3.379999999999999893e+00 -6.600000000000000311e-01 1.480000000000000000e+02
4.600000000000000000e+01 4.786076013999031598e-01 0.000000000000000000e+00 1.000000000000000000e+00 0.000000000000000000e+00 3.634000000000000000e+03 3.540000000000000036e+00 -3.200000000000000067e-01 1.480000000000000000e+02
4.700000000000000000e+01 1.198290105876735900e+00 0.000000000000000000e+00 1.000000000000000000e+00 0.000000000000000000e+00 4.456000000000000000e+03 3.669999999999999929e+00 3.499999999999999778e-01 1.480000000000000000e+02
4.800000000000000000e+01 1.147669880894070848e+00 0.000000000000000000e+00 1.000000000000000000e+00 0.000000000000000000e+00 4.377000000000000000e+03 3.660000000000000142e+00 2.800000000000000266e-01 1.470000000000000000e+02
4.900000000000000000e+01 7.679036407592294555e-01 0.000000000000000000e+00 1.000000000000000000e+00 0.000000000000000000e+00 4.078000000000000000e+03 3.629999999999999893e+00 4.000000000000000083e-02 1.470000000000000000e+02
5.000000000000000000e+01 7.625082153910232030e-01 0.000000000000000000e+00 1.000000000000000000e+00 0.000000000000000000e+00 4.078000000000000000e+03 3.629999999999999893e+00 4.000000000000000083e-02 1.470000000000000000e+02
5.100000000000000000e+01 2.039754981352394636e-01 0.000000000000000000e+00 1.000000000000000000e+00 0.000000000000000000e+00 2.936000000000000000e+03 3.430000000000000160e+00 -1.169999999999999929e+00 1.470000000000000000e+02
5.200000000000000000e+01 1.325657885785458678e-01 0.000000000000000000e+00 1.000000000000000000e+00 0.000000000000000000e+00 2.908000000000000000e+03 3.419999999999999929e+00 -1.229999999999999982e+00 1.470000000000000000e+02
5.300000000000000000e+01 1.730648018530089871e+00 0.000000000000000000e+00 1.000000000000000000e+00 0.000000000000000000e+00 4.991142851656183666e+03 3.706999999999999851e+00 5.223961889991197260e+00 1.470000000000000000e+02
5.400000000000000000e+01 7.063581102583629256e-01 0.000000000000000000e+00 1.000000000000000000e+00 0.000000000000000000e+00 3.955000000000000000e+03 3.620000000000000107e+00 -7.000000000000000666e-02 1.470000000000000000e+02
5.500000000000000000e+01 7.405295610989971467e-01 0.000000000000000000e+00 1.000000000000000000e+00 0.000000000000000000e+00 3.955000000000000000e+03 3.620000000000000107e+00 -7.000000000000000666e-02 1.470000000000000000e+02
5.600000000000000000e+01 5.582420247827700743e-01 0.000000000000000000e+00 1.000000000000000000e+00 0.000000000000000000e+00 3.802000000000000000e+03 3.589999999999999858e+00 -1.799999999999999933e-01 1.470000000000000000e+02
5.700000000000000000e+01 2.779695880651966711e-01 0.000000000000000000e+00 1.000000000000000000e+00 0.000000000000000000e+00 3.226000000000000000e+03 3.379999999999999893e+00 -6.600000000000000311e-01 1.470000000000000000e+02
5.800000000000000000e+01 1.157847840872583633e+00 0.000000000000000000e+00 1.000000000000000000e+00 0.000000000000000000e+00 4.456000000000000000e+03 3.669999999999999929e+00 3.499999999999999778e-01 1.470000000000000000e+02
5.900000000000000000e+01 1.914547055256335395e-01 0.000000000000000000e+00 1.000000000000000000e+00 0.000000000000000000e+00 2.936000000000000000e+03 3.430000000000000160e+00 -1.169999999999999929e+00 1.470000000000000000e+02
6.000000000000000000e+01 1.235158651973104593e+00 0.000000000000000000e+00 1.000000000000000000e+00 0.000000000000000000e+00 4.456000000000000000e+03 3.669999999999999929e+00 3.499999999999999778e-01 1.470000000000000000e+02
6.100000000000000000e+01 9.576830888692343391e-02 0.000000000000000000e+00 1.000000000000000000e+00 0.000000000000000000e+00 2.908000000000000000e+03 3.419999999999999929e+00 -1.229999999999999982e+00 1.470000000000000000e+02
6.200000000000000000e+01 1.136564924443004942e+00 0.000000000000000000e+00 1.000000000000000000e+00 0.000000000000000000e+00 4.377000000000000000e+03 3.660000000000000142e+00 2.800000000000000266e-01 1.470000000000000000e+02
6.300000000000000000e+01 7.899759022436722011e-01 0.000000000000000000e+00 1.000000000000000000e+00 0.000000000000000000e+00 4.078000000000000000e+03 3.629999999999999893e+00 4.000000000000000083e-02 1.470000000000000000e+02
6.400000000000000000e+01 2.308166397871975473e-01 0.000000000000000000e+00 1.000000000000000000e+00 0.000000000000000000e+00 2.936000000000000000e+03 3.430000000000000160e+00 -1.169999999999999929e+00 1.470000000000000000e+02
6.500000000000000000e+01 3.877930926242855181e-01 0.000000000000000000e+00 1.000000000000000000e+00 0.000000000000000000e+00 3.428000000000000000e+03 3.479999999999999982e+00 -4.799999999999999822e-01 1.470000000000000000e+02
6.600000000000000000e+01 1.581806134823624255e-01 0.000000000000000000e+00 1.000000000000000000e+00 0.000000000000000000e+00 2.936000000000000000e+03 3.430000000000000160e+00 -1.169999999999999929e+00 1.470000000000000000e+02
6.700000000000000000e+01 4.710375159369289411e-01 0.000000000000000000e+00 1.000000000000000000e+00 0.000000000000000000e+00 3.634000000000000000e+03 3.540000000000000036e+00 -3.200000000000000067e-01 1.470000000000000000e+02
6.800000000000000000e+01 1.134843028306311119e+00 0.000000000000000000e+00 1.000000000000000000e+00 0.000000000000000000e+00 4.377000000000000000e+03 3.660000000000000142e+00 2.800000000000000266e-01 1.470000000000000000e+02
6.900000000000000000e+01 1.206382091026807046e+00 0.000000000000000000e+00 1.000000000000000000e+00 0.000000000000000000e+00 4.456000000000000000e+03 3.669999999999999929e+00 3.499999999999999778e-01 1.470000000000000000e+02
7.000000000000000000e+01 5.173996410863332951e-01 0.000000000000000000e+00 1.000000000000000000e+00 0.000000000000000000e+00 3.634000000000000000e+03 3.540000000000000036e+00 -3.200000000000000067e-01 1.470000000000000000e+02
7.100000000000000000e+01 1.149410327988561686e+00 0.000000000000000000e+00 1.000000000000000000e+00 0.000000000000000000e+00 4.377000000000000000e+03 3.660000000000000142e+00 2.800000000000000266e-01 1.470000000000000000e+02
7.200000000000000000e+01 1.826749808554315180e-01 0.000000000000000000e+00 1.000000000000000000e+00 0.000000000000000000e+00 2.936000000000000000e+03 3.430000000000000160e+00 -1.169999999999999929e+00 1.470000000000000000e+02
7.300000000000000000e+01 1.115767060383407117e+00 0.000000000000000000e+00 1.000000000000000000e+00 0.000000000000000000e+00 4.377000000000000000e+03 3.660000000000000142e+00 2.800000000000000266e-01 1.470000000000000000e+02
7.400000000000000000e+01 3.824240161231258206e-01 0.000000000000000000e+00 1.000000000000000000e+00 0.000000000000000000e+00 3.428000000000000000e+03 3.479999999999999982e+00 -4.799999999999999822e-01 1.470000000000000000e+02
7.500000000000000000e+01 5.375659439222242320e-01 0.000000000000000000e+00 1.000000000000000000e+00 0.000000000000000000e+00 3.634000000000000000e+03 3.540000000000000036e+00 -3.200000000000000067e-01 1.470000000000000000e+02
7.600000000000000000e+01 9.729442398044587659e-01 0.000000000000000000e+00 1.000000000000000000e+00 0.000000000000000000e+00 4.290000000000000000e+03 3.660000000000000142e+00 2.099999999999999922e-01 1.470000000000000000e+02
7.700000000000000000e+01 1.113771730856773834e+00 0.000000000000000000e+00 1.000000000000000000e+00 0.000000000000000000e+00 4.377000000000000000e+03 3.660000000000000142e+00 2.800000000000000266e-01 1.470000000000000000e+02
7.800000000000000000e+01 1.493906043607802214e-01 0.000000000000000000e+00 1.000000000000000000e+00 0.000000000000000000e+00 2.936000000000000000e+03 3.430000000000000160e+00 -1.169999999999999929e+00 1.470000000000000000e+02
7.900000000000000000e+01 5.828820204106627267e-01 0.000000000000000000e+00 1.000000000000000000e+00 0.000000000000000000e+00 3.802000000000000000e+03 3.589999999999999858e+00 -1.799999999999999933e-01 1.470000000000000000e+02
8.000000000000000000e+01 1.515221201311784949e-01 0.000000000000000000e+00 1.000000000000000000e+00 0.000000000000000000e+00 2.936000000000000000e+03 3.430000000000000160e+00 -1.169999999999999929e+00 1.470000000000000000e+02
8.100000000000000000e+01 1.132578060769482198e+00 0.000000000000000000e+00 1.000000000000000000e+00 0.000000000000000000e+00 4.377000000000000000e+03 3.660000000000000142e+00 2.800000000000000266e-01 1.470000000000000000e+02
8.200000000000000000e+01 3.676737529141829164e-01 0.000000000000000000e+00 1.000000000000000000e+00 0.000000000000000000e+00 3.428000000000000000e+03 3.479999999999999982e+00 -4.799999999999999822e-01 1.470000000000000000e+02
8.300000000000000000e+01 3.145693566270971187e-01 0.000000000000000000e+00 1.000000000000000000e+00 0.000000000000000000e+00 3.226000000000000000e+03 3.379999999999999893e+00 -6.600000000000000311e-01 1.470000000000000000e+02
8.400000000000000000e+01 1.181632342510969602e+00 0.000000000000000000e+00 1.000000000000000000e+00 0.000000000000000000e+00 4.456000000000000000e+03 3.669999999999999929e+00 3.499999999999999778e-01 1.470000000000000000e+02
8.500000000000000000e+01 1.132150850896801453e+00 0.000000000000000000e+00 1.000000000000000000e+00 0.000000000000000000e+00 4.377000000000000000e+03 3.660000000000000142e+00 2.800000000000000266e-01 1.470000000000000000e+02
8.600000000000000000e+01 1.185781401806135227e+00 0.000000000000000000e+00 1.000000000000000000e+00 0.000000000000000000e+00 4.456000000000000000e+03 3.669999999999999929e+00 3.499999999999999778e-01 1.470000000000000000e+02
8.700000000000000000e+01 9.590241497790298608e-02 0.000000000000000000e+00 1.000000000000000000e+00 0.000000000000000000e+00 2.908000000000000000e+03 3.419999999999999929e+00 -1.229999999999999982e+00 1.470000000000000000e+02
8.800000000000000000e+01 1.145133995296363949e+00 0.000000000000000000e+00 1.000000000000000000e+00 0.000000000000000000e+00 4.377000000000000000e+03 3.660000000000000142e+00 2.800000000000000266e-01 1.470000000000000000e+02
8.900000000000000000e+01 5.353387421744059127e-01 0.000000000000000000e+00 1.000000000000000000e+00 0.000000000000000000e+00 3.634000000000000000e+03 3.540000000000000036e+00 -3.200000000000000067e-01 1.470000000000000000e+02
9.000000000000000000e+01 1.712246915636631284e-01 0.000000000000000000e+00 1.000000000000000000e+00 0.000000000000000000e+00 2.936000000000000000e+03 3.430000000000000160e+00 -1.169999999999999929e+00 1.470000000000000000e+02
9.100000000000000000e+01 2.716001805346020537e-01 0.000000000000000000e+00 1.000000000000000000e+00 0.000000000000000000e+00 3.226000000000000000e+03 3.379999999999999893e+00 -6.600000000000000311e-01 1.470000000000000000e+02
9.200000000000000000e+01 1.163857265082313130e+00 0.000000000000000000e+00 1.000000000000000000e+00 0.000000000000000000e+00 4.456000000000000000e+03 3.669999999999999929e+00 3.499999999999999778e-01 1.470000000000000000e+02
9.300000000000000000e+01 2.442543956649971815e-01 0.000000000000000000e+00 1.000000000000000000e+00 0.000000000000000000e+00 2.936000000000000000e+03 3.430000000000000160e+00 -1.169999999999999929e+00 1.470000000000000000e+02
9.400000000000000000e+01 8.439668763016867636e-01 0.000000000000000000e+00 1.000000000000000000e+00 0.000000000000000000e+00 4.078000000000000000e+03 3.629999999999999893e+00 4.000000000000000083e-02 1.470000000000000000e+02
9.500000000000000000e+01 7.951525103595331601e-01 0.000000000000000000e+00 1.000000000000000000e+00 0.000000000000000000e+00 4.078000000000000000e+03 3.629999999999999893e+00 4.000000000000000083e-02 1.470000000000000000e+02
