# # chi square, temperature, log(g), normalization
1.528493288867915112e+02 3.900000000000000000e+03 3.500000000000000000e+00 1.360088501123387861e+00
6.500933056466735138e+01 4.000000000000000000e+03 3.500000000000000000e+00 1.165730624441751795e+00
3.722773558092031720e+01 4.100000000000000000e+03 3.500000000000000000e+00 1.006796624739092483e+00
5.291004714778633655e+01 4.200000000000000000e+03 3.500000000000000000e+00 8.930692277829793690e-01
9.943635809179045282e+01 4.300000000000000000e+03 3.500000000000000000e+00 7.808077026370898732e-01
1.584973889623350090e+02 4.400000000000000000e+03 3.500000000000000000e+00 6.917970302427399742e-01
1.412210957859302027e+02 3.900000000000000000e+03 4.000000000000000000e+00 1.336370622429443600e+00
6.474045005395916519e+01 4.000000000000000000e+03 4.000000000000000000e+00 1.146210322962883721e+00
3.977734058112464766e+01 4.100000000000000000e+03 4.000000000000000000e+00 9.892069512269431319e-01
5.257505251658770362e+01 4.200000000000000000e+03 4.000000000000000000e+00 8.735972736141648376e-01
9.050526817957621972e+01 4.300000000000000000e+03 4.000000000000000000e+00 7.727560413657607041e-01
1.443779970042115508e+02 4.400000000000000000e+03 4.000000000000000000e+00 6.886433580682278510e-01
