# # chi square, temperature, log(g), normalization
4.746053192436664858e+02 2.600000000000000000e+03 3.500000000000000000e+00 1.696386824954170924e+00
2.560979242421408344e+02 2.700000000000000000e+03 3.500000000000000000e+00 1.253475159626624036e+00
2.656727682840170246e+02 2.800000000000000000e+03 3.500000000000000000e+00 9.770121387021786230e-01
3.855177631190247212e+02 2.900000000000000000e+03 3.500000000000000000e+00 7.615857517951927225e-01
5.598745325428313890e+02 3.000000000000000000e+03 3.500000000000000000e+00 6.132141466331851865e-01
8.093104452887951084e+02 3.100000000000000000e+03 3.500000000000000000e+00 5.092520207524212639e-01
9.722612986710259975e+02 2.600000000000000000e+03 4.000000000000000000e+00 1.575178783294264084e+00
6.824286916518663020e+02 2.700000000000000000e+03 4.000000000000000000e+00 1.191146133560518017e+00
6.512845313071454711e+02 2.800000000000000000e+03 4.000000000000000000e+00 9.096020142511763718e-01
7.723826881867784095e+02 2.900000000000000000e+03 4.000000000000000000e+00 7.134793862999474490e-01
9.699121726995247172e+02 3.000000000000000000e+03 4.000000000000000000e+00 5.828640399247767556e-01
1.261179511751867494e+03 3.100000000000000000e+03 4.000000000000000000e+00 4.829869783969674701e-01
