0.000000000000000000e+00 0.000000000000000000e+00 0.000000000000000000e+00 0.000000000000000000e+00 0.000000000000000000e+00 0.000000000000000000e+00 0.000000000000000000e+00 0.000000000000000000e+00 0.000000000000000000e+00
1.000000000000000000e+00 1.000000000000000000e+00 0.000000000000000000e+00 1.000000000000000000e+00 1.000000000000000000e+00 3.634000000000000000e+03 3.540000000000000036e+00 -3.200000000000000067e-01 1.500000000000000000e+02
2.000000000000000000e+00 2.292742260501281770e-01 0.000000000000000000e+00 1.000000000000000000e+00 1.000000000000000000e+00 3.226000000000000000e+03 3.379999999999999893e+00 -6.600000000000000311e-01 1.500000000000000000e+02
3.000000000000000000e+00 1.292547166600044095e+00 0.000000000000000000e+00 1.000000000000000000e+00 1.000000000000000000e+00 4.596000000000000000e+03 3.680000000000000160e+00 4.699999999999999734e-01 1.500000000000000000e+02
5.000000000000000000e+00 5.203934474988036740e-01 0.000000000000000000e+00 1.000000000000000000e+00 1.000000000000000000e+00 3.802000000000000000e+03 3.589999999999999858e+00 -1.799999999999999933e-01 1.500000000000000000e+02
6.000000000000000000e+00 8.232750296395444645e-01 0.000000000000000000e+00 1.000000000000000000e+00 1.000000000000000000e+00 4.192000000000000000e+03 3.649999999999999911e+00 1.300000000000000044e-01 1.500000000000000000e+02
7.000000000000000000e+00 1.120549425649857600e+00 0.000000000000000000e+00 1.000000000000000000e+00 1.000000000000000000e+00 4.456000000000000000e+03 3.669999999999999929e+00 3.499999999999999778e-01 1.500000000000000000e+02
8.000000000000000000e+00 2.717763232395549733e-01 0.000000000000000000e+00 1.000000000000000000e+00 1.000000000000000000e+00 3.428000000000000000e+03 3.479999999999999982e+00 -4.799999999999999822e-01 1.500000000000000000e+02
9.000000000000000000e+00 1.108216461884395709e+00 0.000000000000000000e+00 1.000000000000000000e+00 1.000000000000000000e+00 4.456000000000000000e+03 3.669999999999999929e+00 3.499999999999999778e-01 1.500000000000000000e+02
1.000000000000000000e+01 1.146752340824275906e+00 0.000000000000000000e+00 1.000000000000000000e+00 1.000000000000000000e+00 4.456000000000000000e+03 3.669999999999999929e+00 3.499999999999999778e-01 1.500000000000000000e+02
1.100000000000000000e+01 1.157340178072323367e+00 0.000000000000000000e+00 1.000000000000000000e+00 1.000000000000000000e+00 4.529000000000000000e+03 3.680000000000000160e+00 4.099999999999999756e-01 1.500000000000000000e+02
1.300000000000000000e+01 6.295027648611283277e-01 0.000000000000000000e+00 1.000000000000000000e+00 1.000000000000000000e+00 3.955000000000000000e+03 3.620000000000000107e+00 -7.000000000000000666e-02 1.500000000000000000e+02
1.400000000000000000e+01 1.364135123731386789e+00 0.000000000000000000e+00 1.000000000000000000e+00 1.000000000000000000e+00 4.658000000000000000e+03 3.680000000000000160e+00 5.200000000000000178e-01 1.500000000000000000e+02
1.500000000000000000e+01 6.115741020046900900e-01 0.000000000000000000e+00 1.000000000000000000e+00 1.000000000000000000e+00 3.955000000000000000e+03 3.620000000000000107e+00 -7.000000000000000666e-02 1.500000000000000000e+02
1.700000000000000000e+01 1.157573762807562856e+00 0.000000000000000000e+00 1.000000000000000000e+00 1.000000000000000000e+00 4.529000000000000000e+03 3.680000000000000160e+00 4.099999999999999756e-01 1.500000000000000000e+02
1.900000000000000000e+01 1.132224251974978779e+00 0.000000000000000000e+00 1.000000000000000000e+00 1.000000000000000000e+00 4.456000000000000000e+03 3.669999999999999929e+00 3.499999999999999778e-01 1.500000000000000000e+02
2.100000000000000000e+01 4.438145277249868070e-01 0.000000000000000000e+00 1.000000000000000000e+00 1.000000000000000000e+00 3.634000000000000000e+03 3.540000000000000036e+00 -3.200000000000000067e-01 1.500000000000000000e+02
2.200000000000000000e+01 3.438764485296451068e-01 0.000000000000000000e+00 1.000000000000000000e+00 1.000000000000000000e+00 3.428000000000000000e+03 3.479999999999999982e+00 -4.799999999999999822e-01 1.500000000000000000e+02
2.300000000000000000e+01 3.347592551984484022e-01 0.000000000000000000e+00 1.000000000000000000e+00 1.000000000000000000e+00 3.428000000000000000e+03 3.479999999999999982e+00 -4.799999999999999822e-01 1.500000000000000000e+02
2.700000000000000000e+01 1.120376462319685240e+00 0.000000000000000000e+00 1.000000000000000000e+00 1.000000000000000000e+00 4.456000000000000000e+03 3.669999999999999929e+00 3.499999999999999778e-01 1.500000000000000000e+02
2.800000000000000000e+01 4.083638492535934250e-01 0.000000000000000000e+00 1.000000000000000000e+00 1.000000000000000000e+00 3.634000000000000000e+03 3.540000000000000036e+00 -3.200000000000000067e-01 1.500000000000000000e+02
3.000000000000000000e+01 7.689952091275953361e-01 0.000000000000000000e+00 1.000000000000000000e+00 1.000000000000000000e+00 4.192000000000000000e+03 3.649999999999999911e+00 1.300000000000000044e-01 1.500000000000000000e+02
3.100000000000000000e+01 1.114390435790678424e+00 0.000000000000000000e+00 1.000000000000000000e+00 1.000000000000000000e+00 4.456000000000000000e+03 3.669999999999999929e+00 3.499999999999999778e-01 1.500000000000000000e+02
3.600000000000000000e+01 5.785871368155670602e-02 0.000000000000000000e+00 1.000000000000000000e+00 1.000000000000000000e+00 2.864000000000000000e+03 3.520000000000000018e+00 -1.530000000000000027e+00 1.500000000000000000e+02
4.000000000000000000e+01 8.250319371566888771e-01 0.000000000000000000e+00 1.000000000000000000e+00 1.000000000000000000e+00 4.192000000000000000e+03 3.649999999999999911e+00 1.300000000000000044e-01 1.500000000000000000e+02
4.100000000000000000e+01 1.255102966394960662e+00 0.000000000000000000e+00 1.000000000000000000e+00 1.000000000000000000e+00 4.596000000000000000e+03 3.680000000000000160e+00 4.699999999999999734e-01 1.500000000000000000e+02
4.700000000000000000e+01 1.152913625537292930e+00 0.000000000000000000e+00 1.000000000000000000e+00 1.000000000000000000e+00 4.529000000000000000e+03 3.680000000000000160e+00 4.099999999999999756e-01 1.500000000000000000e+02
4.800000000000000000e+01 3.641645638571634480e-01 0.000000000000000000e+00 1.000000000000000000e+00 1.000000000000000000e+00 3.634000000000000000e+03 3.540000000000000036e+00 -3.200000000000000067e-01 1.500000000000000000e+02
5.000000000000000000e+01 4.347734983940156339e-01 0.000000000000000000e+00 1.000000000000000000e+00 1.000000000000000000e+00 3.634000000000000000e+03 3.540000000000000036e+00 -3.200000000000000067e-01 1.500000000000000000e+02
5.100000000000000000e+01 1.115983548913000778e+00 0.000000000000000000e+00 1.000000000000000000e+00 1.000000000000000000e+00 4.456000000000000000e+03 3.669999999999999929e+00 3.499999999999999778e-01 1.500000000000000000e+02
5.200000000000000000e+01 2.125499530308209428e-01 0.000000000000000000e+00 1.000000000000000000e+00 1.000000000000000000e+00 3.226000000000000000e+03 3.379999999999999893e+00 -6.600000000000000311e-01 1.500000000000000000e+02
5.500000000000000000e+01 2.514500985218217632e-01 0.000000000000000000e+00 1.000000000000000000e+00 1.000000000000000000e+00 3.428000000000000000e+03 3.479999999999999982e+00 -4.799999999999999822e-01 1.500000000000000000e+02
5.600000000000000000e+01 1.195336114515645365e+00 0.000000000000000000e+00 1.000000000000000000e+00 1.000000000000000000e+00 4.529000000000000000e+03 3.680000000000000160e+00 4.099999999999999756e-01 1.500000000000000000e+02
5.900000000000000000e+01 1.134792543323746461e+00 0.000000000000000000e+00 1.000000000000000000e+00 1.000000000000000000e+00 4.456000000000000000e+03 3.669999999999999929e+00 3.499999999999999778e-01 1.500000000000000000e+02
6.000000000000000000e+01 2.914544992000899226e-01 0.000000000000000000e+00 1.000000000000000000e+00 1.000000000000000000e+00 3.428000000000000000e+03 3.479999999999999982e+00 -4.799999999999999822e-01 1.500000000000000000e+02
6.100000000000000000e+01 1.113255434455845183e+00 0.000000000000000000e+00 1.000000000000000000e+00 1.000000000000000000e+00 4.456000000000000000e+03 3.669999999999999929e+00 3.499999999999999778e-01 1.500000000000000000e+02
6.300000000000000000e+01 4.508537860544774012e-01 0.000000000000000000e+00 1.000000000000000000e+00 1.000000000000000000e+00 3.802000000000000000e+03 3.589999999999999858e+00 -1.799999999999999933e-01 1.500000000000000000e+02
6.500000000000000000e+01 2.464783015832444357e-01 0.000000000000000000e+00 1.000000000000000000e+00 1.000000000000000000e+00 3.226000000000000000e+03 3.379999999999999893e+00 -6.600000000000000311e-01 1.500000000000000000e+02
6.600000000000000000e+01 2.508876613446539561e-01 0.000000000000000000e+00 1.000000000000000000e+00 1.000000000000000000e+00 3.428000000000000000e+03 3.479999999999999982e+00 -4.799999999999999822e-01 1.500000000000000000e+02
6.700000000000000000e+01 1.131030090936815613e+00 0.000000000000000000e+00 1.000000000000000000e+00 1.000000000000000000e+00 4.456000000000000000e+03 3.669999999999999929e+00 3.499999999999999778e-01 1.500000000000000000e+02
6.800000000000000000e+01 1.030425174695553253e-01 0.000000000000000000e+00 1.000000000000000000e+00 1.000000000000000000e+00 2.936000000000000000e+03 3.430000000000000160e+00 -1.169999999999999929e+00 1.500000000000000000e+02
7.200000000000000000e+01 3.195232752149075317e-01 0.000000000000000000e+00 1.000000000000000000e+00 1.000000000000000000e+00 3.428000000000000000e+03 3.479999999999999982e+00 -4.799999999999999822e-01 1.500000000000000000e+02
7.500000000000000000e+01 1.853527073702325167e-01 0.000000000000000000e+00 1.000000000000000000e+00 1.000000000000000000e+00 3.226000000000000000e+03 3.379999999999999893e+00 -6.600000000000000311e-01 1.500000000000000000e+02
7.800000000000000000e+01 1.232421547510794912e+00 0.000000000000000000e+00 1.000000000000000000e+00 1.000000000000000000e+00 4.529000000000000000e+03 3.680000000000000160e+00 4.099999999999999756e-01 1.500000000000000000e+02
8.000000000000000000e+01 1.107967811655784063e+00 0.000000000000000000e+00 1.000000000000000000e+00 1.000000000000000000e+00 4.456000000000000000e+03 3.669999999999999929e+00 3.499999999999999778e-01 1.500000000000000000e+02
8.100000000000000000e+01 3.706302209819522520e-01 0.000000000000000000e+00 1.000000000000000000e+00 1.000000000000000000e+00 3.634000000000000000e+03 3.540000000000000036e+00 -3.200000000000000067e-01 1.500000000000000000e+02
8.200000000000000000e+01 2.058351577539832278e-01 0.000000000000000000e+00 1.000000000000000000e+00 1.000000000000000000e+00 3.226000000000000000e+03 3.379999999999999893e+00 -6.600000000000000311e-01 1.500000000000000000e+02
8.400000000000000000e+01 6.785108685856337807e-02 0.000000000000000000e+00 1.000000000000000000e+00 1.000000000000000000e+00 2.897000000000000000e+03 3.490000000000000213e+00 -1.409999999999999920e+00 1.500000000000000000e+02
8.500000000000000000e+01 1.442344815080032205e+00 0.000000000000000000e+00 1.000000000000000000e+00 1.000000000000000000e+00 4.852885001621209994e+03 3.706999999999999851e+00 3.872576449216171834e+00 1.500000000000000000e+02
8.600000000000000000e+01 1.133735061898421881e+00 0.000000000000000000e+00 1.000000000000000000e+00 1.000000000000000000e+00 4.456000000000000000e+03 3.669999999999999929e+00 3.499999999999999778e-01 1.500000000000000000e+02
8.700000000000000000e+01 3.847888632924956198e-01 0.000000000000000000e+00 1.000000000000000000e+00 1.000000000000000000e+00 3.634000000000000000e+03 3.540000000000000036e+00 -3.200000000000000067e-01 1.500000000000000000e+02
8.900000000000000000e+01 2.452832886581991501e-01 0.000000000000000000e+00 1.000000000000000000e+00 1.000000000000000000e+00 3.226000000000000000e+03 3.379999999999999893e+00 -6.600000000000000311e-01 1.500000000000000000e+02
9.500000000000000000e+01 4.655211400364885344e-01 0.000000000000000000e+00 1.000000000000000000e+00 1.000000000000000000e+00 3.802000000000000000e+03 3.589999999999999858e+00 -1.799999999999999933e-01 1.500000000000000000e+02
9.700000000000000000e+01 9.712900047919399704e-02 0.000000000000000000e+00 1.000000000000000000e+00 1.000000000000000000e+00 2.936000000000000000e+03 3.430000000000000160e+00 -1.169999999999999929e+00 1.500000000000000000e+02
9.900000000000000000e+01 1.411975210915761725e+00 0.000000000000000000e+00 1.000000000000000000e+00 1.000000000000000000e+00 4.829475864447708773e+03 3.708000000000000185e+00 3.681289736425314096e+00 1.500000000000000000e+02
1.010000000000000000e+02 6.914695880200181222e-01 0.000000000000000000e+00 1.000000000000000000e+00 1.000000000000000000e+00 4.078000000000000000e+03 3.629999999999999893e+00 4.000000000000000083e-02 1.500000000000000000e+02
1.020000000000000000e+02 4.291318817729517510e-01 0.000000000000000000e+00 1.000000000000000000e+00 1.000000000000000000e+00 3.634000000000000000e+03 3.540000000000000036e+00 -3.200000000000000067e-01 1.500000000000000000e+02
1.030000000000000000e+02 1.137871365613674746e+00 0.000000000000000000e+00 1.000000000000000000e+00 1.000000000000000000e+00 4.456000000000000000e+03 3.669999999999999929e+00 3.499999999999999778e-01 1.500000000000000000e+02
1.060000000000000000e+02 1.949927917681899270e-01 0.000000000000000000e+00 1.000000000000000000e+00 1.000000000000000000e+00 3.226000000000000000e+03 3.379999999999999893e+00 -6.600000000000000311e-01 1.500000000000000000e+02
1.080000000000000000e+02 8.633828650928169202e-01 0.000000000000000000e+00 1.000000000000000000e+00 1.000000000000000000e+00 4.290000000000000000e+03 3.660000000000000142e+00 2.099999999999999922e-01 1.500000000000000000e+02
1.110000000000000000e+02 4.127171792006037454e-01 0.000000000000000000e+00 1.000000000000000000e+00 1.000000000000000000e+00 3.634000000000000000e+03 3.540000000000000036e+00 -3.200000000000000067e-01 1.500000000000000000e+02
1.120000000000000000e+02 1.108796998345092932e+00 0.000000000000000000e+00 1.000000000000000000e+00 1.000000000000000000e+00 4.456000000000000000e+03 3.669999999999999929e+00 3.499999999999999778e-01 1.500000000000000000e+02
1.160000000000000000e+02 6.296381366331939011e-01 0.000000000000000000e+00 1.000000000000000000e+00 1.000000000000000000e+00 3.955000000000000000e+03 3.620000000000000107e+00 -7.000000000000000666e-02 1.500000000000000000e+02
1.170000000000000000e+02 3.299381792957142845e-01 0.000000000000000000e+00 1.000000000000000000e+00 1.000000000000000000e+00 3.428000000000000000e+03 3.479999999999999982e+00 -4.799999999999999822e-01 1.500000000000000000e+02
1.180000000000000000e+02 1.240566643695834470e+00 0.000000000000000000e+00 1.000000000000000000e+00 1.000000000000000000e+00 4.529000000000000000e+03 3.680000000000000160e+00 4.099999999999999756e-01 1.500000000000000000e+02
1.190000000000000000e+02 2.859947882641915573e-01 0.000000000000000000e+00 1.000000000000000000e+00 1.000000000000000000e+00 3.428000000000000000e+03 3.479999999999999982e+00 -4.799999999999999822e-01 1.500000000000000000e+02
1.200000000000000000e+02 2.944152922450277710e-01 0.000000000000000000e+00 1.000000000000000000e+00 1.000000000000000000e+00 3.428000000000000000e+03 3.479999999999999982e+00 -4.799999999999999822e-01 1.500000000000000000e+02
1.220000000000000000e+02 3.438637684684698881e-01 0.000000000000000000e+00 1.000000000000000000e+00 1.000000000000000000e+00 3.428000000000000000e+03 3.479999999999999982e+00 -4.799999999999999822e-01 1.500000000000000000e+02
1.240000000000000000e+02 1.134198071098760030e+00 0.000000000000000000e+00 1.000000000000000000e+00 1.000000000000000000e+00 4.456000000000000000e+03 3.669999999999999929e+00 3.499999999999999778e-01 1.500000000000000000e+02
1.250000000000000000e+02 1.135811336006912420e+00 0.000000000000000000e+00 1.000000000000000000e+00 1.000000000000000000e+00 4.456000000000000000e+03 3.669999999999999929e+00 3.499999999999999778e-01 1.500000000000000000e+02
1.270000000000000000e+02 2.174055762978102102e-01 0.000000000000000000e+00 1.000000000000000000e+00 1.000000000000000000e+00 3.226000000000000000e+03 3.379999999999999893e+00 -6.600000000000000311e-01 1.500000000000000000e+02
1.280000000000000000e+02 2.111496390166655301e-01 0.000000000000000000e+00 1.000000000000000000e+00 1.000000000000000000e+00 3.226000000000000000e+03 3.379999999999999893e+00 -6.600000000000000311e-01 1.500000000000000000e+02
1.300000000000000000e+02 4.192185934678480108e-01 0.000000000000000000e+00 1.000000000000000000e+00 1.000000000000000000e+00 3.634000000000000000e+03 3.540000000000000036e+00 -3.200000000000000067e-01 1.500000000000000000e+02
1.310000000000000000e+02 4.659944412267689740e-01 0.000000000000000000e+00 1.000000000000000000e+00 1.000000000000000000e+00 3.802000000000000000e+03 3.589999999999999858e+00 -1.799999999999999933e-01 1.500000000000000000e+02
1.330000000000000000e+02 5.488072362531076775e-01 0.000000000000000000e+00 1.000000000000000000e+00 1.000000000000000000e+00 3.802000000000000000e+03 3.589999999999999858e+00 -1.799999999999999933e-01 1.500000000000000000e+02
1.350000000000000000e+02 5.754163618538833402e-01 0.000000000000000000e+00 1.000000000000000000e+00 1.000000000000000000e+00 3.955000000000000000e+03 3.620000000000000107e+00 -7.000000000000000666e-02 1.500000000000000000e+02
1.410000000000000000e+02 1.150134679438632901e+00 0.000000000000000000e+00 1.000000000000000000e+00 1.000000000000000000e+00 4.529000000000000000e+03 3.680000000000000160e+00 4.099999999999999756e-01 1.500000000000000000e+02
1.420000000000000000e+02 3.165670813462393429e-01 0.000000000000000000e+00 1.000000000000000000e+00 1.000000000000000000e+00 3.428000000000000000e+03 3.479999999999999982e+00 -4.799999999999999822e-01 1.500000000000000000e+02
1.430000000000000000e+02 1.108593211878309726e+00 0.000000000000000000e+00 1.000000000000000000e+00 1.000000000000000000e+00 4.456000000000000000e+03 3.669999999999999929e+00 3.499999999999999778e-01 1.500000000000000000e+02
1.440000000000000000e+02 1.285445316702862328e+00 0.000000000000000000e+00 1.000000000000000000e+00 1.000000000000000000e+00 4.596000000000000000e+03 3.680000000000000160e+00 4.699999999999999734e-01 1.500000000000000000e+02
1.470000000000000000e+02 1.116418946906791776e+00 0.000000000000000000e+00 1.000000000000000000e+00 1.000000000000000000e+00 4.456000000000000000e+03 3.669999999999999929e+00 3.499999999999999778e-01 1.500000000000000000e+02
1.490000000000000000e+02 1.163645911421209656e+00 0.000000000000000000e+00 1.000000000000000000e+00 1.000000000000000000e+00 4.529000000000000000e+03 3.680000000000000160e+00 4.099999999999999756e-01 1.500000000000000000e+02
1.500000000000000000e+02 8.466991664031349452e-02 0.000000000000000000e+00 1.000000000000000000e+00 1.000000000000000000e+00 2.898000000000000000e+03 3.450000000000000178e+00 -1.310000000000000053e+00 1.500000000000000000e+02
1.510000000000000000e+02 3.310538029022046524e-01 0.000000000000000000e+00 1.000000000000000000e+00 1.000000000000000000e+00 3.428000000000000000e+03 3.479999999999999982e+00 -4.799999999999999822e-01 1.500000000000000000e+02
1.520000000000000000e+02 7.081990686471469898e-01 0.000000000000000000e+00 1.000000000000000000e+00 1.000000000000000000e+00 4.078000000000000000e+03 3.629999999999999893e+00 4.000000000000000083e-02 1.500000000000000000e+02
1.550000000000000000e+02 6.951658579357926637e-01 0.000000000000000000e+00 1.000000000000000000e+00 1.000000000000000000e+00 4.078000000000000000e+03 3.629999999999999893e+00 4.000000000000000083e-02 1.500000000000000000e+02
1.560000000000000000e+02 1.307665125267920558e+00 0.000000000000000000e+00 1.000000000000000000e+00 1.000000000000000000e+00 4.596000000000000000e+03 3.680000000000000160e+00 4.699999999999999734e-01 1.500000000000000000e+02
1.580000000000000000e+02 1.128615253403849383e+00 0.000000000000000000e+00 1.000000000000000000e+00 1.000000000000000000e+00 4.456000000000000000e+03 3.669999999999999929e+00 3.499999999999999778e-01 1.500000000000000000e+02
1.600000000000000000e+02 1.464547659856430650e+00 0.000000000000000000e+00 1.000000000000000000e+00 1.000000000000000000e+00 4.852885001621209994e+03 3.706999999999999851e+00 3.872576449216171834e+00 1.500000000000000000e+02
1.610000000000000000e+02 1.128517454405497444e+00 0.000000000000000000e+00 1.000000000000000000e+00 1.000000000000000000e+00 4.456000000000000000e+03 3.669999999999999929e+00 3.499999999999999778e-01 1.500000000000000000e+02
1.640000000000000000e+02 2.960456980161534912e-01 0.000000000000000000e+00 1.000000000000000000e+00 1.000000000000000000e+00 3.428000000000000000e+03 3.479999999999999982e+00 -4.799999999999999822e-01 1.500000000000000000e+02
1.660000000000000000e+02 3.258927146364850036e-01 0.000000000000000000e+00 1.000000000000000000e+00 1.000000000000000000e+00 3.428000000000000000e+03 3.479999999999999982e+00 -4.799999999999999822e-01 1.500000000000000000e+02
1.700000000000000000e+02 1.149176008352870149e+00 0.000000000000000000e+00 1.000000000000000000e+00 1.000000000000000000e+00 4.456000000000000000e+03 3.669999999999999929e+00 3.499999999999999778e-01 1.500000000000000000e+02
1.730000000000000000e+02 2.916499548526889640e-01 0.000000000000000000e+00 1.000000000000000000e+00 1.000000000000000000e+00 3.428000000000000000e+03 3.479999999999999982e+00 -4.799999999999999822e-01 1.500000000000000000e+02
1.740000000000000000e+02 2.665027995981452125e-01 0.000000000000000000e+00 1.000000000000000000e+00 1.000000000000000000e+00 3.428000000000000000e+03 3.479999999999999982e+00 -4.799999999999999822e-01 1.500000000000000000e+02
1.760000000000000000e+02 2.890952803429859275e-01 0.000000000000000000e+00 1.000000000000000000e+00 1.000000000000000000e+00 3.428000000000000000e+03 3.479999999999999982e+00 -4.799999999999999822e-01 1.500000000000000000e+02
1.770000000000000000e+02 7.764476249215124248e-01 0.000000000000000000e+00 1.000000000000000000e+00 1.000000000000000000e+00 4.192000000000000000e+03 3.649999999999999911e+00 1.300000000000000044e-01 1.500000000000000000e+02
1.800000000000000000e+02 1.144761635629034879e+00 0.000000000000000000e+00 1.000000000000000000e+00 1.000000000000000000e+00 4.456000000000000000e+03 3.669999999999999929e+00 3.499999999999999778e-01 1.500000000000000000e+02
1.840000000000000000e+02 5.360686656431344899e-01 0.000000000000000000e+00 1.000000000000000000e+00 1.000000000000000000e+00 3.802000000000000000e+03 3.589999999999999858e+00 -1.799999999999999933e-01 1.500000000000000000e+02
1.860000000000000000e+02 7.442683016065912982e-01 0.000000000000000000e+00 1.000000000000000000e+00 1.000000000000000000e+00 4.078000000000000000e+03 3.629999999999999893e+00 4.000000000000000083e-02 1.500000000000000000e+02
1.870000000000000000e+02 2.843621488741968073e-01 0.000000000000000000e+00 1.000000000000000000e+00 1.000000000000000000e+00 3.428000000000000000e+03 3.479999999999999982e+00 -4.799999999999999822e-01 1.500000000000000000e+02
1.900000000000000000e+02 3.544725794780612116e-01 0.000000000000000000e+00 1.000000000000000000e+00 1.000000000000000000e+00 3.634000000000000000e+03 3.540000000000000036e+00 -3.200000000000000067e-01 1.500000000000000000e+02
1.920000000000000000e+02 1.161383808206864376e+00 0.000000000000000000e+00 1.000000000000000000e+00 1.000000000000000000e+00 4.529000000000000000e+03 3.680000000000000160e+00 4.099999999999999756e-01 1.500000000000000000e+02
1.950000000000000000e+02 1.139232426247339891e+00 0.000000000000000000e+00 1.000000000000000000e+00 1.000000000000000000e+00 4.456000000000000000e+03 3.669999999999999929e+00 3.499999999999999778e-01 1.500000000000000000e+02
1.960000000000000000e+02 1.326700993312675436e+00 0.000000000000000000e+00 1.000000000000000000e+00 1.000000000000000000e+00 4.596000000000000000e+03 3.680000000000000160e+00 4.699999999999999734e-01 1.500000000000000000e+02
2.030000000000000000e+02 5.924985676658971467e-01 0.000000000000000000e+00 1.000000000000000000e+00 1.000000000000000000e+00 3.955000000000000000e+03 3.620000000000000107e+00 -7.000000000000000666e-02 1.500000000000000000e+02
2.060000000000000000e+02 1.287381474123946434e+00 0.000000000000000000e+00 1.000000000000000000e+00 1.000000000000000000e+00 4.596000000000000000e+03 3.680000000000000160e+00 4.699999999999999734e-01 1.500000000000000000e+02
2.070000000000000000e+02 6.317177280148290608e-01 0.000000000000000000e+00 1.000000000000000000e+00 1.000000000000000000e+00 3.955000000000000000e+03 3.620000000000000107e+00 -7.000000000000000666e-02 1.500000000000000000e+02
2.090000000000000000e+02 2.286776902514654486e-01 0.000000000000000000e+00 1.000000000000000000e+00 1.000000000000000000e+00 3.226000000000000000e+03 3.379999999999999893e+00 -6.600000000000000311e-01 1.500000000000000000e+02
2.100000000000000000e+02 2.952477905891661147e-01 0.000000000000000000e+00 1.000000000000000000e+00 1.000000000000000000e+00 3.428000000000000000e+03 3.479999999999999982e+00 -4.799999999999999822e-01 1.500000000000000000e+02
2.110000000000000000e+02 2.370025886457951814e-01 0.000000000000000000e+00 1.000000000000000000e+00 1.000000000000000000e+00 3.226000000000000000e+03 3.379999999999999893e+00 -6.600000000000000311e-01 1.500000000000000000e+02
2.120000000000000000e+02 2.707661883987664275e-01 0.000000000000000000e+00 1.000000000000000000e+00 1.000000000000000000e+00 3.428000000000000000e+03 3.479999999999999982e+00 -4.799999999999999822e-01 1.500000000000000000e+02
2.140000000000000000e+02 1.995459368750606144e-01 0.000000000000000000e+00 1.000000000000000000e+00 1.000000000000000000e+00 3.226000000000000000e+03 3.379999999999999893e+00 -6.600000000000000311e-01 1.500000000000000000e+02
2.150000000000000000e+02 5.553008398545470348e-01 0.000000000000000000e+00 1.000000000000000000e+00 1.000000000000000000e+00 3.955000000000000000e+03 3.620000000000000107e+00 -7.000000000000000666e-02 1.500000000000000000e+02
2.170000000000000000e+02 1.120487373981035928e+00 0.000000000000000000e+00 1.000000000000000000e+00 1.000000000000000000e+00 4.456000000000000000e+03 3.669999999999999929e+00 3.499999999999999778e-01 1.500000000000000000e+02
2.180000000000000000e+02 1.178566792789947915e+00 0.000000000000000000e+00 1.000000000000000000e+00 1.000000000000000000e+00 4.529000000000000000e+03 3.680000000000000160e+00 4.099999999999999756e-01 1.500000000000000000e+02
2.200000000000000000e+02 3.133848899654747000e-01 0.000000000000000000e+00 1.000000000000000000e+00 1.000000000000000000e+00 3.428000000000000000e+03 3.479999999999999982e+00 -4.799999999999999822e-01 1.500000000000000000e+02
2.220000000000000000e+02 2.476834223770243149e-01 0.000000000000000000e+00 1.000000000000000000e+00 1.000000000000000000e+00 3.226000000000000000e+03 3.379999999999999893e+00 -6.600000000000000311e-01 1.500000000000000000e+02
2.230000000000000000e+02 7.960489598526732102e-01 0.000000000000000000e+00 1.000000000000000000e+00 1.000000000000000000e+00 4.192000000000000000e+03 3.649999999999999911e+00 1.300000000000000044e-01 1.500000000000000000e+02
2.250000000000000000e+02 1.132188405165362344e+00 0.000000000000000000e+00 1.000000000000000000e+00 1.000000000000000000e+00 4.456000000000000000e+03 3.669999999999999929e+00 3.499999999999999778e-01 1.500000000000000000e+02
2.260000000000000000e+02 1.117800412360363538e+00 0.000000000000000000e+00 1.000000000000000000e+00 1.000000000000000000e+00 4.456000000000000000e+03 3.669999999999999929e+00 3.499999999999999778e-01 1.500000000000000000e+02
2.270000000000000000e+02 4.886960454182504576e-01 0.000000000000000000e+00 1.000000000000000000e+00 1.000000000000000000e+00 3.802000000000000000e+03 3.589999999999999858e+00 -1.799999999999999933e-01 1.500000000000000000e+02
2.290000000000000000e+02 2.401435026424873775e-01 0.000000000000000000e+00 1.000000000000000000e+00 1.000000000000000000e+00 3.226000000000000000e+03 3.379999999999999893e+00 -6.600000000000000311e-01 1.500000000000000000e+02
2.310000000000000000e+02 2.811845308764692186e-01 0.000000000000000000e+00 1.000000000000000000e+00 1.000000000000000000e+00 3.428000000000000000e+03 3.479999999999999982e+00 -4.799999999999999822e-01 1.500000000000000000e+02
2.320000000000000000e+02 2.913976560411215000e-01 0.000000000000000000e+00 1.000000000000000000e+00 1.000000000000000000e+00 3.428000000000000000e+03 3.479999999999999982e+00 -4.799999999999999822e-01 1.500000000000000000e+02
2.330000000000000000e+02 1.114084562007183976e+00 0.000000000000000000e+00 1.000000000000000000e+00 1.000000000000000000e+00 4.456000000000000000e+03 3.669999999999999929e+00 3.499999999999999778e-01 1.500000000000000000e+02
2.350000000000000000e+02 1.178967849436215243e+00 0.000000000000000000e+00 1.000000000000000000e+00 1.000000000000000000e+00 4.529000000000000000e+03 3.680000000000000160e+00 4.099999999999999756e-01 1.500000000000000000e+02
2.360000000000000000e+02 1.109541663054805172e+00 0.000000000000000000e+00 1.000000000000000000e+00 1.000000000000000000e+00 4.456000000000000000e+03 3.669999999999999929e+00 3.499999999999999778e-01 1.500000000000000000e+02
2.370000000000000000e+02 1.251602772255144602e+00 0.000000000000000000e+00 1.000000000000000000e+00 1.000000000000000000e+00 4.596000000000000000e+03 3.680000000000000160e+00 4.699999999999999734e-01 1.500000000000000000e+02
2.380000000000000000e+02 1.306017838435965750e+00 0.000000000000000000e+00 1.000000000000000000e+00 1.000000000000000000e+00 4.596000000000000000e+03 3.680000000000000160e+00 4.699999999999999734e-01 1.500000000000000000e+02
2.390000000000000000e+02 8.301230356177032865e-01 0.000000000000000000e+00 1.000000000000000000e+00 1.000000000000000000e+00 4.192000000000000000e+03 3.649999999999999911e+00 1.300000000000000044e-01 1.500000000000000000e+02
2.410000000000000000e+02 3.037399209663925181e-01 0.000000000000000000e+00 1.000000000000000000e+00 1.000000000000000000e+00 3.428000000000000000e+03 3.479999999999999982e+00 -4.799999999999999822e-01 1.500000000000000000e+02
2.420000000000000000e+02 3.105638706234671864e-01 0.000000000000000000e+00 1.000000000000000000e+00 1.000000000000000000e+00 3.428000000000000000e+03 3.479999999999999982e+00 -4.799999999999999822e-01 1.500000000000000000e+02
2.450000000000000000e+02 1.126849866521755894e+00 0.000000000000000000e+00 1.000000000000000000e+00 1.000000000000000000e+00 4.456000000000000000e+03 3.669999999999999929e+00 3.499999999999999778e-01 1.500000000000000000e+02
2.460000000000000000e+02 2.616114279561757017e-01 0.000000000000000000e+00 1.000000000000000000e+00 1.000000000000000000e+00 3.428000000000000000e+03 3.479999999999999982e+00 -4.799999999999999822e-01 1.500000000000000000e+02
2.480000000000000000e+02 3.673818269019395455e-01 0.000000000000000000e+00 1.000000000000000000e+00 1.000000000000000000e+00 3.634000000000000000e+03 3.540000000000000036e+00 -3.200000000000000067e-01 1.500000000000000000e+02
2.490000000000000000e+02 3.212573559115720623e-01 0.000000000000000000e+00 1.000000000000000000e+00 1.000000000000000000e+00 3.428000000000000000e+03 3.479999999999999982e+00 -4.799999999999999822e-01 1.500000000000000000e+02
2.510000000000000000e+02 7.329526913753807715e-01 0.000000000000000000e+00 1.000000000000000000e+00 1.000000000000000000e+00 4.078000000000000000e+03 3.629999999999999893e+00 4.000000000000000083e-02 1.500000000000000000e+02
2.520000000000000000e+02 1.307124285194036339e+00 0.000000000000000000e+00 1.000000000000000000e+00 1.000000000000000000e+00 4.596000000000000000e+03 3.680000000000000160e+00 4.699999999999999734e-01 1.500000000000000000e+02
2.530000000000000000e+02 1.132533694716174821e+00 0.000000000000000000e+00 1.000000000000000000e+00 1.000000000000000000e+00 4.456000000000000000e+03 3.669999999999999929e+00 3.499999999999999778e-01 1.500000000000000000e+02
2.540000000000000000e+02 1.222770386660714914e+00 0.000000000000000000e+00 1.000000000000000000e+00 1.000000000000000000e+00 4.529000000000000000e+03 3.680000000000000160e+00 4.099999999999999756e-01 1.500000000000000000e+02
2.590000000000000000e+02 4.004522487206332304e-01 0.000000000000000000e+00 1.000000000000000000e+00 1.000000000000000000e+00 3.634000000000000000e+03 3.540000000000000036e+00 -3.200000000000000067e-01 1.500000000000000000e+02
2.600000000000000000e+02 6.405865610713481484e-01 0.000000000000000000e+00 1.000000000000000000e+00 1.000000000000000000e+00 3.955000000000000000e+03 3.620000000000000107e+00 -7.000000000000000666e-02 1.500000000000000000e+02
2.610000000000000000e+02 3.170752097691585392e-01 0.000000000000000000e+00 1.000000000000000000e+00 1.000000000000000000e+00 3.428000000000000000e+03 3.479999999999999982e+00 -4.799999999999999822e-01 1.500000000000000000e+02
2.620000000000000000e+02 7.207946834967766947e-02 0.000000000000000000e+00 1.000000000000000000e+00 1.000000000000000000e+00 2.896000000000000000e+03 3.479999999999999982e+00 -1.389999999999999902e+00 1.500000000000000000e+02
2.630000000000000000e+02 6.933233899407846845e-01 0.000000000000000000e+00 1.000000000000000000e+00 1.000000000000000000e+00 4.078000000000000000e+03 3.629999999999999893e+00 4.000000000000000083e-02 1.500000000000000000e+02
2.650000000000000000e+02 2.801397428443965776e-01 0.000000000000000000e+00 1.000000000000000000e+00 1.000000000000000000e+00 3.428000000000000000e+03 3.479999999999999982e+00 -4.799999999999999822e-01 1.500000000000000000e+02
2.680000000000000000e+02 1.119861417679788751e+00 0.000000000000000000e+00 1.000000000000000000e+00 1.000000000000000000e+00 4.456000000000000000e+03 3.669999999999999929e+00 3.499999999999999778e-01 1.500000000000000000e+02
2.690000000000000000e+02 1.135883177406231015e+00 0.000000000000000000e+00 1.000000000000000000e+00 1.000000000000000000e+00 4.456000000000000000e+03 3.669999999999999929e+00 3.499999999999999778e-01 1.500000000000000000e+02
2.700000000000000000e+02 1.180399582663038016e+00 0.000000000000000000e+00 1.000000000000000000e+00 1.000000000000000000e+00 4.529000000000000000e+03 3.680000000000000160e+00 4.099999999999999756e-01 1.500000000000000000e+02
2.710000000000000000e+02 1.140523443363161027e+00 0.000000000000000000e+00 1.000000000000000000e+00 1.000000000000000000e+00 4.456000000000000000e+03 3.669999999999999929e+00 3.499999999999999778e-01 1.500000000000000000e+02
2.720000000000000000e+02 2.422629836153207261e-01 0.000000000000000000e+00 1.000000000000000000e+00 1.000000000000000000e+00 3.226000000000000000e+03 3.379999999999999893e+00 -6.600000000000000311e-01 1.500000000000000000e+02
2.730000000000000000e+02 4.912387348001533982e-01 0.000000000000000000e+00 1.000000000000000000e+00 1.000000000000000000e+00 3.802000000000000000e+03 3.589999999999999858e+00 -1.799999999999999933e-01 1.500000000000000000e+02
2.740000000000000000e+02 1.155479661927006463e+00 0.000000000000000000e+00 1.000000000000000000e+00 1.000000000000000000e+00 4.529000000000000000e+03 3.680000000000000160e+00 4.099999999999999756e-01 1.500000000000000000e+02
2.760000000000000000e+02 2.085803686538456048e-01 0.000000000000000000e+00 1.000000000000000000e+00 1.000000000000000000e+00 3.226000000000000000e+03 3.379999999999999893e+00 -6.600000000000000311e-01 1.500000000000000000e+02
2.770000000000000000e+02 1.109855585808966705e+00 0.000000000000000000e+00 1.000000000000000000e+00 1.000000000000000000e+00 4.456000000000000000e+03 3.669999999999999929e+00 3.499999999999999778e-01 1.500000000000000000e+02
2.780000000000000000e+02 5.936400432589663545e-01 0.000000000000000000e+00 1.000000000000000000e+00 1.000000000000000000e+00 3.955000000000000000e+03 3.620000000000000107e+00 -7.000000000000000666e-02 1.500000000000000000e+02
2.800000000000000000e+02 7.456317975391273112e-02 0.000000000000000000e+00 1.000000000000000000e+00 1.000000000000000000e+00 2.897000000000000000e+03 3.470000000000000195e+00 -1.360000000000000098e+00 1.500000000000000000e+02
2.820000000000000000e+02 2.950074690497410113e-01 0.000000000000000000e+00 1.000000000000000000e+00 1.000000000000000000e+00 3.428000000000000000e+03 3.479999999999999982e+00 -4.799999999999999822e-01 1.500000000000000000e+02
2.850000000000000000e+02 3.715068771302338368e-01 0.000000000000000000e+00 1.000000000000000000e+00 1.000000000000000000e+00 3.634000000000000000e+03 3.540000000000000036e+00 -3.200000000000000067e-01 1.500000000000000000e+02
2.880000000000000000e+02 1.142562586751199261e+00 0.000000000000000000e+00 1.000000000000000000e+00 1.000000000000000000e+00 4.456000000000000000e+03 3.669999999999999929e+00 3.499999999999999778e-01 1.500000000000000000e+02
2.890000000000000000e+02 9.889988340081577733e-02 0.000000000000000000e+00 1.000000000000000000e+00 1.000000000000000000e+00 2.936000000000000000e+03 3.430000000000000160e+00 -1.169999999999999929e+00 1.500000000000000000e+02
2.900000000000000000e+02 2.023708614099125336e-01 0.000000000000000000e+00 1.000000000000000000e+00 1.000000000000000000e+00 3.226000000000000000e+03 3.379999999999999893e+00 -6.600000000000000311e-01 1.500000000000000000e+02
2.910000000000000000e+02 2.672258961931744392e-01 0.000000000000000000e+00 1.000000000000000000e+00 1.000000000000000000e+00 3.428000000000000000e+03 3.479999999999999982e+00 -4.799999999999999822e-01 1.500000000000000000e+02
2.930000000000000000e+02 1.292610299778431004e+00 0.000000000000000000e+00 1.000000000000000000e+00 1.000000000000000000e+00 4.596000000000000000e+03 3.680000000000000160e+00 4.699999999999999734e-01 1.500000000000000000e+02
2.950000000000000000e+02 1.141340053487920780e+00 0.000000000000000000e+00 1.000000000000000000e+00 1.000000000000000000e+00 4.456000000000000000e+03 3.669999999999999929e+00 3.499999999999999778e-01 1.500000000000000000e+02
2.960000000000000000e+02 1.145059996686303094e+00 0.000000000000000000e+00 1.000000000000000000e+00 1.000000000000000000e+00 4.456000000000000000e+03 3.669999999999999929e+00 3.499999999999999778e-01 1.500000000000000000e+02
2.980000000000000000e+02 1.173408107186230342e+00 0.000000000000000000e+00 1.000000000000000000e+00 1.000000000000000000e+00 4.529000000000000000e+03 3.680000000000000160e+00 4.099999999999999756e-01 1.500000000000000000e+02
2.990000000000000000e+02 1.108897726715881937e+00 0.000000000000000000e+00 1.000000000000000000e+00 1.000000000000000000e+00 4.456000000000000000e+03 3.669999999999999929e+00 3.499999999999999778e-01 1.500000000000000000e+02
-2 1 0 1 4500 4.0 .5 150