0.000000000000000000e+00 0.000000000000000000e+00 0.000000000000000000e+00 0.000000000000000000e+00 0.000000000000000000e+00 0.000000000000000000e+00 0.000000000000000000e+00 0.000000000000000000e+00 0.000000000000000000e+00
1.000000000000000000e+00 1.025513036256008315e-01 6.252977756278501609e-01 1.000000000000000000e+00 4.177938976883249778e-01 2.118923056322660869e+00 4.377000000000000000e+03 3.660000000000000142e+00 2.800000000000000266e-01
4.000000000000000000e+00 7.306014133138033495e-02 6.466647401380141158e-01 1.000000000000000000e+00 1.211673107066129074e-01 6.364707548756473265e+00 1.019060574749252191e+04 3.592999999999999972e+00 2.703958364108843284e+02
2.000000000000000000e+01 2.055461416083123952e-02 6.636838580219494022e-01 1.000000000000000000e+00 5.773294358866952747e-01 4.995243079106768569e+00 3.478564015304240456e+04 4.195000000000000284e+00 4.581418867145330296e+04
2.400000000000000000e+01 2.619593741772514583e-01 5.862284928753555002e-01 1.000000000000000000e+00 1.520706855066935592e-01 3.955943827735982410e+00 3.709368674132283923e+04 4.174000000000000377e+00 7.447319739059888525e+04
2.500000000000000000e+01 8.500747888405335573e-02 3.921500173440223280e-01 1.000000000000000000e+00 2.334211675829485078e-01 3.281152565220840422e+00 3.709368674132283923e+04 4.174000000000000377e+00 7.447319739059888525e+04
2.600000000000000000e+01 2.517734814100888383e-02 7.029608267858576953e-01 1.000000000000000000e+00 3.218890629563646577e-01 2.130734225780640756e+00 3.892243481644416897e+04 4.153999999999999915e+00 1.099005839432521898e+05
2.900000000000000000e+01 8.349178402618853134e-01 7.632138266240250379e-01 1.000000000000000000e+00 4.891882751815124220e-02 3.993441799975971485e+00 3.971001032638910692e+04 4.145999999999999908e+00 1.300169578033289872e+05
3.200000000000000000e+01 2.439785785998272727e-01 1.953877147952175486e-01 1.000000000000000000e+00 2.348628251393816146e-01 6.692841213315313453e+00 4.048554593707419554e+04 4.136000000000000121e+00 1.545254439538414008e+05
3.300000000000000000e+01 7.837809653313446701e-01 4.772516903702458402e-01 1.000000000000000000e+00 8.739545684165309636e-01 6.589565861133358737e+00 4.048554593707419554e+04 4.136000000000000121e+00 1.545254439538414008e+05
3.700000000000000000e+01 6.607230587828645252e-01 2.050722709037735569e-01 1.000000000000000000e+00 5.530993244867873360e-01 5.000327433307712788e+00 4.135233143476059922e+04 4.123999999999999666e+00 1.866379690834669454e+05
3.800000000000000000e+01 1.759603733062033160e-01 4.376892114358093000e-01 1.000000000000000000e+00 6.932805848952886540e-01 4.663919616734323981e+00 4.261868054241603386e+04 4.104000000000000092e+00 2.511886431509582035e+05
4.200000000000000000e+01 4.018929685299679755e-01 6.609627938315120188e-01 1.000000000000000000e+00 4.540525094808479656e-01 5.796417413983514955e+00 4.284498548137013131e+04 4.099999999999999645e+00 2.660725059798808652e+05
4.300000000000000000e+01 1.364158046208431563e-01 8.003389054836048677e-01 1.000000000000000000e+00 2.635439524764737751e-02 4.943503987137687794e+00 4.361139713930644211e+04 4.084999999999999964e+00 3.228494121712637716e+05
4.400000000000000000e+01 3.838157026267089988e-01 6.169330191603008551e-01 1.000000000000000000e+00 7.305502925384804724e-01 9.354740689005652143e+00 4.361139713930644211e+04 4.084999999999999964e+00 3.228494121712637716e+05
4.500000000000000000e+01 2.087305332667178659e-01 5.479845988130831458e-01 1.000000000000000000e+00 8.998322264859044406e-01 4.006167434433720587e+00 4.361139713930644211e+04 4.084999999999999964e+00 3.228494121712637716e+05
4.600000000000000000e+01 1.528951306335237237e-01 7.436395101207319280e-01 1.000000000000000000e+00 3.526803616772223871e-01 5.037997553121495997e-01 4.361139713930644211e+04 4.084999999999999964e+00 3.228494121712637716e+05
4.900000000000000000e+01 8.104598949512823447e-01 9.217879092348619796e-01 1.000000000000000000e+00 4.505015736596895692e-01 2.849703816268349676e+00 4.440174108068949135e+04 4.065999999999999837e+00 3.999447497610977734e+05
5.300000000000000000e+01 3.942251437263702418e-01 6.354222437102374776e-03 1.000000000000000000e+00 2.119332921170643536e-01 1.568720790700392609e+00 4.498834324565388670e+04 4.046999999999999709e+00 4.830588020397728542e+05
5.400000000000000000e+01 1.793549729526579817e-01 5.723511243609288313e-01 1.000000000000000000e+00 6.380965336693398271e-01 3.918818441408512321e+00 4.498834324565388670e+04 4.046999999999999709e+00 4.830588020397728542e+05
6.200000000000000000e+01 5.199346882076963938e-01 7.322211341371542836e-02 1.000000000000000000e+00 6.967478671848736926e-01 7.015717893565813768e-01 4.577201167050861113e+04 4.009000000000000341e+00 6.591738952443213202e+05
6.400000000000000000e+01 6.397676683499083916e-01 3.941413203865242743e-01 1.000000000000000000e+00 6.308772520339380740e-01 5.296404663776197452e+00 4.577201167050861113e+04 4.009000000000000341e+00 6.591738952443213202e+05
6.900000000000000000e+01 9.629245392847488594e-01 2.471872060005078087e-01 1.000000000000000000e+00 4.460088619083590888e-02 3.279243686481319919e+00 4.602565735813562787e+04 3.988999999999999879e+00 7.550922276654341258e+05
7.000000000000000000e+01 9.775415230606807060e-02 3.720430812846612367e-01 1.000000000000000000e+00 9.102343926336893265e-01 6.514793932430078094e+00 4.602565735813562787e+04 3.988999999999999879e+00 7.550922276654341258e+05
7.300000000000000000e+01 6.317966447102604244e-01 5.214933075963545939e-03 1.000000000000000000e+00 7.777917308733748314e-01 5.505629912103711554e+00 4.622745664910894266e+04 3.954000000000000181e+00 9.332543007969905157e+05
7.600000000000000000e+01 9.312677924418147901e-01 7.429766275923399554e-01 1.000000000000000000e+00 2.328827273178379897e-01 9.389274146951198219e+00 4.623810213992603531e+04 3.950000000000000178e+00 9.506047936562809628e+05
7.700000000000000000e+01 1.617306027384963207e-01 4.752656188382330393e-01 1.000000000000000000e+00 4.787384793867555111e-02 9.910993800183192093e-01 4.623810213992603531e+04 3.950000000000000178e+00 9.506047936562809628e+05
7.900000000000000000e+01 4.740331174662308356e-01 2.370968450276367268e-02 1.000000000000000000e+00 8.329174969076885704e-01 4.392986209274537757e+00 4.623810213992603531e+04 3.950000000000000178e+00 9.506047936562809628e+05
8.300000000000000000e+01 5.192875049906195972e-01 9.980935906339547525e-01 1.000000000000000000e+00 8.208819839258870710e-01 6.865242721604298382e+00 4.620617301970836706e+04 3.908999999999999808e+00 1.161448613840343896e+06
9.000000000000000000e+01 6.970926217534981761e-01 1.154850480928694134e-01 1.000000000000000000e+00 2.293286145463047099e-01 4.121460156984339207e+00 4.608928809808950609e+04 3.887999999999999901e+00 1.270574105208541965e+06
9.200000000000000000e+01 3.151731930947543336e-01 2.129467577464239092e-02 1.000000000000000000e+00 9.163708562934231860e-01 -1.831388269326864382e+00 4.593037592608170962e+04 3.866000000000000103e+00 1.380384264602883719e+06
9.300000000000000000e+01 7.282975617151218328e-01 4.534799561897204789e-01 1.000000000000000000e+00 9.990296371819636922e-01 5.311073229426860109e+00 4.593037592608170962e+04 3.866000000000000103e+00 1.380384264602883719e+06
9.400000000000000000e+01 1.114004606902910366e+00 5.624513116834304327e-01 1.000000000000000000e+00 4.436733069587839307e-02 6.533249765631030215e+00 4.593037592608170962e+04 3.866000000000000103e+00 1.380384264602883719e+06
9.600000000000000000e+01 1.048054709951655505e+00 6.423903517694935505e-01 1.000000000000000000e+00 1.599744005356733556e-01 2.845892719580546792e+00 4.593037592608170962e+04 3.866000000000000103e+00 1.380384264602883719e+06
1.000000000000000000e+02 7.101833796450940373e-02 6.327378937411293203e-01 1.000000000000000000e+00 9.353770432124129952e-01 2.006281516204358351e+00 4.593037592608170962e+04 3.866000000000000103e+00 1.380384264602883719e+06
1.070000000000000000e+02 4.115223005343316975e-01 6.567311652678504696e-01 1.000000000000000000e+00 6.763022422331486094e-01 2.502531130712292384e+00 4.486420743836901966e+04 3.771999999999999797e+00 1.832314422371211229e+06
1.090000000000000000e+02 3.074105150314606627e-01 8.752653176317573003e-01 1.000000000000000000e+00 7.244739586259305586e-01 7.495057975587336330e+00 4.486420743836901966e+04 3.771999999999999797e+00 1.832314422371211229e+06
1.100000000000000000e+02 5.227751539264807734e-01 1.066427465915785744e-01 1.000000000000000000e+00 9.615642823114709525e-01 8.005482325147090350e+00 4.486420743836901966e+04 3.771999999999999797e+00 1.832314422371211229e+06
1.130000000000000000e+02 7.027177455259068228e-01 4.675890875264887558e-02 1.000000000000000000e+00 9.516675241775930383e-01 1.050187517622421396e+01 4.486420743836901966e+04 3.771999999999999797e+00 1.832314422371211229e+06
1.140000000000000000e+02 4.533122346977737083e-01 6.621180108268062137e-01 1.000000000000000000e+00 5.892217559745729361e-01 9.346595947964907225e+00 4.486420743836901966e+04 3.771999999999999797e+00 1.832314422371211229e+06
1.210000000000000000e+02 2.927620290191420005e-01 1.132398757655601607e-01 1.000000000000000000e+00 4.067929071767969473e-01 7.513368036913698589e+00 4.498834324565388670e+04 3.733000000000000096e+00 2.344228815319922753e+06
1.230000000000000000e+02 9.490971828276503208e-01 5.858355684291658427e-01 1.000000000000000000e+00 9.660469057846072793e-01 3.997100711308217758e+00 4.498834324565388670e+04 3.733000000000000096e+00 2.344228815319922753e+06
1.260000000000000000e+02 3.336715091956652945e-01 1.029661057275064184e-01 1.000000000000000000e+00 5.261358592225141573e-01 8.121307444651600704e+00 4.498834324565388670e+04 3.733000000000000096e+00 2.344228815319922753e+06
1.290000000000000000e+02 4.603379308643864576e-01 4.475633018027490584e-01 1.000000000000000000e+00 9.151930876307386997e-01 6.851588110416208188e+00 4.498834324565388670e+04 3.733000000000000096e+00 2.344228815319922753e+06
1.340000000000000000e+02 8.953526441510685496e-02 1.214694614308058362e-01 1.000000000000000000e+00 8.033363113073038742e-01 1.244047435235477117e+00 4.509205208756533102e+04 3.722999999999999865e+00 2.546830252585039008e+06
1.360000000000000000e+02 1.059451252372021202e+00 6.855096806388278896e-01 1.000000000000000000e+00 8.242675835234603010e-02 2.009212201092012595e+00 4.509205208756533102e+04 3.722999999999999865e+00 2.546830252585039008e+06
1.370000000000000000e+02 2.562372099201362108e-01 6.096710228547678190e-01 1.000000000000000000e+00 5.003644706361833894e-01 4.349380375612756922e+00 4.509205208756533102e+04 3.722999999999999865e+00 2.546830252585039008e+06
1.380000000000000000e+02 4.813935702520277804e-01 3.141371533420158624e-01 1.000000000000000000e+00 9.079053571193262950e-02 7.261819801535674301e+00 4.509205208756533102e+04 3.722999999999999865e+00 2.546830252585039008e+06
1.390000000000000000e+02 4.923282579214974808e-01 6.165312753590315165e-01 1.000000000000000000e+00 5.123258861088915150e-01 4.565760753461425736e+00 4.509205208756533102e+04 3.722999999999999865e+00 2.546830252585039008e+06
1.400000000000000000e+02 8.476529061683204525e-01 3.863737954642123551e-01 1.000000000000000000e+00 2.204658656522714422e-01 3.581523819261356323e-02 4.509205208756533102e+04 3.722999999999999865e+00 2.546830252585039008e+06
1.450000000000000000e+02 7.212250686536060273e-01 9.903250240656163994e-01 1.000000000000000000e+00 7.075282425322565460e-01 8.087546923806517185e+00 4.664445252037797763e+04 3.741000000000000103e+00 3.191537855100758374e+06
1.460000000000000000e+02 6.308601455479395659e-01 5.134577963729741734e-01 1.000000000000000000e+00 7.125937286285357608e-01 4.362120125951220118e+00 4.664445252037797763e+04 3.741000000000000103e+00 3.191537855100758374e+06
1.480000000000000000e+02 2.361736456409104512e-01 3.348816804107025424e-01 1.000000000000000000e+00 5.696597446463609327e-01 3.619475174024100461e+00 4.664445252037797763e+04 3.741000000000000103e+00 3.191537855100758374e+06
1.540000000000000000e+02 9.321766120259240562e-01 8.722278496871078701e-01 1.000000000000000000e+00 3.961663719373001991e-01 8.576738469903762763e+00 4.664445252037797763e+04 3.741000000000000103e+00 3.191537855100758374e+06
1.620000000000000000e+02 2.955945233903909397e-01 7.482030585160236447e-01 1.000000000000000000e+00 8.112904240758918029e-01 -4.842698606568927033e-01 4.770896554256492527e+04 3.750999999999999890e+00 3.793149849736816715e+06
1.630000000000000000e+02 5.537270427951325180e-01 3.596599475171597948e-01 1.000000000000000000e+00 8.779650956875343359e-01 2.062489675232761055e+00 4.770896554256492527e+04 3.750999999999999890e+00 3.793149849736816715e+06
1.650000000000000000e+02 4.901316521614503263e-01 5.127753520930997677e-01 1.000000000000000000e+00 8.051863706547577326e-01 3.537140317399876110e+00 4.770896554256492527e+04 3.750999999999999890e+00 3.793149849736816715e+06
1.680000000000000000e+02 6.467990114103326915e-01 6.498838053322298913e-01 1.000000000000000000e+00 1.450997550666059954e-01 2.462205570878343242e+00 4.770896554256492527e+04 3.750999999999999890e+00 3.793149849736816715e+06
1.690000000000000000e+02 5.210429231283822959e-01 9.712861062329583017e-01 1.000000000000000000e+00 6.584145867691549858e-01 5.265984414953646997e+00 4.770896554256492527e+04 3.750999999999999890e+00 3.793149849736816715e+06
1.710000000000000000e+02 4.182484453784889311e-01 4.630780619307919288e-01 1.000000000000000000e+00 3.232792218429643150e-01 8.156702845083188436e+00 4.770896554256492527e+04 3.750999999999999890e+00 3.793149849736816715e+06
1.720000000000000000e+02 9.094311191134089034e-01 7.308215895170122600e-01 1.000000000000000000e+00 5.542198122343789946e-01 6.492900483387357369e+00 4.770896554256492527e+04 3.750999999999999890e+00 3.793149849736816715e+06
1.750000000000000000e+02 1.058351512244626980e+00 2.892531075109259220e-01 1.000000000000000000e+00 3.808710490671223248e-01 7.476287881964365667e+00 4.770896554256492527e+04 3.750999999999999890e+00 3.793149849736816715e+06
1.780000000000000000e+02 1.192675483506084877e+00 7.761494164129160156e-01 1.000000000000000000e+00 8.769539678041354813e-01 5.512640245506599257e+00 4.770896554256492527e+04 3.750999999999999890e+00 3.793149849736816715e+06
1.790000000000000000e+02 2.055507349960849495e-01 8.325660473981579823e-01 1.000000000000000000e+00 1.526526021727447890e-01 5.601365615453871349e+00 4.770896554256492527e+04 3.750999999999999890e+00 3.793149849736816715e+06
1.810000000000000000e+02 5.237654635417143822e-01 4.199652914621251343e-01 1.000000000000000000e+00 5.646506232025505501e-02 6.938092848792140721e+00 4.770896554256492527e+04 3.750999999999999890e+00 3.793149849736816715e+06
1.820000000000000000e+02 7.194354461913192722e-01 8.154106545811007356e-01 1.000000000000000000e+00 9.989370988655301709e-01 5.074256609757048508e+00 4.770896554256492527e+04 3.750999999999999890e+00 3.793149849736816715e+06
1.850000000000000000e+02 1.117609627320769600e-01 7.215167473699604095e-01 1.000000000000000000e+00 1.043933296838456259e-01 3.418226652521878517e+00 4.922661804443351139e+04 3.770000000000000018e+00 4.819477976251271553e+06
1.880000000000000000e+02 2.931566115811013451e-01 5.283563401408162274e-01 1.000000000000000000e+00 7.063149457560016220e-01 4.793039950040062891e+00 4.922661804443351139e+04 3.770000000000000018e+00 4.819477976251271553e+06
1.890000000000000000e+02 1.579603682672140186e-01 1.966311970908352080e-02 1.000000000000000000e+00 4.859023384386260691e-01 5.783732857149647799e+00 4.922661804443351139e+04 3.770000000000000018e+00 4.819477976251271553e+06
1.910000000000000000e+02 4.911017412736888299e-01 2.586944643009825295e-02 1.000000000000000000e+00 8.080781893812114536e-01 7.661862719542540390e+00 4.922661804443351139e+04 3.770000000000000018e+00 4.819477976251271553e+06
1.930000000000000000e+02 1.154908834190664590e+00 5.176016464917465587e-02 1.000000000000000000e+00 8.960841796768074241e-01 2.945307167876793475e+00 4.922661804443351139e+04 3.770000000000000018e+00 4.819477976251271553e+06
1.940000000000000000e+02 1.389862355032325247e-01 4.178830851748059905e-01 1.000000000000000000e+00 4.147159881234907530e-01 6.963446493742289078e+00 4.922661804443351139e+04 3.770000000000000018e+00 4.819477976251271553e+06
1.980000000000000000e+02 2.259090409881535921e-01 7.575577351915508961e-01 1.000000000000000000e+00 3.485785027752955623e-01 2.956106659862609565e+00 4.922661804443351139e+04 3.770000000000000018e+00 4.819477976251271553e+06
2.010000000000000000e+02 2.198155039168176172e-01 6.069546547240930456e-01 1.000000000000000000e+00 5.706523657408699712e-01 5.790972763834009385e+00 4.964779900060684304e+04 3.775999999999999801e+00 5.105049999754064716e+06
2.020000000000000000e+02 2.525786957487272111e-01 9.302927408390522235e-01 1.000000000000000000e+00 1.582718057842273929e-01 8.343489807276855075e+00 4.964779900060684304e+04 3.775999999999999801e+00 5.105049999754064716e+06
2.040000000000000000e+02 2.187522378377410037e-01 8.602085977966584807e-01 1.000000000000000000e+00 5.393311687689937850e-01 1.000636819399903032e+01 4.964779900060684304e+04 3.775999999999999801e+00 5.105049999754064716e+06
2.050000000000000000e+02 2.060944103358908763e-01 6.244814282506494507e-02 1.000000000000000000e+00 4.059898374377731711e-01 5.835745484537124383e+00 4.964779900060684304e+04 3.775999999999999801e+00 5.105049999754064716e+06
2.080000000000000000e+02 6.146024617122485267e-01 9.599712722206199533e-02 1.000000000000000000e+00 2.516997399946413472e-01 7.449531264884927673e+00 4.964779900060684304e+04 3.775999999999999801e+00 5.105049999754064716e+06
2.130000000000000000e+02 6.439370911767281491e-01 3.326787822154984031e-01 1.000000000000000000e+00 9.977618836879205144e-01 5.121295530348302094e+00 4.964779900060684304e+04 3.775999999999999801e+00 5.105049999754064716e+06
2.210000000000000000e+02 1.434213069485811287e-01 3.189204030920890220e-01 1.000000000000000000e+00 7.374963975809688543e-01 2.994245470149840660e+00 4.964779900060684304e+04 3.775999999999999801e+00 5.105049999754064716e+06
2.240000000000000000e+02 1.119144609037481808e-01 3.326892344640776100e-01 1.000000000000000000e+00 6.708890834766437772e-01 5.977705119720633675e+00 5.140436515824264643e+04 3.803999999999999826e+00 6.486344335482387803e+06
2.280000000000000000e+02 2.480963868238115211e-01 7.892994859335400459e-01 1.000000000000000000e+00 9.213401102635757622e-01 5.737026401499007555e+00 5.140436515824264643e+04 3.803999999999999826e+00 6.486344335482387803e+06
2.300000000000000000e+02 3.766137570844256821e-01 1.515894568825852939e-01 1.000000000000000000e+00 4.879889624852715713e-01 4.120937925660549617e+00 5.140436515824264643e+04 3.803999999999999826e+00 6.486344335482387803e+06
2.400000000000000000e+02 1.044166684985884608e+00 3.218852980883943893e-01 1.000000000000000000e+00 7.560876276094425918e-01 8.176096974510276283e+00 5.140436515824264643e+04 3.803999999999999826e+00 6.486344335482387803e+06
2.430000000000000000e+02 2.706489073402125189e-01 8.003175501114212498e-02 1.000000000000000000e+00 2.497966844913431794e-01 5.527283740674723944e+00 5.140436515824264643e+04 3.803999999999999826e+00 6.486344335482387803e+06
2.470000000000000000e+02 4.193059109926896011e-01 1.151006534794394298e-01 1.000000000000000000e+00 9.268434670614573712e-01 4.426882285703584330e+00 5.140436515824264643e+04 3.803999999999999826e+00 6.486344335482387803e+06
2.500000000000000000e+02 5.007039796676588939e-01 4.657042192709279771e-01 1.000000000000000000e+00 5.165937173223958956e-01 5.457123779196793478e+00 5.140436515824264643e+04 3.803999999999999826e+00 6.486344335482387803e+06
2.550000000000000000e+02 1.189765263075546642e+00 5.349409193606489143e-01 1.000000000000000000e+00 5.782897296219200456e-01 1.836134492859181844e+00 5.140436515824264643e+04 3.803999999999999826e+00 6.486344335482387803e+06
2.560000000000000000e+02 8.143633178797151650e-01 9.561666947427926999e-02 1.000000000000000000e+00 2.004664589442860523e-01 4.027462410837173934e+00 5.140436515824264643e+04 3.803999999999999826e+00 6.486344335482387803e+06
2.570000000000000000e+02 2.152797973406039844e-01 5.921580623146720512e-01 1.000000000000000000e+00 2.587327413198033943e-01 5.410425078091231299e+00 5.140436515824264643e+04 3.803999999999999826e+00 6.486344335482387803e+06
2.580000000000000000e+02 8.018652770264087515e-01 3.621564837515611757e-01 1.000000000000000000e+00 9.243336632032130851e-01 7.227348335984686400e+00 5.140436515824264643e+04 3.803999999999999826e+00 6.486344335482387803e+06
2.640000000000000000e+02 1.358537568982675081e-01 8.809041703175162219e-01 1.000000000000000000e+00 8.324809830541036737e-01 3.501651061101021867e+00 5.140436515824264643e+04 3.803999999999999826e+00 6.486344335482387803e+06
2.660000000000000000e+02 5.938055595493596517e-01 7.807382932375857010e-01 1.000000000000000000e+00 9.314250728831854342e-01 4.507330210754751931e-01 5.140436515824264643e+04 3.803999999999999826e+00 6.486344335482387803e+06
2.810000000000000000e+02 5.539074419345689781e-01 6.988590910059779837e-01 1.000000000000000000e+00 8.731232916678178801e-01 2.764675689210604137e+00 5.140436515824264643e+04 3.803999999999999826e+00 6.486344335482387803e+06
2.830000000000000000e+02 4.408247483213205420e-02 9.549155483425745272e-01 1.000000000000000000e+00 1.719681330525342222e-01 7.398912342871138748e+00 5.140436515824264643e+04 3.803999999999999826e+00 6.486344335482387803e+06
2.840000000000000000e+02 8.712209050476092953e-01 4.912972784834668261e-01 1.000000000000000000e+00 6.195188092491132892e-01 3.736611078502703798e+00 5.140436515824264643e+04 3.803999999999999826e+00 6.486344335482387803e+06
2.860000000000000000e+02 9.379996609221818993e-02 2.919880480319867466e-01 1.000000000000000000e+00 9.777236659374133332e-03 4.198133624511021011e+00 5.140436515824264643e+04 3.803999999999999826e+00 6.486344335482387803e+06
2.870000000000000000e+02 5.204376197418367767e-01 9.457706711242040987e-01 1.000000000000000000e+00 5.799698090943460338e-01 4.650251723430371520e+00 5.140436515824264643e+04 3.803999999999999826e+00 6.486344335482387803e+06
2.920000000000000000e+02 1.420435722924506261e-01 9.571993401831176973e-01 1.000000000000000000e+00 6.978743504272133524e-02 5.035408642071310226e+00 5.140436515824264643e+04 3.803999999999999826e+00 6.486344335482387803e+06
2.940000000000000000e+02 5.833147763621714388e-01 1.036712320836957746e-01 1.000000000000000000e+00 5.805960816612121267e-02 6.444391760555374660e+00 5.140436515824264643e+04 3.803999999999999826e+00 6.486344335482387803e+06
2.970000000000000000e+02 8.035721513210548894e-02 9.205078964665435182e-01 1.000000000000000000e+00 1.190972641441531144e-01 5.930030624684381912e+00 5.140436515824264643e+04 3.803999999999999826e+00 6.486344335482387803e+06
