# # chi square, temperature, log(g), normalization
2.267899145211167422e+01 4.200000000000000000e+03 3.500000000000000000e+00 1.109927723417163836e+00
2.442131419952148264e+01 4.300000000000000000e+03 3.500000000000000000e+00 1.055886531143602092e+00
2.640223290618757446e+01 4.400000000000000000e+03 3.500000000000000000e+00 1.009827042726546109e+00
2.939078388347760651e+01 4.500000000000000000e+03 3.500000000000000000e+00 9.671088481531777692e-01
2.987518484232387195e+01 4.600000000000000000e+03 3.500000000000000000e+00 9.262399000833978491e-01
3.163942662056760469e+01 4.700000000000000000e+03 3.500000000000000000e+00 8.905919552816025098e-01
3.487626918091151396e+01 4.800000000000000000e+03 3.500000000000000000e+00 8.555999660853117472e-01
3.847388045559171843e+01 4.900000000000000000e+03 3.500000000000000000e+00 8.229062874988912757e-01
4.155472650027322601e+01 5.000000000000000000e+03 3.500000000000000000e+00 7.929827731605527674e-01
4.393951396970966528e+01 5.100000000000000000e+03 3.500000000000000000e+00 7.645228125943028807e-01
4.698061031203680216e+01 5.200000000000000000e+03 3.500000000000000000e+00 7.379414440972676958e-01
4.924575214162448589e+01 5.300000000000000000e+03 3.500000000000000000e+00 7.121552037638017030e-01
5.194801630059628650e+01 5.400000000000000000e+03 3.500000000000000000e+00 6.903702414850075852e-01
4.341969298418521106e+01 4.200000000000000000e+03 4.000000000000000000e+00 1.102441191792721709e+00
4.250309122396362227e+01 4.300000000000000000e+03 4.000000000000000000e+00 1.046174499937178259e+00
4.106272029187393002e+01 4.400000000000000000e+03 4.000000000000000000e+00 9.973594564354180125e-01
4.031778747329161661e+01 4.500000000000000000e+03 4.000000000000000000e+00 9.550674281351272388e-01
3.833858056476213960e+01 4.600000000000000000e+03 4.000000000000000000e+00 9.163910329081182971e-01
3.691387924891442651e+01 4.700000000000000000e+03 4.000000000000000000e+00 8.795003941948750237e-01
3.760265364740232030e+01 4.800000000000000000e+03 4.000000000000000000e+00 8.457223229710283396e-01
3.955606380367537867e+01 4.900000000000000000e+03 4.000000000000000000e+00 8.154854276379124300e-01
4.109997930714049375e+01 5.000000000000000000e+03 4.000000000000000000e+00 7.839099276303623798e-01
4.249444115693243873e+01 5.100000000000000000e+03 4.000000000000000000e+00 7.562702012700924792e-01
4.514662104053403624e+01 5.200000000000000000e+03 4.000000000000000000e+00 7.333066636454544929e-01
4.822126415851187176e+01 5.300000000000000000e+03 4.000000000000000000e+00 7.068730236538788292e-01
5.135391407372594585e+01 5.400000000000000000e+03 4.000000000000000000e+00 6.843933106648890652e-01
