# # chi square, temperature, log(g), normalization
3.704483680554189817e+01 2.900000000000000000e+03 3.500000000000000000e+00 1.687239263343073059e+00
3.545975991171329866e+01 3.000000000000000000e+03 3.500000000000000000e+00 1.446573282286886863e+00
3.422744149607169106e+01 3.100000000000000000e+03 3.500000000000000000e+00 1.256435667074634166e+00
3.313442534587369437e+01 3.200000000000000000e+03 3.500000000000000000e+00 1.095028217610095389e+00
3.183217835509338656e+01 3.300000000000000000e+03 3.500000000000000000e+00 9.560939323944194213e-01
3.247060790683402587e+01 3.400000000000000000e+03 3.500000000000000000e+00 8.429875139008538021e-01
3.434619402702962532e+01 3.500000000000000000e+03 3.500000000000000000e+00 7.515382364813979477e-01
3.738543311341960873e+01 3.600000000000000000e+03 3.500000000000000000e+00 6.771490157828479184e-01
3.968961977387463236e+01 3.700000000000000000e+03 3.500000000000000000e+00 6.185914330089699043e-01
4.199715667408810305e+01 3.800000000000000000e+03 3.500000000000000000e+00 5.725034554450914026e-01
4.546155257463853161e+01 3.900000000000000000e+03 3.500000000000000000e+00 5.342479893956844084e-01
4.799721591827996292e+01 4.000000000000000000e+03 3.500000000000000000e+00 4.989056962598129030e-01
5.109256708669521885e+01 4.100000000000000000e+03 3.500000000000000000e+00 4.700154970705742175e-01
3.317199791855253466e+01 2.900000000000000000e+03 4.000000000000000000e+00 1.644059195281426522e+00
3.305431650374330843e+01 3.000000000000000000e+03 4.000000000000000000e+00 1.443155116358801449e+00
3.528002008916232057e+01 3.100000000000000000e+03 4.000000000000000000e+00 1.271163235549463089e+00
3.566149095562752791e+01 3.200000000000000000e+03 4.000000000000000000e+00 1.115682783914463405e+00
3.495816341140420747e+01 3.300000000000000000e+03 4.000000000000000000e+00 9.877374240283768314e-01
3.670786402136577919e+01 3.400000000000000000e+03 4.000000000000000000e+00 8.864690611474470572e-01
3.921554356414265641e+01 3.500000000000000000e+03 4.000000000000000000e+00 7.924012644517098858e-01
4.115031475431005958e+01 3.600000000000000000e+03 4.000000000000000000e+00 7.185825079294934081e-01
4.151279447075032891e+01 3.700000000000000000e+03 4.000000000000000000e+00 6.517450932187330848e-01
4.162172575337736191e+01 3.800000000000000000e+03 4.000000000000000000e+00 5.955173135129006035e-01
4.277490715853925707e+01 3.900000000000000000e+03 4.000000000000000000e+00 5.459443742893721474e-01
4.620945049858752895e+01 4.000000000000000000e+03 4.000000000000000000e+00 5.051308388909119262e-01
4.952999258634334723e+01 4.100000000000000000e+03 4.000000000000000000e+00 4.696893473932957086e-01
