# # chi square, temperature, log(g), normalization
4.042484565929105145e+01 3.100000000000000000e+03 3.500000000000000000e+00 1.633811834450070055e+00
3.613405681154715410e+01 3.200000000000000000e+03 3.500000000000000000e+00 1.423793875144588217e+00
3.296765094610806557e+01 3.300000000000000000e+03 3.500000000000000000e+00 1.244807632948767617e+00
3.264392543830136617e+01 3.400000000000000000e+03 3.500000000000000000e+00 1.095809378381885635e+00
3.218754516313887848e+01 3.500000000000000000e+03 3.500000000000000000e+00 9.768280910241263770e-01
3.512026143803004175e+01 3.600000000000000000e+03 3.500000000000000000e+00 8.813702949558704924e-01
3.966797053952804220e+01 3.700000000000000000e+03 3.500000000000000000e+00 8.048782650703285579e-01
4.427711752846560955e+01 3.800000000000000000e+03 3.500000000000000000e+00 7.445959875693547447e-01
4.896304591014203567e+01 3.900000000000000000e+03 3.500000000000000000e+00 6.957099792419731976e-01
5.159384232569657769e+01 4.000000000000000000e+03 3.500000000000000000e+00 6.493796350224726455e-01
5.490213557619239282e+01 4.100000000000000000e+03 3.500000000000000000e+00 6.125622963941266264e-01
5.779887145428233453e+01 4.200000000000000000e+03 3.500000000000000000e+00 5.803630806431777645e-01
6.213205554074486514e+01 4.300000000000000000e+03 3.500000000000000000e+00 5.527508313904244686e-01
4.183961003508282772e+01 3.100000000000000000e+03 4.000000000000000000e+00 1.655355830414260154e+00
4.098044894381848025e+01 3.200000000000000000e+03 4.000000000000000000e+00 1.452988648738563482e+00
4.170903901673358405e+01 3.300000000000000000e+03 4.000000000000000000e+00 1.284477103144050947e+00
4.292801806230789907e+01 3.400000000000000000e+03 4.000000000000000000e+00 1.154721557381488628e+00
4.189426579262713801e+01 3.500000000000000000e+03 4.000000000000000000e+00 1.030447568033990624e+00
4.184292843250848648e+01 3.600000000000000000e+03 4.000000000000000000e+00 9.357274070875253313e-01
4.409408784515644442e+01 3.700000000000000000e+03 4.000000000000000000e+00 8.490245868885506475e-01
4.716944578707140323e+01 3.800000000000000000e+03 4.000000000000000000e+00 7.758507817738210521e-01
4.909644514272846294e+01 3.900000000000000000e+03 4.000000000000000000e+00 7.113578373498760099e-01
5.096415379028558590e+01 4.000000000000000000e+03 4.000000000000000000e+00 6.581571245008650539e-01
5.363357315389436053e+01 4.100000000000000000e+03 4.000000000000000000e+00 6.120208230031765062e-01
5.700585560754854697e+01 4.200000000000000000e+03 4.000000000000000000e+00 5.740261378897419942e-01
6.014799715602951835e+01 4.300000000000000000e+03 4.000000000000000000e+00 5.443874560575752142e-01
