# # chi square, temperature, log(g), normalization
5.861158199846933314e+01 2.500000000000000000e+03 3.500000000000000000e+00 1.674681436298176340e+00
4.285352957375070559e+01 2.600000000000000000e+03 3.500000000000000000e+00 1.430272826690554666e+00
3.095543233281003381e+01 2.700000000000000000e+03 3.500000000000000000e+00 1.210156154257389094e+00
2.714744265291422920e+01 2.800000000000000000e+03 3.500000000000000000e+00 1.044809408200619849e+00
2.602905570402026569e+01 2.900000000000000000e+03 3.500000000000000000e+00 8.877836867178224844e-01
2.650522311493662642e+01 3.000000000000000000e+03 3.500000000000000000e+00 7.619574042873320519e-01
2.630424937268050201e+01 3.100000000000000000e+03 3.500000000000000000e+00 6.610225749587246291e-01
2.562061076734242349e+01 3.200000000000000000e+03 3.500000000000000000e+00 5.770383695356100517e-01
2.528422271370689955e+01 3.300000000000000000e+03 3.500000000000000000e+00 5.037275429197871635e-01
2.533325931357476790e+01 3.400000000000000000e+03 3.500000000000000000e+00 4.440441126023193519e-01
2.691354615530909911e+01 3.500000000000000000e+03 3.500000000000000000e+00 3.960612475644981756e-01
2.869751422807256702e+01 3.600000000000000000e+03 3.500000000000000000e+00 3.563293515923563470e-01
3.073976624343182706e+01 3.700000000000000000e+03 3.500000000000000000e+00 3.260449487179324923e-01
6.780521540334129327e+01 2.500000000000000000e+03 4.000000000000000000e+00 1.605901820396275603e+00
4.663512838713573672e+01 2.600000000000000000e+03 4.000000000000000000e+00 1.355347940019352659e+00
3.043406272446032901e+01 2.700000000000000000e+03 4.000000000000000000e+00 1.166722956124514043e+00
2.476905506954635072e+01 2.800000000000000000e+03 4.000000000000000000e+00 1.002563765978583543e+00
2.137626440152736507e+01 2.900000000000000000e+03 4.000000000000000000e+00 8.659996987232220222e-01
2.190961491602771716e+01 3.000000000000000000e+03 4.000000000000000000e+00 7.611938644455638059e-01
2.355019723753798999e+01 3.100000000000000000e+03 4.000000000000000000e+00 6.710253605482853212e-01
2.409590268999285456e+01 3.200000000000000000e+03 4.000000000000000000e+00 5.882548982865071219e-01
2.455928439841905231e+01 3.300000000000000000e+03 4.000000000000000000e+00 5.214279563135640894e-01
2.525573838750508315e+01 3.400000000000000000e+03 4.000000000000000000e+00 4.674633042715422571e-01
2.509405702884458833e+01 3.500000000000000000e+03 4.000000000000000000e+00 4.179499018190982462e-01
2.587188880677542357e+01 3.600000000000000000e+03 4.000000000000000000e+00 3.791221083183951568e-01
2.692712778087761194e+01 3.700000000000000000e+03 4.000000000000000000e+00 3.439919191537410548e-01
