# # chi square, temperature, log(g), normalization
2.250903939308932422e+01 4.100000000000000000e+03 3.500000000000000000e+00 1.118088259652716854e+00
2.506163258030499819e+01 4.200000000000000000e+03 3.500000000000000000e+00 1.060104320056784788e+00
2.691283651024065549e+01 4.300000000000000000e+03 3.500000000000000000e+00 1.009883128701930088e+00
2.965024353738983010e+01 4.400000000000000000e+03 3.500000000000000000e+00 9.656639349527498251e-01
3.107130257731354561e+01 4.500000000000000000e+03 3.500000000000000000e+00 9.231450942110458469e-01
3.232799588595135276e+01 4.600000000000000000e+03 3.500000000000000000e+00 8.848670869606870548e-01
3.606788213638434115e+01 4.700000000000000000e+03 3.500000000000000000e+00 8.506865399434679897e-01
4.033670284074608503e+01 4.800000000000000000e+03 3.500000000000000000e+00 8.171057339335827674e-01
4.349069452382239831e+01 4.900000000000000000e+03 3.500000000000000000e+00 7.869526907487931489e-01
4.642006472274935192e+01 5.000000000000000000e+03 3.500000000000000000e+00 7.584292786467026204e-01
4.916210385018928264e+01 5.100000000000000000e+03 3.500000000000000000e+00 7.298835086661983329e-01
5.180935696411349767e+01 5.200000000000000000e+03 3.500000000000000000e+00 7.045531571049978847e-01
5.456098022374157352e+01 5.300000000000000000e+03 3.500000000000000000e+00 6.801555986497647144e-01
4.350481444309270529e+01 4.100000000000000000e+03 4.000000000000000000e+00 1.120858850819905106e+00
4.353070603624085777e+01 4.200000000000000000e+03 4.000000000000000000e+00 1.051554936820613850e+00
4.310753011911398858e+01 4.300000000000000000e+03 4.000000000000000000e+00 9.991608024008994393e-01
4.212082463374171937e+01 4.400000000000000000e+03 4.000000000000000000e+00 9.538860900881400706e-01
4.039909547617555319e+01 4.500000000000000000e+03 4.000000000000000000e+00 9.115640598272730655e-01
3.890097397024564430e+01 4.600000000000000000e+03 4.000000000000000000e+00 8.751386593516446988e-01
3.967077692698500613e+01 4.700000000000000000e+03 4.000000000000000000e+00 8.405467753580248003e-01
4.164224718075932685e+01 4.800000000000000000e+03 4.000000000000000000e+00 8.086231411232520649e-01
4.310829792476471312e+01 4.900000000000000000e+03 4.000000000000000000e+00 7.784649341678901990e-01
4.474244316529129151e+01 5.000000000000000000e+03 4.000000000000000000e+00 7.492911552858433355e-01
4.718469530854096661e+01 5.100000000000000000e+03 4.000000000000000000e+00 7.229135583032273438e-01
5.048631006027952850e+01 5.200000000000000000e+03 4.000000000000000000e+00 7.001034149438029042e-01
5.399390805831350804e+01 5.300000000000000000e+03 4.000000000000000000e+00 6.756959438141277863e-01
