# # chi square, temperature, log(g), normalization
4.291315311721867687e+01 2.600000000000000000e+03 3.500000000000000000e+00 1.657139103343085340e+00
3.185269271174333738e+01 2.700000000000000000e+03 3.500000000000000000e+00 1.403772922920163868e+00
2.872641717267977057e+01 2.800000000000000000e+03 3.500000000000000000e+00 1.210903800735076530e+00
2.820500897055641332e+01 2.900000000000000000e+03 3.500000000000000000e+00 1.031022863303186599e+00
2.786400736096437214e+01 3.000000000000000000e+03 3.500000000000000000e+00 8.825599854251268139e-01
2.848883240377643133e+01 3.100000000000000000e+03 3.500000000000000000e+00 7.666296441331039713e-01
2.824499010833784141e+01 3.200000000000000000e+03 3.500000000000000000e+00 6.686541165239272555e-01
2.851489028766019018e+01 3.300000000000000000e+03 3.500000000000000000e+00 5.844571632899800973e-01
2.816755162399605439e+01 3.400000000000000000e+03 3.500000000000000000e+00 5.149253565658075127e-01
2.924686527468412223e+01 3.500000000000000000e+03 3.500000000000000000e+00 4.586611012209970695e-01
3.127763232475425426e+01 3.600000000000000000e+03 3.500000000000000000e+00 4.133441832822430939e-01
3.312301178429526516e+01 3.700000000000000000e+03 3.500000000000000000e+00 3.776945803746907804e-01
3.512849553690347904e+01 3.800000000000000000e+03 3.500000000000000000e+00 3.495172401452613653e-01
4.853440705473587258e+01 2.600000000000000000e+03 4.000000000000000000e+00 1.571539247785414872e+00
3.195810010812216362e+01 2.700000000000000000e+03 4.000000000000000000e+00 1.352889186730053872e+00
2.711058781589998290e+01 2.800000000000000000e+03 4.000000000000000000e+00 1.160446865415404316e+00
2.393580140089221686e+01 2.900000000000000000e+03 4.000000000000000000e+00 1.004157415457216151e+00
2.310574949021465230e+01 3.000000000000000000e+03 4.000000000000000000e+00 8.822759950432659259e-01
2.467571070907525055e+01 3.100000000000000000e+03 4.000000000000000000e+00 7.775104149299539857e-01
2.634007737633807267e+01 3.200000000000000000e+03 4.000000000000000000e+00 6.826161958896935777e-01
2.786245485076090844e+01 3.300000000000000000e+03 4.000000000000000000e+00 6.042145199501102182e-01
2.907618094701331302e+01 3.400000000000000000e+03 4.000000000000000000e+00 5.422198267346387546e-01
2.870510736350276915e+01 3.500000000000000000e+03 4.000000000000000000e+00 4.840464613486239465e-01
2.877154240760437176e+01 3.600000000000000000e+03 4.000000000000000000e+00 4.395073507852193528e-01
2.997232784740465661e+01 3.700000000000000000e+03 4.000000000000000000e+00 3.981497155042881819e-01
3.180020020731567598e+01 3.800000000000000000e+03 4.000000000000000000e+00 3.640632422738959151e-01
