1.958070922431876248e-01 7.872513351934781189e-01 1.000000000000000000e+00 4.576730211255242153e-02 3.115908731302220680e+00 3.226000000000000000e+03 3.379999999999999893e+00 -6.600000000000000311e-01
8.814043753125261338e-02 3.291421371150238251e-03 1.000000000000000000e+00 3.030760046025781085e-01 5.040411670244703934e+00 2.908000000000000000e+03 3.419999999999999929e+00 -1.229999999999999982e+00
9.834688334791784337e-02 7.271487419830870991e-01 1.000000000000000000e+00 4.451792744387623735e-01 5.073558005196062481e+00 2.936000000000000000e+03 3.430000000000000160e+00 -1.169999999999999929e+00
6.611373035133948084e-02 6.602489684990077157e-01 1.000000000000000000e+00 3.363850535900891892e-01 6.032128750033169062e+00 2.897000000000000000e+03 3.490000000000000213e+00 -1.409999999999999920e+00
8.153508489057021968e-01 7.910784127331510485e-01 1.000000000000000000e+00 7.105406751248118935e-01 5.148289729136974913e+00 4.192000000000000000e+03 3.649999999999999911e+00 1.300000000000000044e-01
2.971304801634276904e-01 4.956359324229788754e-01 1.000000000000000000e+00 8.203096181529624387e-01 5.170651371569975119e+00 3.428000000000000000e+03 3.479999999999999982e+00 -4.799999999999999822e-01
9.372664909990933158e-01 6.137885554800870391e-01 1.000000000000000000e+00 1.280403705572167317e-01 6.275996918190815954e+00 4.290000000000000000e+03 3.660000000000000142e+00 2.099999999999999922e-01
2.101980602921400543e-01 9.989195678484438234e-01 1.000000000000000000e+00 1.820201778851596730e-01 2.393382227790640915e+00 3.226000000000000000e+03 3.379999999999999893e+00 -6.600000000000000311e-01
2.590176744919183149e-01 4.984125240827246284e-01 1.000000000000000000e+00 4.447867198667648791e-01 7.360474232269396566e+00 3.428000000000000000e+03 3.479999999999999982e+00 -4.799999999999999822e-01
2.057673237789885423e-01 1.507891217382840710e-01 1.000000000000000000e+00 8.436760679688315445e-01 6.473715327460798363e-01 3.226000000000000000e+03 3.379999999999999893e+00 -6.600000000000000311e-01
7.170739519931683403e-02 1.752107807437389697e-01 1.000000000000000000e+00 5.361558798890186939e-02 3.727749524489119892e+00 2.896000000000000000e+03 3.479999999999999982e+00 -1.389999999999999902e+00
3.099869040929718600e-01 1.315401586145652502e-01 1.000000000000000000e+00 3.846202837300739530e-01 8.940225124332496165e+00 3.428000000000000000e+03 3.479999999999999982e+00 -4.799999999999999822e-01
2.103556828657338618e-01 2.526068721752224855e-01 1.000000000000000000e+00 2.755224079220848221e-01 4.939061640036446654e+00 3.226000000000000000e+03 3.379999999999999893e+00 -6.600000000000000311e-01
7.262832236383957862e-02 4.411161430268906170e-01 1.000000000000000000e+00 5.276973581967802085e-01 5.537238070959662473e+00 2.896000000000000000e+03 3.479999999999999982e+00 -1.389999999999999902e+00
1.073406381861292003e+00 6.839544688436871578e-01 1.000000000000000000e+00 2.498595502077990416e-01 9.566884347959415891e+00 4.456000000000000000e+03 3.669999999999999929e+00 3.499999999999999778e-01
1.310974042157522446e+00 3.771569388172754111e-01 1.000000000000000000e+00 4.508145071593978592e-01 4.478321224110738186e+00 4.596000000000000000e+03 3.680000000000000160e+00 4.699999999999999734e-01
4.647431346096511651e-01 1.156904806459674306e-01 1.000000000000000000e+00 6.150720517204867344e-01 7.408783084611416214e+00 3.802000000000000000e+03 3.589999999999999858e+00 -1.799999999999999933e-01
2.830116508939873876e-01 4.934552434535629528e-01 1.000000000000000000e+00 7.215237031593554340e-01 5.642880739210094809e+00 3.428000000000000000e+03 3.479999999999999982e+00 -4.799999999999999822e-01
1.031592117740877806e-01 6.277075795543252124e-01 1.000000000000000000e+00 3.931226139455101798e-01 7.074905490178858614e+00 2.936000000000000000e+03 3.430000000000000160e+00 -1.169999999999999929e+00
1.002202174225084730e-01 3.239109056636317874e-01 1.000000000000000000e+00 5.757091348796301578e-01 6.251988666981932674e+00 2.936000000000000000e+03 3.430000000000000160e+00 -1.169999999999999929e+00
1.101392774846656541e+00 2.628846980377996800e-02 1.000000000000000000e+00 1.425614393148889603e-01 3.604552487167575592e+00 4.456000000000000000e+03 3.669999999999999929e+00 3.499999999999999778e-01
9.591155560053085671e-02 9.669204729293612299e-02 1.000000000000000000e+00 8.491218606245487521e-01 7.772498430019176396e+00 2.936000000000000000e+03 3.430000000000000160e+00 -1.169999999999999929e+00
2.979180855518018256e-02 9.982999593680714767e-01 1.000000000000000000e+00 2.591506673566715824e-01 3.653797229935503488e+00 2.710000000000000000e+03 3.569999999999999840e+00 -1.979999999999999982e+00
2.950353549749281101e-01 2.897275191916781623e-01 1.000000000000000000e+00 6.901844224041957521e-01 8.614924090305331461e+00 3.428000000000000000e+03 3.479999999999999982e+00 -4.799999999999999822e-01
1.567675206807666796e-02 6.307937685887616830e-01 1.000000000000000000e+00 8.893752699148960161e-01 4.466991444354160734e+00 2.504000000000000000e+03 3.580000000000000071e+00 -2.419999999999999929e+00
2.270098593029166723e-01 9.214564715718408516e-01 1.000000000000000000e+00 2.450398265310157475e-01 4.028983397183486304e+00 3.226000000000000000e+03 3.379999999999999893e+00 -6.600000000000000311e-01
1.153303126705089721e+00 1.783492478165260575e-01 1.000000000000000000e+00 6.250497954856943927e-01 8.323705152957954212e+00 4.529000000000000000e+03 3.680000000000000160e+00 4.099999999999999756e-01
2.251643832332941020e-01 9.106409710068863461e-01 1.000000000000000000e+00 9.678553420312299149e-01 8.542427174118728317e+00 3.226000000000000000e+03 3.379999999999999893e+00 -6.600000000000000311e-01
5.486744310858684276e-02 2.767167307919919939e-01 1.000000000000000000e+00 7.103177999085188432e-01 5.291700525952711232e+00 2.824000000000000000e+03 3.529999999999999805e+00 -1.649999999999999911e+00
4.251089256620241841e-01 3.350037425002037050e-01 1.000000000000000000e+00 6.544949214084827549e-01 4.887056613113298198e+00 3.634000000000000000e+03 3.540000000000000036e+00 -3.200000000000000067e-01
2.083651755686530549e-01 4.402057845232869582e-01 1.000000000000000000e+00 8.426017380441029880e-01 5.587023972623685886e+00 3.226000000000000000e+03 3.379999999999999893e+00 -6.600000000000000311e-01
9.583713160447482338e-02 3.448861018514483012e-01 1.000000000000000000e+00 9.796620425151233436e-01 2.097485706461901689e+00 2.936000000000000000e+03 3.430000000000000160e+00 -1.169999999999999929e+00
1.083133929138772933e+00 4.463420807964983972e-01 1.000000000000000000e+00 5.614284353921591419e-01 5.657562839228939211e+00 4.456000000000000000e+03 3.669999999999999929e+00 3.499999999999999778e-01
2.573324517100634701e-01 2.729556314043409815e-01 1.000000000000000000e+00 6.461900919689095302e-01 4.426256267925177568e+00 3.428000000000000000e+03 3.479999999999999982e+00 -4.799999999999999822e-01
1.056025244233222748e+00 3.142361683242734793e-01 1.000000000000000000e+00 1.628312065954723442e-01 3.452633159109452343e+00 4.456000000000000000e+03 3.669999999999999929e+00 3.499999999999999778e-01
1.111934288044540642e+00 6.720523112968603829e-01 1.000000000000000000e+00 3.592254898739670743e-01 5.279262445912514146e+00 4.456000000000000000e+03 3.669999999999999929e+00 3.499999999999999778e-01
3.631328507766232866e-02 2.883694608596275577e-01 1.000000000000000000e+00 4.294114078968298553e-01 4.024512104469787133e+00 2.779000000000000000e+03 3.569999999999999840e+00 -1.810000000000000053e+00
2.896878028955334264e-02 4.580576370532175590e-01 1.000000000000000000e+00 7.151440952636061166e-01 5.824080265174913507e+00 2.710000000000000000e+03 3.569999999999999840e+00 -1.979999999999999982e+00
2.512809825530373242e-01 3.427455834521577760e-01 1.000000000000000000e+00 5.334824715055107580e-01 6.211092063272356967e+00 3.428000000000000000e+03 3.479999999999999982e+00 -4.799999999999999822e-01
1.090421183512925385e+00 4.752277769478965297e-01 1.000000000000000000e+00 6.184164963620946143e-01 5.483143326969838860e+00 4.456000000000000000e+03 3.669999999999999929e+00 3.499999999999999778e-01
2.380801493316718476e-01 2.600871202634224000e-01 1.000000000000000000e+00 4.322952611346208007e-01 6.296619505904634373e+00 3.226000000000000000e+03 3.379999999999999893e+00 -6.600000000000000311e-01
6.826798388967456055e-02 9.573050118973749356e-01 1.000000000000000000e+00 1.341746877641392111e-01 3.998703064260242357e+00 2.897000000000000000e+03 3.490000000000000213e+00 -1.409999999999999920e+00
6.666193283153533378e-02 4.482657065938425722e-01 1.000000000000000000e+00 8.023829448723001079e-01 4.061444503395723160e+00 2.897000000000000000e+03 3.490000000000000213e+00 -1.409999999999999920e+00
8.292265438640064046e-01 4.233938374561299067e-01 1.000000000000000000e+00 3.389111223263721051e-01 4.608069939283941707e+00 4.192000000000000000e+03 3.649999999999999911e+00 1.300000000000000044e-01
2.129895785275418285e-01 2.702236711291950977e-01 1.000000000000000000e+00 1.578876847672399109e-01 2.455228183581842138e+00 3.226000000000000000e+03 3.379999999999999893e+00 -6.600000000000000311e-01
1.216775465596649404e-02 5.670711046785839038e-01 1.000000000000000000e+00 4.150380358347108833e-01 2.125579021608543062e+00 2.345000000000000000e+03 3.569999999999999840e+00 -2.700000000000000178e+00
2.805107477699876894e-01 1.229792526202677649e-02 1.000000000000000000e+00 7.592749202470688852e-01 5.177477906761311921e+00 3.428000000000000000e+03 3.479999999999999982e+00 -4.799999999999999822e-01
7.053572394562596104e-02 8.488735658562037711e-01 1.000000000000000000e+00 6.000958944343703916e-01 8.933183621619326331e+00 2.897000000000000000e+03 3.490000000000000213e+00 -1.409999999999999920e+00
1.217722980401001021e+00 4.432623767468790721e-01 1.000000000000000000e+00 9.446520879681484795e-01 5.795208873318241416e+00 4.529000000000000000e+03 3.680000000000000160e+00 4.099999999999999756e-01
2.251140782097972581e-01 6.811260013848104977e-01 1.000000000000000000e+00 3.140706277077938147e-01 9.044373543419091277e+00 3.226000000000000000e+03 3.379999999999999893e+00 -6.600000000000000311e-01
8.288429890924233767e-01 8.988714642254215237e-01 1.000000000000000000e+00 2.790433782970248577e-01 2.138084941775640679e+00 4.192000000000000000e+03 3.649999999999999911e+00 1.300000000000000044e-01
4.810136266763270774e-01 4.002255307746390711e-01 1.000000000000000000e+00 4.941539785040609534e-01 5.693485368918759448e+00 3.802000000000000000e+03 3.589999999999999858e+00 -1.799999999999999933e-01
4.896161126413229314e-01 3.440412284817291333e-01 1.000000000000000000e+00 1.801924222250321783e-01 3.943989089269932524e+00 3.802000000000000000e+03 3.589999999999999858e+00 -1.799999999999999933e-01
1.924083239100966014e-01 6.338149814595547271e-01 1.000000000000000000e+00 2.315631118461346505e-01 3.329056738693923378e+00 3.226000000000000000e+03 3.379999999999999893e+00 -6.600000000000000311e-01
9.329209317958143677e-01 2.580826269484824964e-01 1.000000000000000000e+00 4.038724612135746739e-01 2.529816762687158604e+00 4.290000000000000000e+03 3.660000000000000142e+00 2.099999999999999922e-01
5.670962985268724471e-02 8.874620756093795082e-01 1.000000000000000000e+00 5.108947095492403223e-01 5.308122696311115440e+00 2.864000000000000000e+03 3.520000000000000018e+00 -1.530000000000000027e+00
2.086059842333854719e-01 3.480157334682688619e-01 1.000000000000000000e+00 4.241721959169963974e-01 5.667986824878915364e+00 3.226000000000000000e+03 3.379999999999999893e+00 -6.600000000000000311e-01
3.296026170850082093e-01 6.719508615052501854e-01 1.000000000000000000e+00 7.906309322268736395e-01 2.881553797015833140e+00 3.428000000000000000e+03 3.479999999999999982e+00 -4.799999999999999822e-01
9.449137292207768213e-03 9.369611404399286192e-01 1.000000000000000000e+00 8.377643288589876613e-01 5.982405500376649421e+00 2.345000000000000000e+03 3.569999999999999840e+00 -2.700000000000000178e+00
6.952131476326131043e-01 1.588704502439209909e-01 1.000000000000000000e+00 6.341461194896285125e-01 1.085252287651663394e+01 4.078000000000000000e+03 3.629999999999999893e+00 4.000000000000000083e-02
1.190559872057040502e+00 2.770908569175236646e-01 1.000000000000000000e+00 8.988833457464473486e-02 6.648736684731663793e+00 4.529000000000000000e+03 3.680000000000000160e+00 4.099999999999999756e-01
9.123241302393794161e-01 1.335911407248765448e-01 1.000000000000000000e+00 4.557130188754183742e-01 6.632247471446651055e+00 4.290000000000000000e+03 3.660000000000000142e+00 2.099999999999999922e-01
5.856002875493031556e-01 4.383207284873376075e-01 1.000000000000000000e+00 4.694803925584446480e-01 2.979873247590440588e+00 3.955000000000000000e+03 3.620000000000000107e+00 -7.000000000000000666e-02
3.336534307538644994e-01 3.319000227397035374e-01 1.000000000000000000e+00 7.066307906771837066e-01 6.886306973902666329e+00 3.428000000000000000e+03 3.479999999999999982e+00 -4.799999999999999822e-01
1.346143654760478148e+00 1.277817965823524471e-02 1.000000000000000000e+00 6.512923493779906314e-01 8.667169113766270527e+00 4.596000000000000000e+03 3.680000000000000160e+00 4.699999999999999734e-01
1.074999442951930062e+00 8.981263127353987796e-01 1.000000000000000000e+00 9.622828656642434808e-03 1.842829723505413853e+00 4.456000000000000000e+03 3.669999999999999929e+00 3.499999999999999778e-01
4.416547774959599798e-02 6.762563039357569750e-01 1.000000000000000000e+00 3.522795294965448409e-01 1.736153759609948555e+00 2.779000000000000000e+03 3.569999999999999840e+00 -1.810000000000000053e+00
5.774923081903144545e-02 2.538293707429127855e-01 1.000000000000000000e+00 1.727595990015518002e-01 3.665026672617950787e+00 2.864000000000000000e+03 3.520000000000000018e+00 -1.530000000000000027e+00
1.154172435179405376e+00 6.442938730532217217e-01 1.000000000000000000e+00 9.652224477074725639e-01 7.504761255736232428e+00 4.529000000000000000e+03 3.680000000000000160e+00 4.099999999999999756e-01
1.122325456269295474e+00 4.835709006641205621e-01 1.000000000000000000e+00 6.483356704434859452e-01 9.558071503837474836e+00 4.456000000000000000e+03 3.669999999999999929e+00 3.499999999999999778e-01
3.755631955078068962e-02 2.274003990373576478e-01 1.000000000000000000e+00 5.141708194989580427e-01 3.173737048410228745e+00 2.779000000000000000e+03 3.569999999999999840e+00 -1.810000000000000053e+00
2.186449700798974161e-01 4.388376635613355781e-02 1.000000000000000000e+00 5.536872817846737460e-01 7.241435351864648595e+00 3.226000000000000000e+03 3.379999999999999893e+00 -6.600000000000000311e-01
2.462428745597446123e-02 8.517962465080008982e-02 1.000000000000000000e+00 6.404388537665970382e-01 6.901072202767550401e+00 2.598000000000000000e+03 3.589999999999999858e+00 -2.250000000000000000e+00
1.081875606862779726e+00 2.517418934703377076e-01 1.000000000000000000e+00 8.020297927146270434e-01 3.763172356040855426e+00 4.456000000000000000e+03 3.669999999999999929e+00 3.499999999999999778e-01
8.198620907019529280e-01 2.320559384099873945e-01 1.000000000000000000e+00 9.221109181438427171e-01 9.007266732167936496e+00 4.192000000000000000e+03 3.649999999999999911e+00 1.300000000000000044e-01
3.764067979095651051e-01 4.867021528880897119e-01 1.000000000000000000e+00 7.497904487790379990e-01 -5.780436055413069596e-01 3.634000000000000000e+03 3.540000000000000036e+00 -3.200000000000000067e-01
1.101021824713442010e+00 3.447790997919885081e-01 1.000000000000000000e+00 3.525760583322798958e-01 4.298326826816696311e+00 4.456000000000000000e+03 3.669999999999999929e+00 3.499999999999999778e-01
5.548400038385196270e-02 9.976969359318781372e-01 1.000000000000000000e+00 1.585682056780680638e-01 4.203966634711471251e+00 2.864000000000000000e+03 3.520000000000000018e+00 -1.530000000000000027e+00
1.067251903503506849e+00 8.017785157737766788e-01 1.000000000000000000e+00 6.984386276702820862e-01 2.579789712291983506e+00 4.456000000000000000e+03 3.669999999999999929e+00 3.499999999999999778e-01
1.129834566909281968e+00 2.412090906842498939e-01 1.000000000000000000e+00 3.311616709428520933e-01 4.220424778133518018e-01 4.456000000000000000e+03 3.669999999999999929e+00 3.499999999999999778e-01
1.947554157488526061e-01 2.520706998001388532e-01 1.000000000000000000e+00 6.165327648946505867e-01 3.433473645496992965e+00 3.226000000000000000e+03 3.379999999999999893e+00 -6.600000000000000311e-01
1.239350636083145440e+00 7.691352454860653776e-01 1.000000000000000000e+00 5.864314954779326072e-01 6.455789868514993479e+00 4.529000000000000000e+03 3.680000000000000160e+00 4.099999999999999756e-01
7.225880782939331226e-02 4.013593916691227115e-01 1.000000000000000000e+00 3.176571557298487614e-01 1.059458638335955527e+01 2.896000000000000000e+03 3.479999999999999982e+00 -1.389999999999999902e+00
3.326829035413815805e-01 8.999343966177634213e-01 1.000000000000000000e+00 8.058220904385841044e-01 9.467110417112252208e-01 3.428000000000000000e+03 3.479999999999999982e+00 -4.799999999999999822e-01
1.952308708020046857e-01 5.542067438472131347e-01 1.000000000000000000e+00 3.243052356501522349e-01 3.186633293779339571e+00 3.226000000000000000e+03 3.379999999999999893e+00 -6.600000000000000311e-01
1.893347329011117186e-01 6.313015996032556032e-02 1.000000000000000000e+00 8.547681580872369400e-01 7.241362856354273347e+00 3.226000000000000000e+03 3.379999999999999893e+00 -6.600000000000000311e-01
2.462654117508905893e-01 9.592034733451396677e-01 1.000000000000000000e+00 9.130351966852653378e-01 7.247285019416040974e+00 3.226000000000000000e+03 3.379999999999999893e+00 -6.600000000000000311e-01
7.491457264085174539e-02 3.465237433196053374e-01 1.000000000000000000e+00 9.001432602805495842e-01 8.804693157972341311e+00 2.897000000000000000e+03 3.470000000000000195e+00 -1.360000000000000098e+00
7.244444250281787401e-01 1.676320086638557472e-01 1.000000000000000000e+00 4.065494790828522165e-01 6.361487635942641106e+00 4.078000000000000000e+03 3.629999999999999893e+00 4.000000000000000083e-02
5.677525896502466640e-01 5.779468424631341028e-01 1.000000000000000000e+00 8.882704962754855993e-01 1.302136181667985948e+00 3.955000000000000000e+03 3.620000000000000107e+00 -7.000000000000000666e-02
1.937398590326777637e-02 3.939556406681360423e-01 1.000000000000000000e+00 7.859857962587841751e-01 1.060670396703095975e+01 2.598000000000000000e+03 3.589999999999999858e+00 -2.250000000000000000e+00
6.791072700540095042e-01 5.768489174803080877e-01 1.000000000000000000e+00 5.239678614040648164e-01 7.799914672437498808e+00 4.078000000000000000e+03 3.629999999999999893e+00 4.000000000000000083e-02
2.124382910064504526e-01 5.819940952514712773e-01 1.000000000000000000e+00 3.195868819092693158e-01 6.048123825983013013e+00 3.226000000000000000e+03 3.379999999999999893e+00 -6.600000000000000311e-01
4.314758327458228515e-01 4.956637322585282224e-01 1.000000000000000000e+00 5.395600035850256493e-01 6.360079127690044132e+00 3.634000000000000000e+03 3.540000000000000036e+00 -3.200000000000000067e-01
5.366226206831348211e-01 2.675618542511373210e-01 1.000000000000000000e+00 4.223170587916086349e-01 6.597796546675851026e+00 3.802000000000000000e+03 3.589999999999999858e+00 -1.799999999999999933e-01
2.382558218360665211e-02 3.253054148012690661e-03 1.000000000000000000e+00 2.009347312191865909e-01 6.120287787839767013e+00 2.598000000000000000e+03 3.589999999999999858e+00 -2.250000000000000000e+00
2.193873384074363775e-01 1.732948697503190472e-01 1.000000000000000000e+00 8.940349183573534919e-01 3.337912329132047606e+00 3.226000000000000000e+03 3.379999999999999893e+00 -6.600000000000000311e-01
1.964367303699195155e-02 2.730332798243901848e-01 1.000000000000000000e+00 5.601948153995043311e-01 3.871613935968451159e+00 2.598000000000000000e+03 3.589999999999999858e+00 -2.250000000000000000e+00
3.005432273067101812e-01 7.575279160593242356e-01 1.000000000000000000e+00 4.808101879474153684e-01 6.753820406285223399e+00 3.428000000000000000e+03 3.479999999999999982e+00 -4.799999999999999822e-01
4.800134887271539919e-01 4.163669814681714154e-02 1.000000000000000000e+00 7.299283726267680183e-01 9.759862808661267763e+00 3.802000000000000000e+03 3.589999999999999858e+00 -1.799999999999999933e-01
1.121409691643345363e+00 8.149611886602792232e-01 1.000000000000000000e+00 8.654561787517897065e-01 6.272156672557974488e+00 4.456000000000000000e+03 3.669999999999999929e+00 3.499999999999999778e-01
1.210960549981674683e+00 3.420519478339626440e-01 1.000000000000000000e+00 2.676403177113151344e-03 7.989192161248196200e+00 4.529000000000000000e+03 3.680000000000000160e+00 4.099999999999999756e-01
1.428611972250290289e-02 4.604670824054158951e-01 1.000000000000000000e+00 3.086328786624022991e-01 7.004889079936752694e+00 2.504000000000000000e+03 3.580000000000000071e+00 -2.419999999999999929e+00
2.041488450742268146e-01 3.204334075431525264e-03 1.000000000000000000e+00 6.328771766393928022e-01 4.482960587659944984e+00 3.226000000000000000e+03 3.379999999999999893e+00 -6.600000000000000311e-01
7.628454934052049385e-02 8.725231442313140517e-01 1.000000000000000000e+00 4.971214481555553677e-01 1.828634977926133054e+00 2.897000000000000000e+03 3.470000000000000195e+00 -1.360000000000000098e+00
4.852719897192061538e-01 3.110416460147678031e-01 1.000000000000000000e+00 2.542416005514824828e-02 7.139562517093978045e+00 3.802000000000000000e+03 3.589999999999999858e+00 -1.799999999999999933e-01
7.647206754408998608e-02 9.068499188881241624e-01 1.000000000000000000e+00 7.160890636920195229e-01 7.737471307785247276e+00 2.897000000000000000e+03 3.470000000000000195e+00 -1.360000000000000098e+00
3.576395218565058265e-01 9.063572577471180614e-01 1.000000000000000000e+00 5.898197062135566160e-01 8.416272441227832246e+00 3.634000000000000000e+03 3.540000000000000036e+00 -3.200000000000000067e-01
7.739769272737484496e-02 4.983185404006224006e-01 1.000000000000000000e+00 6.899675448949574852e-01 5.598532062547561416e+00 2.897000000000000000e+03 3.470000000000000195e+00 -1.360000000000000098e+00
6.028639565885028639e-02 7.052274794700769123e-01 1.000000000000000000e+00 4.833186107911027207e-01 3.612794126068798128e+00 2.864000000000000000e+03 3.520000000000000018e+00 -1.530000000000000027e+00
8.006243168983546987e-02 8.050931150181762641e-01 1.000000000000000000e+00 6.398023842072808609e-02 8.523179844960193208e+00 2.898000000000000000e+03 3.450000000000000178e+00 -1.310000000000000053e+00
5.672767684050441517e-01 8.496291299444266309e-01 1.000000000000000000e+00 5.260463854810030204e-01 5.486312849018052162e+00 3.955000000000000000e+03 3.620000000000000107e+00 -7.000000000000000666e-02
6.654830036669671933e-02 4.760752324126280577e-01 1.000000000000000000e+00 9.269050737593239608e-01 3.456845295360245540e+00 2.897000000000000000e+03 3.490000000000000213e+00 -1.409999999999999920e+00
1.925287024654122048e-01 3.950358845388893814e-01 1.000000000000000000e+00 4.057847522930799755e-01 8.487285014695265417e+00 3.226000000000000000e+03 3.379999999999999893e+00 -6.600000000000000311e-01
4.509202135839823766e-02 1.783799722499072038e-01 1.000000000000000000e+00 2.168584549247585258e-01 2.575388060093959819e+00 2.824000000000000000e+03 3.529999999999999805e+00 -1.649999999999999911e+00
7.005793541191419893e-02 5.236866590055657689e-01 1.000000000000000000e+00 1.278650653156655492e-01 6.754762380604216965e+00 2.897000000000000000e+03 3.490000000000000213e+00 -1.409999999999999920e+00
1.083728011087033094e+00 7.787328835890234835e-01 1.000000000000000000e+00 5.765548034614629280e-01 8.145287508622995887e+00 4.456000000000000000e+03 3.669999999999999929e+00 3.499999999999999778e-01
4.158560628132528143e-03 4.040212552126267731e-01 1.000000000000000000e+00 9.269325555138523409e-01 7.453769040835080517e+00 2.345000000000000000e+03 3.569999999999999840e+00 -2.700000000000000178e+00
2.484163167297980673e-02 1.942556621094825298e-01 1.000000000000000000e+00 5.008499903128990072e-01 8.951167746111256207e+00 2.598000000000000000e+03 3.589999999999999858e+00 -2.250000000000000000e+00
1.260860721227739623e+00 4.756385266210484408e-01 1.000000000000000000e+00 5.075502328199985591e-01 8.345716892927729447e+00 4.596000000000000000e+03 3.680000000000000160e+00 4.699999999999999734e-01
7.430112408828544179e-01 8.109932605427461194e-01 1.000000000000000000e+00 3.273319772352180079e-01 4.275246687316698768e+00 4.078000000000000000e+03 3.629999999999999893e+00 4.000000000000000083e-02
3.199491982919026173e-02 6.859636606823327210e-01 1.000000000000000000e+00 4.178621471257147890e-01 3.705169235701219144e+00 2.710000000000000000e+03 3.569999999999999840e+00 -1.979999999999999982e+00
2.832354197086455749e-01 5.993427207189849781e-02 1.000000000000000000e+00 2.989379189233953849e-01 2.231901681168685592e+00 3.428000000000000000e+03 3.479999999999999982e+00 -4.799999999999999822e-01
4.385479786645603978e-02 8.927061850903552642e-01 1.000000000000000000e+00 4.486327606816672420e-01 4.532700957925050567e+00 2.779000000000000000e+03 3.569999999999999840e+00 -1.810000000000000053e+00
1.947055782510954958e-02 7.758782190539627033e-01 1.000000000000000000e+00 3.629704325048166424e-02 1.134510120543887890e+00 2.598000000000000000e+03 3.589999999999999858e+00 -2.250000000000000000e+00
1.906721655160165674e-01 6.450437261543969791e-01 1.000000000000000000e+00 2.888146053065727692e-01 7.321969993772697194e+00 3.226000000000000000e+03 3.379999999999999893e+00 -6.600000000000000311e-01
1.106358260478439881e+00 7.342562810754257319e-01 1.000000000000000000e+00 9.844016849342808184e-01 8.226077949753504370e+00 4.456000000000000000e+03 3.669999999999999929e+00 3.499999999999999778e-01
7.707000509738520799e-02 1.843331776360714880e-01 1.000000000000000000e+00 8.644165640896835923e-01 6.501161101911256956e+00 2.897000000000000000e+03 3.470000000000000195e+00 -1.360000000000000098e+00
9.295484647521236043e-01 1.634257002028999262e-01 1.000000000000000000e+00 8.182331299862893870e-01 5.423933511656987783e+00 4.290000000000000000e+03 3.660000000000000142e+00 2.099999999999999922e-01
1.017225386331946785e-01 7.751868783454850531e-01 1.000000000000000000e+00 3.077207445080282211e-01 7.124617866460617677e+00 2.936000000000000000e+03 3.430000000000000160e+00 -1.169999999999999929e+00
3.491742999373053519e-02 6.277396252984754899e-01 1.000000000000000000e+00 9.744098370433157408e-01 3.063468161911651499e+00 2.710000000000000000e+03 3.569999999999999840e+00 -1.979999999999999982e+00
2.714077978808281388e-01 7.856949507616899364e-01 1.000000000000000000e+00 5.717456738967855445e-01 3.216805869396083484e+00 3.428000000000000000e+03 3.479999999999999982e+00 -4.799999999999999822e-01
6.163808027257818706e-02 4.934805521127871852e-02 1.000000000000000000e+00 8.167299473200260174e-01 8.945539744482537969e+00 2.864000000000000000e+03 3.520000000000000018e+00 -1.530000000000000027e+00
2.447157773358992205e-01 7.359203457750684851e-02 1.000000000000000000e+00 2.860302225018146460e-01 6.061907073962380821e+00 3.226000000000000000e+03 3.379999999999999893e+00 -6.600000000000000311e-01
1.877006925603915022e+00 7.548625822708979749e-01 1.000000000000000000e+00 4.945082681288796023e-01 7.393493299179224820e+00 5.052426449401561513e+03 3.704000000000000181e+00 6.011737374832780922e+00
5.857399340769277318e-02 4.807328897623397435e-01 1.000000000000000000e+00 5.122189748472635307e-01 2.608778943244131732e+00 2.864000000000000000e+03 3.520000000000000018e+00 -1.530000000000000027e+00
1.713738685494324565e-02 7.864494349926531847e-03 1.000000000000000000e+00 8.524278237156068805e-01 5.614956444189536100e+00 2.504000000000000000e+03 3.580000000000000071e+00 -2.419999999999999929e+00
8.737652501982580422e-02 4.556035815637294872e-01 1.000000000000000000e+00 5.728697960095130437e-01 4.692425005638421354e+00 2.908000000000000000e+03 3.419999999999999929e+00 -1.229999999999999982e+00
4.529909103399982206e-01 2.815563326953484102e-01 1.000000000000000000e+00 5.354871905255259579e-01 5.298824269934566900e+00 3.802000000000000000e+03 3.589999999999999858e+00 -1.799999999999999933e-01
8.745177271164845667e-01 1.215708223871930782e-01 1.000000000000000000e+00 8.629559321984202613e-01 3.756712737937668578e+00 4.290000000000000000e+03 3.660000000000000142e+00 2.099999999999999922e-01
1.072456853296474666e+00 9.218935385352104994e-01 1.000000000000000000e+00 1.668694112538372520e-01 3.656657228859930164e+00 4.456000000000000000e+03 3.669999999999999929e+00 3.499999999999999778e-01
4.682648933332411723e-02 6.711884750665223498e-01 1.000000000000000000e+00 3.147656023156110150e-01 5.001777895785854078e+00 2.824000000000000000e+03 3.529999999999999805e+00 -1.649999999999999911e+00
2.465164601532907340e-01 3.100114903703210523e-02 1.000000000000000000e+00 4.420133230013778558e-02 5.672630457394619796e+00 3.226000000000000000e+03 3.379999999999999893e+00 -6.600000000000000311e-01
2.317312869996066005e-01 7.721679900762290494e-02 1.000000000000000000e+00 8.288388749887100060e-01 1.309107768073926259e+00 3.226000000000000000e+03 3.379999999999999893e+00 -6.600000000000000311e-01
2.010092800112098788e-01 2.433848031922357658e-01 1.000000000000000000e+00 1.923686671852556929e-01 3.699583566430455051e+00 3.226000000000000000e+03 3.379999999999999893e+00 -6.600000000000000311e-01
3.494361375982559248e-01 9.475932551322668873e-01 1.000000000000000000e+00 7.645651618706690300e-01 6.693742111853835830e+00 3.428000000000000000e+03 3.479999999999999982e+00 -4.799999999999999822e-01
3.719897586789441043e-03 5.795957742135344759e-01 1.000000000000000000e+00 9.713409752771757777e-01 8.648494821179101066e+00 2.345000000000000000e+03 3.569999999999999840e+00 -2.700000000000000178e+00
3.175990607165576907e-01 1.748223008661901057e-01 1.000000000000000000e+00 7.732710555531914220e-01 3.259828046347620578e+00 3.428000000000000000e+03 3.479999999999999982e+00 -4.799999999999999822e-01
6.070729218989847631e-01 1.498762366615263852e-01 1.000000000000000000e+00 3.460103934134090009e-01 6.116447372927349413e+00 3.955000000000000000e+03 3.620000000000000107e+00 -7.000000000000000666e-02
2.924366157528071608e-01 1.951232436739265275e-01 1.000000000000000000e+00 5.849196360416157869e-01 9.141346585610772735e+00 3.428000000000000000e+03 3.479999999999999982e+00 -4.799999999999999822e-01
5.113873178412022824e-01 1.490758865131869282e-01 1.000000000000000000e+00 6.236592772770710447e-02 4.771492869574645468e+00 3.802000000000000000e+03 3.589999999999999858e+00 -1.799999999999999933e-01
1.195469299062007495e+00 4.320713578265471533e-01 1.000000000000000000e+00 8.423614750178296529e-01 6.082413026769812880e+00 4.529000000000000000e+03 3.680000000000000160e+00 4.099999999999999756e-01
1.178276779146859354e+00 6.970692451387791033e-01 1.000000000000000000e+00 3.854032438443885100e-01 2.621055822396154866e+00 4.529000000000000000e+03 3.680000000000000160e+00 4.099999999999999756e-01
1.198915578043470598e+00 6.610559334756309635e-01 1.000000000000000000e+00 8.528037318820869128e-01 3.652729856050188850e+00 4.529000000000000000e+03 3.680000000000000160e+00 4.099999999999999756e-01
3.108893497637559705e-02 1.037650500434295076e-01 1.000000000000000000e+00 8.868842634215660103e-01 3.024840264914465227e+00 2.710000000000000000e+03 3.569999999999999840e+00 -1.979999999999999982e+00
2.245881045731036862e-01 4.429560078123828681e-02 1.000000000000000000e+00 7.415187035444924524e-01 8.124968894063197666e+00 3.226000000000000000e+03 3.379999999999999893e+00 -6.600000000000000311e-01
5.626887936194932549e-02 6.370516899955736001e-01 1.000000000000000000e+00 4.232741989147374984e-01 4.614469562166329197e+00 2.864000000000000000e+03 3.520000000000000018e+00 -1.530000000000000027e+00
2.571086511221435944e-01 5.632553041845129727e-01 1.000000000000000000e+00 3.205225620397043063e-01 6.321482999038097184e+00 3.428000000000000000e+03 3.479999999999999982e+00 -4.799999999999999822e-01
9.200006264473483686e-01 9.573953775531340860e-02 1.000000000000000000e+00 6.682342061999924088e-01 3.638879715936012893e+00 4.290000000000000000e+03 3.660000000000000142e+00 2.099999999999999922e-01
1.560516834541959552e+00 9.017517918248862951e-01 1.000000000000000000e+00 2.007933186645752821e-01 4.920880787162396075e+00 4.907948534495558306e+03 3.709000000000000075e+00 4.345102241715715685e+00
2.483499003562575705e-02 7.377041071142356188e-01 1.000000000000000000e+00 7.537106284531223110e-01 5.840762337483361932e+00 2.598000000000000000e+03 3.589999999999999858e+00 -2.250000000000000000e+00
3.183379626841244536e-01 6.377542067249628577e-01 1.000000000000000000e+00 3.638140121399141558e-01 2.752067036903174557e+00 3.428000000000000000e+03 3.479999999999999982e+00 -4.799999999999999822e-01
1.183440784324504502e+00 1.408445744501356511e-01 1.000000000000000000e+00 4.031093108815549941e-01 -1.160746459586235346e+00 4.529000000000000000e+03 3.680000000000000160e+00 4.099999999999999756e-01
2.055841846630054315e-01 4.649597939604156460e-01 1.000000000000000000e+00 6.248752960408237023e-01 3.865053860843266520e+00 3.226000000000000000e+03 3.379999999999999893e+00 -6.600000000000000311e-01
8.855513057304279512e-01 8.575032945160788733e-01 1.000000000000000000e+00 4.237130198635163936e-02 4.738530427610108120e+00 4.290000000000000000e+03 3.660000000000000142e+00 2.099999999999999922e-01
3.502775666932700926e-01 6.987322954805065267e-01 1.000000000000000000e+00 2.231810252986596854e-01 8.242311540040020645e+00 3.634000000000000000e+03 3.540000000000000036e+00 -3.200000000000000067e-01
6.009971132893338064e-01 1.687430763875142903e-01 1.000000000000000000e+00 8.762075335037984303e-01 1.844446755607542343e+00 3.955000000000000000e+03 3.620000000000000107e+00 -7.000000000000000666e-02
1.128924942986125002e+00 7.140427491277239191e-01 1.000000000000000000e+00 7.597993852565091411e-01 2.970648228557006831e+00 4.456000000000000000e+03 3.669999999999999929e+00 3.499999999999999778e-01
9.953098742971107082e-01 7.025032820144349044e-01 1.000000000000000000e+00 5.152701021555083916e-02 4.966725665501245501e+00 4.377000000000000000e+03 3.660000000000000142e+00 2.800000000000000266e-01
4.133120990117979954e-01 4.841904089249838838e-01 1.000000000000000000e+00 2.211542153039237624e-01 3.660032662756435684e+00 3.634000000000000000e+03 3.540000000000000036e+00 -3.200000000000000067e-01
1.904231254799393924e-01 1.165713066860647462e-01 1.000000000000000000e+00 5.078686082639927157e-01 7.812543755208069207e+00 3.226000000000000000e+03 3.379999999999999893e+00 -6.600000000000000311e-01
3.988415530792348562e-01 6.751354468000103637e-02 1.000000000000000000e+00 2.560349691625942725e-01 4.393289736765953357e+00 3.634000000000000000e+03 3.540000000000000036e+00 -3.200000000000000067e-01
3.584243814748617751e-01 4.139708857470035808e-01 1.000000000000000000e+00 8.477495478540844065e-01 8.136855967848505955e+00 3.634000000000000000e+03 3.540000000000000036e+00 -3.200000000000000067e-01
3.243411873504790238e-02 9.551113078919228894e-01 1.000000000000000000e+00 1.360826315395613495e-01 6.706988167498804998e+00 2.710000000000000000e+03 3.569999999999999840e+00 -1.979999999999999982e+00
2.763578111088049738e-01 1.084640883188319194e-01 1.000000000000000000e+00 6.296654077708631059e-01 7.133757910739948471e+00 3.428000000000000000e+03 3.479999999999999982e+00 -4.799999999999999822e-01
5.872251796115640632e-01 7.318596043798406559e-01 1.000000000000000000e+00 6.401741512764669295e-01 8.334026968732919372e+00 3.955000000000000000e+03 3.620000000000000107e+00 -7.000000000000000666e-02
2.562019281744162824e-02 4.608404120138522853e-01 1.000000000000000000e+00 8.819078249383571766e-01 3.674551088141946309e+00 2.710000000000000000e+03 3.569999999999999840e+00 -1.979999999999999982e+00
7.557196206166910679e-01 5.506429797966748696e-01 1.000000000000000000e+00 5.426315027519325040e-01 4.551430105663420989e+00 4.192000000000000000e+03 3.649999999999999911e+00 1.300000000000000044e-01
9.476457368377485535e-01 6.469327632768531178e-01 1.000000000000000000e+00 7.292486286329095124e-01 2.692834392240162966e+00 4.290000000000000000e+03 3.660000000000000142e+00 2.099999999999999922e-01
7.555626000405248899e-01 1.707128842495286847e-02 1.000000000000000000e+00 9.055633429955166624e-01 3.930490181277146888e+00 4.192000000000000000e+03 3.649999999999999911e+00 1.300000000000000044e-01
2.233747864883198486e-01 4.427127885367737603e-01 1.000000000000000000e+00 2.258909903447348100e-03 1.131531955414420310e+00 3.226000000000000000e+03 3.379999999999999893e+00 -6.600000000000000311e-01
9.675168304535355923e-02 6.886146613839061459e-02 1.000000000000000000e+00 9.271970291606356218e-01 6.969626108194080238e+00 2.936000000000000000e+03 3.430000000000000160e+00 -1.169999999999999929e+00
2.558233067185543552e-01 5.197630389951584107e-01 1.000000000000000000e+00 9.860742374280063727e-01 9.406766548608013423e+00 3.428000000000000000e+03 3.479999999999999982e+00 -4.799999999999999822e-01
1.107721353280214149e+00 1.240274079177494659e-01 1.000000000000000000e+00 2.108065314395599632e-01 6.131574726577428081e+00 4.456000000000000000e+03 3.669999999999999929e+00 3.499999999999999778e-01
6.249975416702731046e-01 2.702263322184860206e-01 1.000000000000000000e+00 7.510858903826980182e-01 4.455058784760939083e+00 3.955000000000000000e+03 3.620000000000000107e+00 -7.000000000000000666e-02
5.078946793720509056e-01 1.341372138948019321e-01 1.000000000000000000e+00 5.777105771424729808e-01 3.574999151817529253e+00 3.802000000000000000e+03 3.589999999999999858e+00 -1.799999999999999933e-01
8.163509828019345493e-02 1.466519563928334602e-01 1.000000000000000000e+00 4.336887034101617466e-01 5.402708152500142802e+00 2.898000000000000000e+03 3.450000000000000178e+00 -1.310000000000000053e+00
8.203422574252385024e-02 5.219010174210059194e-01 1.000000000000000000e+00 1.845892527036152586e-01 5.101964282856733313e+00 2.898000000000000000e+03 3.450000000000000178e+00 -1.310000000000000053e+00
6.912208179203800651e-02 3.258229548656824681e-01 1.000000000000000000e+00 7.517734625340009025e-01 3.714581916838963771e+00 2.897000000000000000e+03 3.490000000000000213e+00 -1.409999999999999920e+00
1.038611522976649187e-01 6.381232603810486070e-01 1.000000000000000000e+00 9.214929525915360742e-02 2.880784431289942216e+00 2.936000000000000000e+03 3.430000000000000160e+00 -1.169999999999999929e+00
2.197389675961408106e-01 8.480735053343587682e-01 1.000000000000000000e+00 8.033738350904030545e-01 3.609075556497295612e+00 3.226000000000000000e+03 3.379999999999999893e+00 -6.600000000000000311e-01
9.071088805071201300e-01 5.972680297786756576e-01 1.000000000000000000e+00 2.381060851686227497e-01 4.975474831098055439e+00 4.290000000000000000e+03 3.660000000000000142e+00 2.099999999999999922e-01
2.771380218070810392e-02 8.936863535655437119e-02 1.000000000000000000e+00 4.414901465515997936e-01 3.708349621567005094e+00 2.710000000000000000e+03 3.569999999999999840e+00 -1.979999999999999982e+00
1.092128987304799459e+00 2.228450830862369614e-01 1.000000000000000000e+00 8.004134979998633881e-01 2.110794819201974093e+00 4.456000000000000000e+03 3.669999999999999929e+00 3.499999999999999778e-01
5.716389225976310773e-02 3.376284688325337235e-01 1.000000000000000000e+00 5.510978592296825740e-01 7.440273186093676827e+00 2.864000000000000000e+03 3.520000000000000018e+00 -1.530000000000000027e+00
6.622953435610973161e-01 4.977407865418496113e-01 1.000000000000000000e+00 6.802857250485790930e-01 5.745247054804520026e+00 4.078000000000000000e+03 3.629999999999999893e+00 4.000000000000000083e-02
1.097590675493311574e+00 4.201883686286744801e-01 1.000000000000000000e+00 2.828113560416187777e-01 2.642436292859434044e+00 4.456000000000000000e+03 3.669999999999999929e+00 3.499999999999999778e-01
7.783960509593375043e-01 8.112558854620997018e-01 1.000000000000000000e+00 4.600136075791807500e-01 4.290253340457024223e+00 4.192000000000000000e+03 3.649999999999999911e+00 1.300000000000000044e-01
1.092560362539189978e+00 2.462266682461388134e-01 1.000000000000000000e+00 6.190703545000453278e-02 3.126104449223629622e+00 4.456000000000000000e+03 3.669999999999999929e+00 3.499999999999999778e-01
2.296400222190183860e-01 9.253672839290313368e-01 1.000000000000000000e+00 8.926671855024487234e-01 4.857623123874965643e+00 3.226000000000000000e+03 3.379999999999999893e+00 -6.600000000000000311e-01
4.877631977706342430e-03 8.909385980350009726e-01 1.000000000000000000e+00 1.297514887260037275e-01 7.471498164249650742e+00 2.345000000000000000e+03 3.569999999999999840e+00 -2.700000000000000178e+00
1.474041159978534576e+00 1.268809723227466435e-01 1.000000000000000000e+00 8.629724619163644528e-01 3.174845420467549140e+00 4.852885001621209994e+03 3.706999999999999851e+00 3.872576449216171834e+00
8.037456075957699619e-01 9.686188285510359819e-01 1.000000000000000000e+00 8.322739524285736046e-01 7.561057191846021652e+00 4.192000000000000000e+03 3.649999999999999911e+00 1.300000000000000044e-01
5.851904333061060948e-01 6.503239220381655805e-01 1.000000000000000000e+00 2.328042278855805280e-01 8.333066162482005268e+00 3.955000000000000000e+03 3.620000000000000107e+00 -7.000000000000000666e-02
1.857418622679050391e-01 1.950889090582036411e-01 1.000000000000000000e+00 8.617597803492850206e-01 1.099925836149115543e+00 3.226000000000000000e+03 3.379999999999999893e+00 -6.600000000000000311e-01
4.500578960160780267e-02 1.807468232189637369e-01 1.000000000000000000e+00 4.960571316270445674e-02 7.167565279040916337e+00 2.824000000000000000e+03 3.529999999999999805e+00 -1.649999999999999911e+00
6.523720638265224636e-01 4.562815270158235847e-01 1.000000000000000000e+00 9.776371863344932578e-01 8.742787748346733778e+00 4.078000000000000000e+03 3.629999999999999893e+00 4.000000000000000083e-02
2.819933439573696909e-01 8.507510169468095462e-01 1.000000000000000000e+00 1.195294506069770613e-01 1.019873671554417882e+01 3.428000000000000000e+03 3.479999999999999982e+00 -4.799999999999999822e-01
1.077264703819501346e+00 8.869259017158980241e-01 1.000000000000000000e+00 9.840728099915422300e-01 5.700178707501841302e+00 4.456000000000000000e+03 3.669999999999999929e+00 3.499999999999999778e-01
6.859707074718421338e-02 6.048418344856562046e-01 1.000000000000000000e+00 6.733112674039750667e-01 3.200577065811521571e+00 2.897000000000000000e+03 3.490000000000000213e+00 -1.409999999999999920e+00
2.255822272865034561e-01 8.213394949477669238e-01 1.000000000000000000e+00 1.857355431617206953e-01 7.834541602362454782e+00 3.226000000000000000e+03 3.379999999999999893e+00 -6.600000000000000311e-01
1.079048372311739001e+00 5.519372354183750273e-01 1.000000000000000000e+00 8.797062998380484888e-01 9.933295236570826248e+00 4.456000000000000000e+03 3.669999999999999929e+00 3.499999999999999778e-01
8.907919937122144027e-02 9.486314971632346937e-01 1.000000000000000000e+00 8.944670083896899548e-02 6.187245511304213963e+00 2.908000000000000000e+03 3.419999999999999929e+00 -1.229999999999999982e+00
2.052625801228915858e-01 4.418241349113016803e-02 1.000000000000000000e+00 2.846048015399910147e-01 4.425500331111891228e-01 3.226000000000000000e+03 3.379999999999999893e+00 -6.600000000000000311e-01
1.908200146371915595e-01 2.053552285293092083e-01 1.000000000000000000e+00 1.176565582060440374e-01 4.944437404704745020e+00 3.226000000000000000e+03 3.379999999999999893e+00 -6.600000000000000311e-01
2.704898243986581519e-01 8.167767217871620966e-01 1.000000000000000000e+00 4.158686877658220871e-01 2.365445962520006606e+00 3.428000000000000000e+03 3.479999999999999982e+00 -4.799999999999999822e-01
8.716899150907439497e-02 3.926566555264093816e-01 1.000000000000000000e+00 5.009102915766392439e-01 4.060189581349306742e+00 2.908000000000000000e+03 3.419999999999999929e+00 -1.229999999999999982e+00
5.403568762131058523e-02 2.214719305244479131e-01 1.000000000000000000e+00 1.493142096048744039e-01 5.678085363855854162e+00 2.824000000000000000e+03 3.529999999999999805e+00 -1.649999999999999911e+00
1.974529737030215545e-02 6.713473472067993386e-01 1.000000000000000000e+00 2.626452380999311220e-01 7.623889049287747355e+00 2.598000000000000000e+03 3.589999999999999858e+00 -2.250000000000000000e+00
6.118316144181544687e-03 2.991709620224873856e-01 1.000000000000000000e+00 9.015821307109997962e-01 3.898962119978356178e+00 2.345000000000000000e+03 3.569999999999999840e+00 -2.700000000000000178e+00
1.212139772380501634e+00 5.096952154660745471e-01 1.000000000000000000e+00 7.677536015524272228e-01 4.475901998717548125e+00 4.529000000000000000e+03 3.680000000000000160e+00 4.099999999999999756e-01
2.080866370681085376e-01 6.706255201672635113e-01 1.000000000000000000e+00 1.333599483462633017e-02 1.040645951500669852e+01 3.226000000000000000e+03 3.379999999999999893e+00 -6.600000000000000311e-01
3.916113598376919636e-01 9.796426646715800102e-01 1.000000000000000000e+00 2.153719908863682697e-01 6.667451977898188886e+00 3.634000000000000000e+03 3.540000000000000036e+00 -3.200000000000000067e-01
6.916165767654521845e-01 3.293971743652265305e-01 1.000000000000000000e+00 6.196265557135344215e-01 3.517445306278675687e+00 4.078000000000000000e+03 3.629999999999999893e+00 4.000000000000000083e-02
1.130909295826496574e+00 5.950355181658044668e-01 1.000000000000000000e+00 8.834654713682962290e-01 6.173899172512269828e+00 4.456000000000000000e+03 3.669999999999999929e+00 3.499999999999999778e-01
2.400038445486466776e-01 6.921291049484246116e-01 1.000000000000000000e+00 9.700217532731691961e-01 6.038606247548270467e+00 3.226000000000000000e+03 3.379999999999999893e+00 -6.600000000000000311e-01
3.693929878938860545e-02 9.664895240267188381e-01 1.000000000000000000e+00 7.585230992099083469e-01 7.796329093627145213e+00 2.779000000000000000e+03 3.569999999999999840e+00 -1.810000000000000053e+00
6.709977037558331747e-02 2.406141032830503290e-01 1.000000000000000000e+00 5.545957557695722073e-01 5.135251885717251774e+00 2.897000000000000000e+03 3.490000000000000213e+00 -1.409999999999999920e+00
1.087765012525912178e+00 4.302328835754207770e-01 1.000000000000000000e+00 4.974509255227863580e-01 1.760937834881032948e+00 4.456000000000000000e+03 3.669999999999999929e+00 3.499999999999999778e-01
3.319742444381425239e-02 3.562554361482072052e-01 1.000000000000000000e+00 3.167982592890324911e-01 3.310033447021314856e+00 2.710000000000000000e+03 3.569999999999999840e+00 -1.979999999999999982e+00
1.072762747829985708e+00 8.821185572160356037e-01 1.000000000000000000e+00 5.073666511156247338e-01 4.262587675518082264e+00 4.456000000000000000e+03 3.669999999999999929e+00 3.499999999999999778e-01
2.017807139499830094e-01 6.480647806608947903e-01 1.000000000000000000e+00 2.756643232920362729e-01 4.268494558268529637e+00 3.226000000000000000e+03 3.379999999999999893e+00 -6.600000000000000311e-01
1.994624600859501162e-01 2.437719099000001943e-01 1.000000000000000000e+00 2.497576240770720268e-01 5.642120221607345165e+00 3.226000000000000000e+03 3.379999999999999893e+00 -6.600000000000000311e-01
7.773722451159975622e-02 3.831237984398550012e-04 1.000000000000000000e+00 8.234537087792036525e-01 5.390725524653955603e+00 2.898000000000000000e+03 3.450000000000000178e+00 -1.310000000000000053e+00
4.836648497050962114e-01 8.767948039088401258e-01 1.000000000000000000e+00 6.529515049157947892e-01 4.120095356486994653e+00 3.802000000000000000e+03 3.589999999999999858e+00 -1.799999999999999933e-01
6.655375710335230677e-01 2.545700158799213408e-02 1.000000000000000000e+00 8.921171399520345657e-01 4.663705215823736872e+00 4.078000000000000000e+03 3.629999999999999893e+00 4.000000000000000083e-02
2.274810186472061291e-01 5.997918320305173356e-02 1.000000000000000000e+00 7.077860916880663877e-01 6.623149083162751971e+00 3.226000000000000000e+03 3.379999999999999893e+00 -6.600000000000000311e-01
4.257726932824474342e-01 3.990286830313487521e-01 1.000000000000000000e+00 1.327146289241656341e-01 7.521082790118096106e+00 3.634000000000000000e+03 3.540000000000000036e+00 -3.200000000000000067e-01
6.123979591547892287e-01 8.019671457892122435e-01 1.000000000000000000e+00 2.216383677596889257e-02 5.248628879285035076e+00 3.955000000000000000e+03 3.620000000000000107e+00 -7.000000000000000666e-02
6.063034647025324908e-01 8.476755465203806850e-01 1.000000000000000000e+00 8.963307868654610822e-01 3.283855566676162852e+00 3.955000000000000000e+03 3.620000000000000107e+00 -7.000000000000000666e-02
6.809472056597355438e-01 2.730895916788211863e-01 1.000000000000000000e+00 8.868752742450871640e-01 6.149069429454120161e+00 4.078000000000000000e+03 3.629999999999999893e+00 4.000000000000000083e-02
1.147940697524354681e+00 4.107957960281519716e-01 1.000000000000000000e+00 1.560607285929795918e-01 5.303375431613543967e+00 4.456000000000000000e+03 3.669999999999999929e+00 3.499999999999999778e-01
2.322240854836865320e-01 4.282109774819325976e-01 1.000000000000000000e+00 1.770907995078278008e-01 2.832814053506079066e+00 3.226000000000000000e+03 3.379999999999999893e+00 -6.600000000000000311e-01
1.878792007388657148e-01 8.564436154412788937e-01 1.000000000000000000e+00 6.738458752440416033e-01 4.576101876858255757e+00 3.226000000000000000e+03 3.379999999999999893e+00 -6.600000000000000311e-01
1.246777430196814862e+00 5.126261017345750126e-01 1.000000000000000000e+00 4.549905517598329396e-01 5.945071646035950508e+00 4.529000000000000000e+03 3.680000000000000160e+00 4.099999999999999756e-01
4.185333496833350264e-02 9.441342082734247576e-01 1.000000000000000000e+00 1.788349875324534155e-01 5.913883621919303835e+00 2.779000000000000000e+03 3.569999999999999840e+00 -1.810000000000000053e+00
7.780810668378612682e-02 6.398140096455382508e-01 1.000000000000000000e+00 3.928831312907464790e-01 4.109168474824850037e+00 2.898000000000000000e+03 3.450000000000000178e+00 -1.310000000000000053e+00
2.555137762288294812e-01 2.186413207952406790e-01 1.000000000000000000e+00 2.446615650358423544e-01 5.205997928542839936e+00 3.428000000000000000e+03 3.479999999999999982e+00 -4.799999999999999822e-01
2.448564626435139335e-01 8.867953026600631228e-01 1.000000000000000000e+00 1.114811024947249818e-01 4.759372587201356808e+00 3.226000000000000000e+03 3.379999999999999893e+00 -6.600000000000000311e-01
2.080049763298661147e-01 9.724322777554194053e-01 1.000000000000000000e+00 2.507288764355907196e-01 2.630015783945000241e+00 3.226000000000000000e+03 3.379999999999999893e+00 -6.600000000000000311e-01
2.213300657221611012e-01 3.601784894001913706e-02 1.000000000000000000e+00 8.540469173660130142e-01 5.079937220323422764e-01 3.226000000000000000e+03 3.379999999999999893e+00 -6.600000000000000311e-01
1.184185343016987968e+00 2.043105147607043870e-01 1.000000000000000000e+00 4.889069587828944741e-01 3.715828831792123310e+00 4.529000000000000000e+03 3.680000000000000160e+00 4.099999999999999756e-01
7.446283509828527380e-01 4.484124479669049368e-02 1.000000000000000000e+00 7.767249474705916201e-01 5.805402809106119832e+00 4.078000000000000000e+03 3.629999999999999893e+00 4.000000000000000083e-02
1.054767043197735621e+00 2.259486319353140038e-01 1.000000000000000000e+00 3.976890687969936167e-01 4.503139147589016567e+00 4.456000000000000000e+03 3.669999999999999929e+00 3.499999999999999778e-01
2.647795545186104049e-01 6.074800748199753464e-01 1.000000000000000000e+00 6.250396784557284979e-01 3.738235207466343191e+00 3.428000000000000000e+03 3.479999999999999982e+00 -4.799999999999999822e-01
1.002806654091591559e-01 2.174930414674753898e-01 1.000000000000000000e+00 9.448254833385795193e-01 9.015824089077993264e+00 2.936000000000000000e+03 3.430000000000000160e+00 -1.169999999999999929e+00
1.108484775659937416e+00 3.824533881213553199e-01 1.000000000000000000e+00 4.008699792222847336e-04 8.514793932456255376e+00 4.456000000000000000e+03 3.669999999999999929e+00 3.499999999999999778e-01
2.198074976009898318e-01 8.169992802703870405e-01 1.000000000000000000e+00 4.863259975101886790e-01 -3.131559103499412799e-01 3.226000000000000000e+03 3.379999999999999893e+00 -6.600000000000000311e-01
2.950107990546044778e-01 2.885598947149604632e-01 1.000000000000000000e+00 4.136986941503248971e-01 6.276434944099151814e+00 3.428000000000000000e+03 3.479999999999999982e+00 -4.799999999999999822e-01
1.084474140949854615e+00 9.479086219448287221e-01 1.000000000000000000e+00 5.953745836360135879e-01 7.269189559716526361e+00 4.456000000000000000e+03 3.669999999999999929e+00 3.499999999999999778e-01
1.953185853444517617e-01 4.092252682851814649e-01 1.000000000000000000e+00 2.791918338081206263e-01 3.293830725664035342e+00 3.226000000000000000e+03 3.379999999999999893e+00 -6.600000000000000311e-01
2.175441619115321412e-01 9.502570562704134582e-01 1.000000000000000000e+00 4.475065348967323109e-01 6.330450600211228185e+00 3.226000000000000000e+03 3.379999999999999893e+00 -6.600000000000000311e-01
7.306578377024933735e-01 7.796850234337409091e-01 1.000000000000000000e+00 3.497721095430826876e-01 7.161015562488461939e+00 4.078000000000000000e+03 3.629999999999999893e+00 4.000000000000000083e-02
1.977457418679531842e-01 5.846541735064172407e-01 1.000000000000000000e+00 1.648963390711710719e-02 1.774994274780580028e+00 3.226000000000000000e+03 3.379999999999999893e+00 -6.600000000000000311e-01
4.545926621128533462e-02 6.855260230602356897e-01 1.000000000000000000e+00 1.654546235981941837e-01 8.049371473105061625e+00 2.824000000000000000e+03 3.529999999999999805e+00 -1.649999999999999911e+00
4.681292222783546564e-02 6.950394179398847738e-01 1.000000000000000000e+00 2.545600672318023561e-01 6.475603578135799232e+00 2.824000000000000000e+03 3.529999999999999805e+00 -1.649999999999999911e+00
1.223126172429408243e+00 1.115459209466910240e-01 1.000000000000000000e+00 5.209796864553838391e-01 2.272673610260627974e+00 4.529000000000000000e+03 3.680000000000000160e+00 4.099999999999999756e-01
4.836610728082105792e-01 2.770545579908959555e-01 1.000000000000000000e+00 2.259030881885436548e-01 7.864534421898705219e+00 3.802000000000000000e+03 3.589999999999999858e+00 -1.799999999999999933e-01
6.903259424492610985e-02 1.621500685744456938e-01 1.000000000000000000e+00 7.006903307129039860e-01 8.663078016652182356e+00 2.897000000000000000e+03 3.490000000000000213e+00 -1.409999999999999920e+00
3.604621044059593271e-01 4.967503246114879367e-01 1.000000000000000000e+00 5.540092188546852370e-02 3.001971569803532525e+00 3.634000000000000000e+03 3.540000000000000036e+00 -3.200000000000000067e-01
1.128776837992752968e+00 4.207749913477806247e-01 1.000000000000000000e+00 2.206245500991771413e-01 2.075677840708578525e+00 4.456000000000000000e+03 3.669999999999999929e+00 3.499999999999999778e-01
1.188928600848575767e+00 8.857438201497042085e-01 1.000000000000000000e+00 4.069494283347927510e-01 7.472983453499793427e+00 4.529000000000000000e+03 3.680000000000000160e+00 4.099999999999999756e-01
6.495981044272879368e-01 4.769705000233878112e-01 1.000000000000000000e+00 3.672886231284305802e-01 6.095355387574639572e+00 3.955000000000000000e+03 3.620000000000000107e+00 -7.000000000000000666e-02
7.334340030610297934e-02 3.106201042535384760e-01 1.000000000000000000e+00 8.516877615306254201e-01 4.903482525735335606e+00 2.896000000000000000e+03 3.479999999999999982e+00 -1.389999999999999902e+00
5.332158233147179516e-01 3.775063221105294797e-01 1.000000000000000000e+00 2.565244972378722954e-01 1.078318475474122451e+01 3.802000000000000000e+03 3.589999999999999858e+00 -1.799999999999999933e-01
2.060832655222705756e-01 8.604248265144537333e-01 1.000000000000000000e+00 9.265050443934590430e-01 4.268599585062713864e+00 3.226000000000000000e+03 3.379999999999999893e+00 -6.600000000000000311e-01
3.974799669224363674e-01 9.189319956620253249e-01 1.000000000000000000e+00 9.656538618793543138e-01 3.293783040518144745e+00 3.634000000000000000e+03 3.540000000000000036e+00 -3.200000000000000067e-01
9.105518741565844787e-02 4.981445667757729012e-01 1.000000000000000000e+00 2.644321427179027184e-01 3.959713325783270399e+00 2.908000000000000000e+03 3.419999999999999929e+00 -1.229999999999999982e+00
2.466321549155243709e-01 8.324354676896759120e-01 1.000000000000000000e+00 1.221260152156204981e-01 1.882297308033009653e+00 3.226000000000000000e+03 3.379999999999999893e+00 -6.600000000000000311e-01
1.145318375477349493e+00 8.434462378617139100e-01 1.000000000000000000e+00 5.704302343521353569e-01 6.792955301940972745e+00 4.456000000000000000e+03 3.669999999999999929e+00 3.499999999999999778e-01
1.116780221005355900e+00 4.164740499892557457e-01 1.000000000000000000e+00 7.203728953947734492e-01 6.720742363797291397e+00 4.456000000000000000e+03 3.669999999999999929e+00 3.499999999999999778e-01
3.084707488316975055e-01 4.814241189162500323e-01 1.000000000000000000e+00 2.671062694670091053e-01 4.391422886164797923e+00 3.428000000000000000e+03 3.479999999999999982e+00 -4.799999999999999822e-01
1.865636254115847215e-01 8.334576163632892998e-01 1.000000000000000000e+00 1.483849015776815827e-01 6.952109840301679000e+00 3.226000000000000000e+03 3.379999999999999893e+00 -6.600000000000000311e-01
7.412838889774876761e-02 3.045739429062115367e-01 1.000000000000000000e+00 6.901480552015004655e-02 3.419563535781984243e-01 2.897000000000000000e+03 3.470000000000000195e+00 -1.360000000000000098e+00
3.935654810811054644e-02 4.138862111620136286e-01 1.000000000000000000e+00 9.872029457546928066e-01 5.363589562181023673e+00 2.779000000000000000e+03 3.569999999999999840e+00 -1.810000000000000053e+00
1.207088145516464150e+00 1.796350663947147153e-01 1.000000000000000000e+00 9.170408020618938671e-01 6.918308008837046330e+00 4.529000000000000000e+03 3.680000000000000160e+00 4.099999999999999756e-01
3.081646278973544928e-01 3.514047413418978083e-01 1.000000000000000000e+00 6.847266962723200789e-01 6.423228734511953419e+00 3.428000000000000000e+03 3.479999999999999982e+00 -4.799999999999999822e-01
3.086937703543605194e-01 8.786175786406206223e-01 1.000000000000000000e+00 1.366817184413826602e-01 2.097437950800859596e+00 3.428000000000000000e+03 3.479999999999999982e+00 -4.799999999999999822e-01
9.464572103368774914e-02 6.593918046715985248e-02 1.000000000000000000e+00 7.354254892277289901e-01 4.444641758785205177e+00 2.908000000000000000e+03 3.419999999999999929e+00 -1.229999999999999982e+00
7.850875267030359150e-02 1.717085204522026398e-01 1.000000000000000000e+00 9.788741780062206743e-01 2.417187433779012018e+00 2.898000000000000000e+03 3.450000000000000178e+00 -1.310000000000000053e+00
3.371362548810875603e-01 5.073344152679831742e-01 1.000000000000000000e+00 2.323489590649967518e-01 3.886054747107155372e+00 3.428000000000000000e+03 3.479999999999999982e+00 -4.799999999999999822e-01
1.273969909021235303e+00 4.990474767024721814e-01 1.000000000000000000e+00 4.461273888683303657e-02 6.682789295034606170e+00 4.596000000000000000e+03 3.680000000000000160e+00 4.699999999999999734e-01
2.121657659514246952e-01 2.414453412920509745e-01 1.000000000000000000e+00 8.899160317543574061e-01 9.627639799407479160e+00 3.226000000000000000e+03 3.379999999999999893e+00 -6.600000000000000311e-01
9.730139633707296509e-02 5.256214540117065681e-02 1.000000000000000000e+00 7.860871802346716120e-01 7.263445130651938086e+00 2.936000000000000000e+03 3.430000000000000160e+00 -1.169999999999999929e+00
6.360789802811700477e-02 2.215982006687737815e-01 1.000000000000000000e+00 9.059521893209754317e-02 7.881943153113940781e+00 2.864000000000000000e+03 3.520000000000000018e+00 -1.530000000000000027e+00
1.895840132693536739e-01 2.717692314937580900e-01 1.000000000000000000e+00 3.678536356684929398e-01 7.867650228202976770e+00 3.226000000000000000e+03 3.379999999999999893e+00 -6.600000000000000311e-01
6.149967387316418455e-02 4.675976653143329997e-01 1.000000000000000000e+00 8.961500117735983206e-01 4.971766180989894757e+00 2.864000000000000000e+03 3.520000000000000018e+00 -1.530000000000000027e+00
2.467964166833732098e-01 2.197031688039143837e-01 1.000000000000000000e+00 3.065919416011185783e-01 5.766741474586811300e+00 3.226000000000000000e+03 3.379999999999999893e+00 -6.600000000000000311e-01
8.428619750577514003e-01 4.485787378957490912e-01 1.000000000000000000e+00 4.064343143267012959e-01 3.020284788313499114e+00 4.192000000000000000e+03 3.649999999999999911e+00 1.300000000000000044e-01
8.194454462313881249e-02 1.500185340160057335e-01 1.000000000000000000e+00 2.068984508521043431e-02 6.687332109885341325e+00 2.898000000000000000e+03 3.450000000000000178e+00 -1.310000000000000053e+00
1.407507795434184868e-02 1.646793827542657462e-01 1.000000000000000000e+00 8.092406750223085643e-01 6.705691749287067793e+00 2.504000000000000000e+03 3.580000000000000071e+00 -2.419999999999999929e+00
2.544271923233262234e-01 1.873755704069068884e-01 1.000000000000000000e+00 4.678581952513163333e-01 7.037128316120086602e+00 3.428000000000000000e+03 3.479999999999999982e+00 -4.799999999999999822e-01
8.275303876379452861e-02 2.703802894046235528e-01 1.000000000000000000e+00 2.132710951084059170e-01 4.068149101096086184e+00 2.898000000000000000e+03 3.450000000000000178e+00 -1.310000000000000053e+00
5.032722636922595250e-01 5.609933779805620357e-02 1.000000000000000000e+00 4.584970679247304393e-01 6.229184773348301007e+00 3.802000000000000000e+03 3.589999999999999858e+00 -1.799999999999999933e-01
2.990045880993435490e-01 6.186645269105371936e-01 1.000000000000000000e+00 7.992219296861522437e-01 2.575311389602995327e+00 3.428000000000000000e+03 3.479999999999999982e+00 -4.799999999999999822e-01
8.598636588573092820e-02 6.122286804593427556e-01 1.000000000000000000e+00 9.308007831144755606e-01 6.686832537656993480e+00 2.908000000000000000e+03 3.419999999999999929e+00 -1.229999999999999982e+00
5.085049054563240550e-02 7.595935652237063573e-01 1.000000000000000000e+00 5.387264903898439927e-01 3.137219693777365759e+00 2.824000000000000000e+03 3.529999999999999805e+00 -1.649999999999999911e+00
5.923391478123759407e-02 3.679068483164172898e-01 1.000000000000000000e+00 4.878181658298134105e-01 8.727530635609864973e+00 2.864000000000000000e+03 3.520000000000000018e+00 -1.530000000000000027e+00
8.285400205041857369e-01 2.761309121053111548e-01 1.000000000000000000e+00 6.659795895821254419e-01 4.941891102446141382e+00 4.192000000000000000e+03 3.649999999999999911e+00 1.300000000000000044e-01
5.604886693487906024e-01 3.681840771447491001e-01 1.000000000000000000e+00 1.512475467445189015e-01 3.956841008891758715e+00 3.955000000000000000e+03 3.620000000000000107e+00 -7.000000000000000666e-02
1.301307162520943736e-02 1.009985609771724135e-01 1.000000000000000000e+00 9.439046192575152316e-01 5.967940951002733030e+00 2.504000000000000000e+03 3.580000000000000071e+00 -2.419999999999999929e+00
2.091038867452446881e-01 8.147565817144130085e-01 1.000000000000000000e+00 4.666044673423186406e-01 4.416882631880504562e+00 3.226000000000000000e+03 3.379999999999999893e+00 -6.600000000000000311e-01
5.785157102378509775e-01 1.267740175016357496e-01 1.000000000000000000e+00 4.535678909090039568e-01 4.310279079683146719e+00 3.955000000000000000e+03 3.620000000000000107e+00 -7.000000000000000666e-02
1.669180281411697039e-02 8.389142566148112268e-01 1.000000000000000000e+00 7.463624843526937003e-01 3.521025443466213822e+00 2.504000000000000000e+03 3.580000000000000071e+00 -2.419999999999999929e+00
