0.000000000000000000e+00 5.469147845705766287e-01 0.000000000000000000e+00 1.000000000000000000e+00 0.000000000000000000e+00 3.634000000000000000e+03 3.540000000000000036e+00 -3.200000000000000067e-01 1.410000000000000000e+02
1.000000000000000000e+00 1.896772754826372143e-01 0.000000000000000000e+00 1.000000000000000000e+00 0.000000000000000000e+00 2.936000000000000000e+03 3.430000000000000160e+00 -1.169999999999999929e+00 1.410000000000000000e+02
2.000000000000000000e+00 3.577839394569127807e-01 0.000000000000000000e+00 1.000000000000000000e+00 0.000000000000000000e+00 3.428000000000000000e+03 3.479999999999999982e+00 -4.799999999999999822e-01 1.410000000000000000e+02
3.000000000000000000e+00 1.115270708515808451e+00 0.000000000000000000e+00 1.000000000000000000e+00 0.000000000000000000e+00 4.377000000000000000e+03 3.660000000000000142e+00 2.800000000000000266e-01 1.410000000000000000e+02
4.000000000000000000e+00 1.260524139434310298e+00 0.000000000000000000e+00 1.000000000000000000e+00 0.000000000000000000e+00 4.529000000000000000e+03 3.680000000000000160e+00 4.099999999999999756e-01 1.410000000000000000e+02
5.000000000000000000e+00 2.693824809634112749e-01 0.000000000000000000e+00 1.000000000000000000e+00 0.000000000000000000e+00 3.226000000000000000e+03 3.379999999999999893e+00 -6.600000000000000311e-01 1.410000000000000000e+02
6.000000000000000000e+00 1.624064709109171167e-01 0.000000000000000000e+00 1.000000000000000000e+00 0.000000000000000000e+00 2.936000000000000000e+03 3.430000000000000160e+00 -1.169999999999999929e+00 1.410000000000000000e+02
7.000000000000000000e+00 6.728859777882238991e-01 0.000000000000000000e+00 1.000000000000000000e+00 0.000000000000000000e+00 3.955000000000000000e+03 3.620000000000000107e+00 -7.000000000000000666e-02 1.410000000000000000e+02
8.000000000000000000e+00 1.109172220174008627e+00 0.000000000000000000e+00 1.000000000000000000e+00 0.000000000000000000e+00 4.377000000000000000e+03 3.660000000000000142e+00 2.800000000000000266e-01 1.410000000000000000e+02
9.000000000000000000e+00 2.716302568296715125e-01 0.000000000000000000e+00 1.000000000000000000e+00 0.000000000000000000e+00 3.226000000000000000e+03 3.379999999999999893e+00 -6.600000000000000311e-01 1.410000000000000000e+02
1.000000000000000000e+01 8.787698456214350085e-01 0.000000000000000000e+00 1.000000000000000000e+00 0.000000000000000000e+00 4.192000000000000000e+03 3.649999999999999911e+00 1.300000000000000044e-01 1.410000000000000000e+02
1.100000000000000000e+01 1.194916340351655393e+00 0.000000000000000000e+00 1.000000000000000000e+00 0.000000000000000000e+00 4.456000000000000000e+03 3.669999999999999929e+00 3.499999999999999778e-01 1.410000000000000000e+02
1.200000000000000000e+01 6.215844226871937162e-01 0.000000000000000000e+00 1.000000000000000000e+00 0.000000000000000000e+00 3.802000000000000000e+03 3.589999999999999858e+00 -1.799999999999999933e-01 1.410000000000000000e+02
1.300000000000000000e+01 1.239681904576282800e+00 0.000000000000000000e+00 1.000000000000000000e+00 0.000000000000000000e+00 4.456000000000000000e+03 3.669999999999999929e+00 3.499999999999999778e-01 1.410000000000000000e+02
1.400000000000000000e+01 5.073217610046182324e-01 0.000000000000000000e+00 1.000000000000000000e+00 0.000000000000000000e+00 3.634000000000000000e+03 3.540000000000000036e+00 -3.200000000000000067e-01 1.410000000000000000e+02
1.500000000000000000e+01 1.644634914630212774e-01 0.000000000000000000e+00 1.000000000000000000e+00 0.000000000000000000e+00 2.936000000000000000e+03 3.430000000000000160e+00 -1.169999999999999929e+00 1.410000000000000000e+02
1.600000000000000000e+01 1.257315300280970272e+00 0.000000000000000000e+00 1.000000000000000000e+00 0.000000000000000000e+00 4.529000000000000000e+03 3.680000000000000160e+00 4.099999999999999756e-01 1.410000000000000000e+02
1.700000000000000000e+01 1.504393776700723162e-01 0.000000000000000000e+00 1.000000000000000000e+00 0.000000000000000000e+00 2.936000000000000000e+03 3.430000000000000160e+00 -1.169999999999999929e+00 1.410000000000000000e+02
1.800000000000000000e+01 2.472043807237136737e-01 0.000000000000000000e+00 1.000000000000000000e+00 0.000000000000000000e+00 2.936000000000000000e+03 3.430000000000000160e+00 -1.169999999999999929e+00 1.410000000000000000e+02
1.900000000000000000e+01 2.625517216971782197e-01 0.000000000000000000e+00 1.000000000000000000e+00 0.000000000000000000e+00 3.226000000000000000e+03 3.379999999999999893e+00 -6.600000000000000311e-01 1.410000000000000000e+02
2.000000000000000000e+01 3.267095673494449515e-01 0.000000000000000000e+00 1.000000000000000000e+00 0.000000000000000000e+00 3.226000000000000000e+03 3.379999999999999893e+00 -6.600000000000000311e-01 1.410000000000000000e+02
2.100000000000000000e+01 3.191847594699858681e-01 0.000000000000000000e+00 1.000000000000000000e+00 0.000000000000000000e+00 3.226000000000000000e+03 3.379999999999999893e+00 -6.600000000000000311e-01 1.410000000000000000e+02
2.200000000000000000e+01 4.658858470586391132e-01 0.000000000000000000e+00 1.000000000000000000e+00 0.000000000000000000e+00 3.634000000000000000e+03 3.540000000000000036e+00 -3.200000000000000067e-01 1.410000000000000000e+02
2.300000000000000000e+01 1.225320501714929122e+00 0.000000000000000000e+00 1.000000000000000000e+00 0.000000000000000000e+00 4.456000000000000000e+03 3.669999999999999929e+00 3.499999999999999778e-01 1.410000000000000000e+02
2.400000000000000000e+01 5.137400644990502974e-01 0.000000000000000000e+00 1.000000000000000000e+00 0.000000000000000000e+00 3.634000000000000000e+03 3.540000000000000036e+00 -3.200000000000000067e-01 1.410000000000000000e+02
2.500000000000000000e+01 6.103310039461151693e-01 0.000000000000000000e+00 1.000000000000000000e+00 0.000000000000000000e+00 3.802000000000000000e+03 3.589999999999999858e+00 -1.799999999999999933e-01 1.410000000000000000e+02
2.600000000000000000e+01 1.113534395756139883e+00 0.000000000000000000e+00 1.000000000000000000e+00 0.000000000000000000e+00 4.377000000000000000e+03 3.660000000000000142e+00 2.800000000000000266e-01 1.410000000000000000e+02
2.700000000000000000e+01 4.672101326383653053e-01 0.000000000000000000e+00 1.000000000000000000e+00 0.000000000000000000e+00 3.634000000000000000e+03 3.540000000000000036e+00 -3.200000000000000067e-01 1.410000000000000000e+02
2.800000000000000000e+01 1.191217976228330144e+00 0.000000000000000000e+00 1.000000000000000000e+00 0.000000000000000000e+00 4.456000000000000000e+03 3.669999999999999929e+00 3.499999999999999778e-01 1.410000000000000000e+02
2.900000000000000000e+01 2.394406998594389713e-01 0.000000000000000000e+00 1.000000000000000000e+00 0.000000000000000000e+00 2.936000000000000000e+03 3.430000000000000160e+00 -1.169999999999999929e+00 1.410000000000000000e+02
3.000000000000000000e+01 2.056088239414992636e-01 0.000000000000000000e+00 1.000000000000000000e+00 0.000000000000000000e+00 2.936000000000000000e+03 3.430000000000000160e+00 -1.169999999999999929e+00 1.410000000000000000e+02
3.100000000000000000e+01 1.201535825820730263e+00 0.000000000000000000e+00 1.000000000000000000e+00 0.000000000000000000e+00 4.456000000000000000e+03 3.669999999999999929e+00 3.499999999999999778e-01 1.410000000000000000e+02
3.200000000000000000e+01 1.471884562255175721e+00 0.000000000000000000e+00 1.000000000000000000e+00 0.000000000000000000e+00 4.852885001621209994e+03 3.706999999999999851e+00 3.872576449216171834e+00 1.410000000000000000e+02
3.300000000000000000e+01 1.200123243894075931e-01 0.000000000000000000e+00 1.000000000000000000e+00 0.000000000000000000e+00 2.908000000000000000e+03 3.419999999999999929e+00 -1.229999999999999982e+00 1.410000000000000000e+02
3.400000000000000000e+01 1.124078671584584743e+00 0.000000000000000000e+00 1.000000000000000000e+00 0.000000000000000000e+00 4.377000000000000000e+03 3.660000000000000142e+00 2.800000000000000266e-01 1.410000000000000000e+02
3.500000000000000000e+01 1.122180202332610621e+00 0.000000000000000000e+00 1.000000000000000000e+00 0.000000000000000000e+00 4.377000000000000000e+03 3.660000000000000142e+00 2.800000000000000266e-01 1.410000000000000000e+02
3.600000000000000000e+01 5.631369036143352158e-02 0.000000000000000000e+00 1.000000000000000000e+00 0.000000000000000000e+00 2.824000000000000000e+03 3.529999999999999805e+00 -1.649999999999999911e+00 1.410000000000000000e+02
3.700000000000000000e+01 1.982256186702286982e-01 0.000000000000000000e+00 1.000000000000000000e+00 0.000000000000000000e+00 2.936000000000000000e+03 3.430000000000000160e+00 -1.169999999999999929e+00 1.410000000000000000e+02
3.800000000000000000e+01 1.142931465935937752e+00 0.000000000000000000e+00 1.000000000000000000e+00 0.000000000000000000e+00 4.377000000000000000e+03 3.660000000000000142e+00 2.800000000000000266e-01 1.410000000000000000e+02
3.900000000000000000e+01 2.050079979233776772e-01 0.000000000000000000e+00 1.000000000000000000e+00 0.000000000000000000e+00 2.936000000000000000e+03 3.430000000000000160e+00 -1.169999999999999929e+00 1.410000000000000000e+02
4.000000000000000000e+01 2.555153804481498647e-01 0.000000000000000000e+00 1.000000000000000000e+00 0.000000000000000000e+00 3.226000000000000000e+03 3.379999999999999893e+00 -6.600000000000000311e-01 1.410000000000000000e+02
4.100000000000000000e+01 1.716283831518501168e+00 0.000000000000000000e+00 1.000000000000000000e+00 0.000000000000000000e+00 4.970499105762351064e+03 3.706999999999999851e+00 5.000345349769784065e+00 1.410000000000000000e+02
4.200000000000000000e+01 1.162903677039864858e+00 0.000000000000000000e+00 1.000000000000000000e+00 0.000000000000000000e+00 4.456000000000000000e+03 3.669999999999999929e+00 3.499999999999999778e-01 1.410000000000000000e+02
4.300000000000000000e+01 2.019718247566471558e-01 0.000000000000000000e+00 1.000000000000000000e+00 0.000000000000000000e+00 2.936000000000000000e+03 3.430000000000000160e+00 -1.169999999999999929e+00 1.410000000000000000e+02
4.400000000000000000e+01 3.404812333341912245e-01 0.000000000000000000e+00 1.000000000000000000e+00 0.000000000000000000e+00 3.226000000000000000e+03 3.379999999999999893e+00 -6.600000000000000311e-01 1.410000000000000000e+02
4.500000000000000000e+01 1.247947750270763656e+00 0.000000000000000000e+00 1.000000000000000000e+00 0.000000000000000000e+00 4.456000000000000000e+03 3.669999999999999929e+00 3.499999999999999778e-01 1.410000000000000000e+02
4.600000000000000000e+01 2.663091978083634848e-01 0.000000000000000000e+00 1.000000000000000000e+00 0.000000000000000000e+00 3.226000000000000000e+03 3.379999999999999893e+00 -6.600000000000000311e-01 1.410000000000000000e+02
4.700000000000000000e+01 1.110748071279650917e+00 0.000000000000000000e+00 1.000000000000000000e+00 0.000000000000000000e+00 4.377000000000000000e+03 3.660000000000000142e+00 2.800000000000000266e-01 1.410000000000000000e+02
4.800000000000000000e+01 1.736907325363773458e-01 0.000000000000000000e+00 1.000000000000000000e+00 0.000000000000000000e+00 2.936000000000000000e+03 3.430000000000000160e+00 -1.169999999999999929e+00 1.470000000000000000e+02
4.900000000000000000e+01 1.123194455260437374e+00 0.000000000000000000e+00 1.000000000000000000e+00 0.000000000000000000e+00 4.377000000000000000e+03 3.660000000000000142e+00 2.800000000000000266e-01 1.470000000000000000e+02
5.000000000000000000e+01 1.152452600249442183e+00 0.000000000000000000e+00 1.000000000000000000e+00 0.000000000000000000e+00 4.456000000000000000e+03 3.669999999999999929e+00 3.499999999999999778e-01 1.470000000000000000e+02
5.100000000000000000e+01 2.274444845499543899e-01 0.000000000000000000e+00 1.000000000000000000e+00 0.000000000000000000e+00 2.936000000000000000e+03 3.430000000000000160e+00 -1.169999999999999929e+00 1.470000000000000000e+02
5.200000000000000000e+01 4.357971639690671473e-01 0.000000000000000000e+00 1.000000000000000000e+00 0.000000000000000000e+00 3.428000000000000000e+03 3.479999999999999982e+00 -4.799999999999999822e-01 1.470000000000000000e+02
5.300000000000000000e+01 1.149239526201944361e+00 0.000000000000000000e+00 1.000000000000000000e+00 0.000000000000000000e+00 4.377000000000000000e+03 3.660000000000000142e+00 2.800000000000000266e-01 1.470000000000000000e+02
5.400000000000000000e+01 7.455010606863661238e-01 0.000000000000000000e+00 1.000000000000000000e+00 0.000000000000000000e+00 3.955000000000000000e+03 3.620000000000000107e+00 -7.000000000000000666e-02 1.470000000000000000e+02
5.500000000000000000e+01 3.410654938256166835e-01 0.000000000000000000e+00 1.000000000000000000e+00 0.000000000000000000e+00 3.226000000000000000e+03 3.379999999999999893e+00 -6.600000000000000311e-01 1.470000000000000000e+02
5.600000000000000000e+01 2.535400654895784700e-01 0.000000000000000000e+00 1.000000000000000000e+00 0.000000000000000000e+00 3.226000000000000000e+03 3.379999999999999893e+00 -6.600000000000000311e-01 1.470000000000000000e+02
5.700000000000000000e+01 3.579114803539742984e-01 0.000000000000000000e+00 1.000000000000000000e+00 0.000000000000000000e+00 3.428000000000000000e+03 3.479999999999999982e+00 -4.799999999999999822e-01 1.470000000000000000e+02
5.800000000000000000e+01 1.113325721863128503e+00 0.000000000000000000e+00 1.000000000000000000e+00 0.000000000000000000e+00 4.377000000000000000e+03 3.660000000000000142e+00 2.800000000000000266e-01 1.470000000000000000e+02
5.900000000000000000e+01 1.462871107360912415e-01 0.000000000000000000e+00 1.000000000000000000e+00 0.000000000000000000e+00 2.936000000000000000e+03 3.430000000000000160e+00 -1.169999999999999929e+00 1.470000000000000000e+02
6.000000000000000000e+01 1.222748219300757500e+00 0.000000000000000000e+00 1.000000000000000000e+00 0.000000000000000000e+00 4.456000000000000000e+03 3.669999999999999929e+00 3.499999999999999778e-01 1.470000000000000000e+02
6.100000000000000000e+01 3.689567977696285306e-01 0.000000000000000000e+00 1.000000000000000000e+00 0.000000000000000000e+00 3.428000000000000000e+03 3.479999999999999982e+00 -4.799999999999999822e-01 1.470000000000000000e+02
6.200000000000000000e+01 1.828027123524434971e+00 0.000000000000000000e+00 1.000000000000000000e+00 0.000000000000000000e+00 5.032687915706668718e+03 3.704000000000000181e+00 5.754399373371569482e+00 1.470000000000000000e+02
6.300000000000000000e+01 1.441156959829535955e-01 0.000000000000000000e+00 1.000000000000000000e+00 0.000000000000000000e+00 2.936000000000000000e+03 3.430000000000000160e+00 -1.169999999999999929e+00 1.470000000000000000e+02
6.400000000000000000e+01 2.325511602259157096e-01 0.000000000000000000e+00 1.000000000000000000e+00 0.000000000000000000e+00 2.936000000000000000e+03 3.430000000000000160e+00 -1.169999999999999929e+00 1.470000000000000000e+02
6.500000000000000000e+01 9.586466175750830709e-01 0.000000000000000000e+00 1.000000000000000000e+00 0.000000000000000000e+00 4.290000000000000000e+03 3.660000000000000142e+00 2.099999999999999922e-01 1.470000000000000000e+02
6.600000000000000000e+01 1.110254073067577840e+00 0.000000000000000000e+00 1.000000000000000000e+00 0.000000000000000000e+00 4.377000000000000000e+03 3.660000000000000142e+00 2.800000000000000266e-01 1.470000000000000000e+02
6.700000000000000000e+01 4.673524892198258063e-01 0.000000000000000000e+00 1.000000000000000000e+00 0.000000000000000000e+00 3.634000000000000000e+03 3.540000000000000036e+00 -3.200000000000000067e-01 1.470000000000000000e+02
6.800000000000000000e+01 1.045108166444136816e-01 0.000000000000000000e+00 1.000000000000000000e+00 0.000000000000000000e+00 2.908000000000000000e+03 3.419999999999999929e+00 -1.229999999999999982e+00 1.470000000000000000e+02
6.900000000000000000e+01 1.167602475681850605e+00 0.000000000000000000e+00 1.000000000000000000e+00 0.000000000000000000e+00 4.456000000000000000e+03 3.669999999999999929e+00 3.499999999999999778e-01 1.470000000000000000e+02
7.000000000000000000e+01 4.447384912765318665e-01 0.000000000000000000e+00 1.000000000000000000e+00 0.000000000000000000e+00 3.428000000000000000e+03 3.479999999999999982e+00 -4.799999999999999822e-01 1.470000000000000000e+02
7.100000000000000000e+01 4.858658579626674023e-01 0.000000000000000000e+00 1.000000000000000000e+00 0.000000000000000000e+00 3.634000000000000000e+03 3.540000000000000036e+00 -3.200000000000000067e-01 1.470000000000000000e+02
7.200000000000000000e+01 1.038683577644798350e-01 0.000000000000000000e+00 1.000000000000000000e+00 0.000000000000000000e+00 2.908000000000000000e+03 3.419999999999999929e+00 -1.229999999999999982e+00 1.470000000000000000e+02
7.300000000000000000e+01 1.262480601282503390e+00 0.000000000000000000e+00 1.000000000000000000e+00 0.000000000000000000e+00 4.529000000000000000e+03 3.680000000000000160e+00 4.099999999999999756e-01 1.470000000000000000e+02
7.400000000000000000e+01 1.121266562960318014e+00 0.000000000000000000e+00 1.000000000000000000e+00 0.000000000000000000e+00 4.377000000000000000e+03 3.660000000000000142e+00 2.800000000000000266e-01 1.470000000000000000e+02
7.500000000000000000e+01 1.811074102966961363e-01 0.000000000000000000e+00 1.000000000000000000e+00 0.000000000000000000e+00 2.936000000000000000e+03 3.430000000000000160e+00 -1.169999999999999929e+00 1.470000000000000000e+02
7.600000000000000000e+01 4.765531392483900452e-01 0.000000000000000000e+00 1.000000000000000000e+00 0.000000000000000000e+00 3.634000000000000000e+03 3.540000000000000036e+00 -3.200000000000000067e-01 1.470000000000000000e+02
7.700000000000000000e+01 1.534355594469417883e-01 0.000000000000000000e+00 1.000000000000000000e+00 0.000000000000000000e+00 2.936000000000000000e+03 3.430000000000000160e+00 -1.169999999999999929e+00 1.470000000000000000e+02
7.800000000000000000e+01 4.355155153159372960e-01 0.000000000000000000e+00 1.000000000000000000e+00 0.000000000000000000e+00 3.428000000000000000e+03 3.479999999999999982e+00 -4.799999999999999822e-01 1.470000000000000000e+02
7.900000000000000000e+01 1.109838914894738293e+00 0.000000000000000000e+00 1.000000000000000000e+00 0.000000000000000000e+00 4.377000000000000000e+03 3.660000000000000142e+00 2.800000000000000266e-01 1.470000000000000000e+02
8.000000000000000000e+01 1.176436966248808558e+00 0.000000000000000000e+00 1.000000000000000000e+00 0.000000000000000000e+00 4.456000000000000000e+03 3.669999999999999929e+00 3.499999999999999778e-01 1.470000000000000000e+02
8.100000000000000000e+01 5.190017073820986093e-01 0.000000000000000000e+00 1.000000000000000000e+00 0.000000000000000000e+00 3.634000000000000000e+03 3.540000000000000036e+00 -3.200000000000000067e-01 1.470000000000000000e+02
8.200000000000000000e+01 1.117481564640564251e+00 0.000000000000000000e+00 1.000000000000000000e+00 0.000000000000000000e+00 4.377000000000000000e+03 3.660000000000000142e+00 2.800000000000000266e-01 1.470000000000000000e+02
8.300000000000000000e+01 1.601816116553672620e-01 0.000000000000000000e+00 1.000000000000000000e+00 0.000000000000000000e+00 2.936000000000000000e+03 3.430000000000000160e+00 -1.169999999999999929e+00 1.470000000000000000e+02
8.400000000000000000e+01 9.215174222248619929e-01 0.000000000000000000e+00 1.000000000000000000e+00 0.000000000000000000e+00 4.192000000000000000e+03 3.649999999999999911e+00 1.300000000000000044e-01 1.470000000000000000e+02
8.500000000000000000e+01 1.110299376010035699e+00 0.000000000000000000e+00 1.000000000000000000e+00 0.000000000000000000e+00 4.377000000000000000e+03 3.660000000000000142e+00 2.800000000000000266e-01 1.470000000000000000e+02
8.600000000000000000e+01 1.783868294163014900e-01 0.000000000000000000e+00 1.000000000000000000e+00 0.000000000000000000e+00 2.936000000000000000e+03 3.430000000000000160e+00 -1.169999999999999929e+00 1.470000000000000000e+02
8.700000000000000000e+01 1.789939489584589094e-01 0.000000000000000000e+00 1.000000000000000000e+00 0.000000000000000000e+00 2.936000000000000000e+03 3.430000000000000160e+00 -1.169999999999999929e+00 1.470000000000000000e+02
8.800000000000000000e+01 1.332158865022724792e-01 0.000000000000000000e+00 1.000000000000000000e+00 0.000000000000000000e+00 2.908000000000000000e+03 3.419999999999999929e+00 -1.229999999999999982e+00 1.470000000000000000e+02
8.900000000000000000e+01 1.988109976235196419e-01 0.000000000000000000e+00 1.000000000000000000e+00 0.000000000000000000e+00 2.936000000000000000e+03 3.430000000000000160e+00 -1.169999999999999929e+00 1.470000000000000000e+02
9.000000000000000000e+01 1.469612519778284998e-01 0.000000000000000000e+00 1.000000000000000000e+00 0.000000000000000000e+00 2.936000000000000000e+03 3.430000000000000160e+00 -1.169999999999999929e+00 1.470000000000000000e+02
9.100000000000000000e+01 2.481874793817347713e-01 0.000000000000000000e+00 1.000000000000000000e+00 0.000000000000000000e+00 2.936000000000000000e+03 3.430000000000000160e+00 -1.169999999999999929e+00 1.470000000000000000e+02
9.200000000000000000e+01 1.943026794717019334e-01 0.000000000000000000e+00 1.000000000000000000e+00 0.000000000000000000e+00 2.936000000000000000e+03 3.430000000000000160e+00 -1.169999999999999929e+00 1.470000000000000000e+02
9.300000000000000000e+01 1.219207138258352252e+00 0.000000000000000000e+00 1.000000000000000000e+00 0.000000000000000000e+00 4.456000000000000000e+03 3.669999999999999929e+00 3.499999999999999778e-01 1.470000000000000000e+02
9.400000000000000000e+01 3.114865908287109408e-01 0.000000000000000000e+00 1.000000000000000000e+00 0.000000000000000000e+00 3.226000000000000000e+03 3.379999999999999893e+00 -6.600000000000000311e-01 1.470000000000000000e+02
9.500000000000000000e+01 1.088790825452951999e-01 0.000000000000000000e+00 1.000000000000000000e+00 0.000000000000000000e+00 2.908000000000000000e+03 3.419999999999999929e+00 -1.229999999999999982e+00 1.470000000000000000e+02
