0.000000000000000000e+00 1.168798026987563965e+00 0.000000000000000000e+00 1.000000000000000000e+00 1.000000000000000000e+00 4.529000000000000000e+03 3.680000000000000160e+00 4.099999999999999756e-01 1.500000000000000000e+02
1.000000000000000000e+00 2.954211347736023785e-01 1.000000000000000000e+00 1.000000000000000000e+00 1.000000000000000000e+00 3.428000000000000000e+03 3.479999999999999982e+00 -4.799999999999999822e-01 1.500000000000000000e+02
2.000000000000000000e+00 3.313113137483215676e-01 1.000000000000000000e+00 1.000000000000000000e+00 1.000000000000000000e+00 3.428000000000000000e+03 3.479999999999999982e+00 -4.799999999999999822e-01 1.500000000000000000e+02
3.000000000000000000e+00 5.794421329738296267e-01 0.000000000000000000e+00 1.000000000000000000e+00 1.000000000000000000e+00 3.955000000000000000e+03 3.620000000000000107e+00 -7.000000000000000666e-02 1.500000000000000000e+02
4.000000000000000000e+00 2.104899021285145388e-01 0.000000000000000000e+00 1.000000000000000000e+00 1.000000000000000000e+00 3.226000000000000000e+03 3.379999999999999893e+00 -6.600000000000000311e-01 1.500000000000000000e+02
5.000000000000000000e+00 2.314102415552301839e-01 1.000000000000000000e+00 1.000000000000000000e+00 1.000000000000000000e+00 3.226000000000000000e+03 3.379999999999999893e+00 -6.600000000000000311e-01 1.500000000000000000e+02
6.000000000000000000e+00 3.726830827175627858e-01 0.000000000000000000e+00 1.000000000000000000e+00 1.000000000000000000e+00 3.634000000000000000e+03 3.540000000000000036e+00 -3.200000000000000067e-01 1.500000000000000000e+02
7.000000000000000000e+00 2.265484699012836334e+00 0.000000000000000000e+00 1.000000000000000000e+00 1.000000000000000000e+00 5.180837850719927701e+03 3.685999999999999943e+00 8.184647881347899556e+00 1.500000000000000000e+02
8.000000000000000000e+00 4.039216118397561672e-01 0.000000000000000000e+00 1.000000000000000000e+00 1.000000000000000000e+00 3.634000000000000000e+03 3.540000000000000036e+00 -3.200000000000000067e-01 1.500000000000000000e+02
9.000000000000000000e+00 2.137806559743181678e-01 0.000000000000000000e+00 1.000000000000000000e+00 1.000000000000000000e+00 3.226000000000000000e+03 3.379999999999999893e+00 -6.600000000000000311e-01 1.500000000000000000e+02
