# # chi square, temperature, log(g), normalization
1.437259572596699400e+02 2.900000000000000000e+03 3.500000000000000000e+00 2.616570448597678844e+00
1.529956700203758260e+02 3.000000000000000000e+03 3.500000000000000000e+00 2.095132946389874018e+00
2.331650355808194774e+02 3.100000000000000000e+03 3.500000000000000000e+00 1.732669748423751876e+00
3.409958516702789666e+02 3.200000000000000000e+03 3.500000000000000000e+00 1.461030129332392180e+00
5.017920826703322632e+02 3.300000000000000000e+03 3.500000000000000000e+00 1.234100699616828889e+00
7.549251287385746991e+02 3.400000000000000000e+03 3.500000000000000000e+00 1.049217857416271604e+00
3.470643551408473968e+02 2.900000000000000000e+03 4.000000000000000000e+00 2.447182841082649052e+00
3.721377715893153777e+02 3.000000000000000000e+03 4.000000000000000000e+00 1.983925927393506816e+00
4.853927757648939405e+02 3.100000000000000000e+03 4.000000000000000000e+00 1.637173791658102839e+00
6.541627260503851176e+02 3.200000000000000000e+03 4.000000000000000000e+00 1.366838442665013087e+00
8.710456001693961525e+02 3.300000000000000000e+03 4.000000000000000000e+00 1.160282890996535476e+00
1.180637033145001851e+03 3.400000000000000000e+03 4.000000000000000000e+00 9.965749855944543434e-01
