# # chi square, temperature, log(g), normalization
1.246169907483589157e+02 4.200000000000000000e+03 3.500000000000000000e+00 1.519929598557957062e+00
6.103844652960955131e+01 4.300000000000000000e+03 3.500000000000000000e+00 1.321851127643005164e+00
3.286047990556892984e+01 4.400000000000000000e+03 3.500000000000000000e+00 1.166708356806610558e+00
2.442196195618599575e+01 4.500000000000000000e+03 3.500000000000000000e+00 1.040025457691400979e+00
2.634582652313714846e+01 4.600000000000000000e+03 3.500000000000000000e+00 9.289809394212166227e-01
3.492330270576761109e+01 4.700000000000000000e+03 3.500000000000000000e+00 8.402915397975049272e-01
1.314184518322479107e+02 4.200000000000000000e+03 4.000000000000000000e+00 1.490157172907787819e+00
6.817067751196057657e+01 4.300000000000000000e+03 4.000000000000000000e+00 1.313056024066929117e+00
3.503438923846119479e+01 4.400000000000000000e+03 4.000000000000000000e+00 1.165414185910788714e+00
2.258666479346009837e+01 4.500000000000000000e+03 4.000000000000000000e+00 1.034149538703031057e+00
2.315774728599781085e+01 4.600000000000000000e+03 4.000000000000000000e+00 9.229406246734457309e-01
3.165559522718955066e+01 4.700000000000000000e+03 4.000000000000000000e+00 8.315568523023447733e-01
