# # chi square, temperature, log(g), normalization
7.089156023896600800e+02 2.600000000000000000e+03 3.500000000000000000e+00 2.273317077156518540e+00
3.516811325043139504e+02 2.700000000000000000e+03 3.500000000000000000e+00 1.672927272157990641e+00
2.490666391697596396e+02 2.800000000000000000e+03 3.500000000000000000e+00 1.298053721352000034e+00
2.637784445234270265e+02 2.900000000000000000e+03 3.500000000000000000e+00 1.009103533218230098e+00
3.516855804633382263e+02 3.000000000000000000e+03 3.500000000000000000e+00 8.113239413328028338e-01
5.049391487080169441e+02 3.100000000000000000e+03 3.500000000000000000e+00 6.714769213932324510e-01
1.122936173396562481e+03 2.600000000000000000e+03 4.000000000000000000e+00 2.108968042960199796e+00
6.976154883474602002e+02 2.700000000000000000e+03 4.000000000000000000e+00 1.589350184941824118e+00
5.559874650671442851e+02 2.800000000000000000e+03 4.000000000000000000e+00 1.210330068075852639e+00
5.629657616275172813e+02 2.900000000000000000e+03 4.000000000000000000e+00 9.461745003001116316e-01
6.687575466724683793e+02 3.000000000000000000e+03 4.000000000000000000e+00 7.702722044718181005e-01
8.591943776669320414e+02 3.100000000000000000e+03 4.000000000000000000e+00 6.371597824452944758e-01
