# # chi square, temperature, log(g), normalization
5.082195906466634483e+02 2.600000000000000000e+03 3.500000000000000000e+00 3.524838147137153044e+00
2.652334102349707905e+02 2.700000000000000000e+03 3.500000000000000000e+00 2.606145237299840378e+00
2.540482536180664965e+02 2.800000000000000000e+03 3.500000000000000000e+00 2.028060769752837889e+00
3.545355404259422585e+02 2.900000000000000000e+03 3.500000000000000000e+00 1.578957849356122045e+00
5.131497776592508444e+02 3.000000000000000000e+03 3.500000000000000000e+00 1.271738668591913868e+00
7.437029745263099585e+02 3.100000000000000000e+03 3.500000000000000000e+00 1.055107453368752557e+00
9.859044771354926979e+02 2.600000000000000000e+03 4.000000000000000000e+00 3.271958649574766120e+00
6.726520899879600393e+02 2.700000000000000000e+03 4.000000000000000000e+00 2.472495993204780973e+00
6.232046419175475194e+02 2.800000000000000000e+03 4.000000000000000000e+00 1.890049042268490576e+00
7.224386795058320558e+02 2.900000000000000000e+03 4.000000000000000000e+00 1.480955144253101707e+00
8.990319454866278193e+02 3.000000000000000000e+03 4.000000000000000000e+00 1.206623063768653692e+00
1.171369270381571823e+03 3.100000000000000000e+03 4.000000000000000000e+00 1.000109859650670785e+00
