# # chi square, temperature, log(g), normalization
4.733468208318968209e+02 3.500000000000000000e+03 3.500000000000000000e+00 1.673059092833403039e+00
2.432397886217770520e+02 3.600000000000000000e+03 3.500000000000000000e+00 1.403928999129387734e+00
1.092004416293048479e+02 3.700000000000000000e+03 3.500000000000000000e+00 1.201466001697124586e+00
5.180893478492500037e+01 3.800000000000000000e+03 3.500000000000000000e+00 1.007736568804370902e+00
8.946914797287001875e+01 3.900000000000000000e+03 3.500000000000000000e+00 8.668820265872511088e-01
1.887876651684512410e+02 4.000000000000000000e+03 3.500000000000000000e+00 7.494369759226772176e-01
2.946117831992017386e+02 3.500000000000000000e+03 4.000000000000000000e+00 1.548128661631285707e+00
1.581914434720024758e+02 3.600000000000000000e+03 4.000000000000000000e+00 1.323984044173674102e+00
8.238385771149722814e+01 3.700000000000000000e+03 4.000000000000000000e+00 1.136991784002696404e+00
6.611608565965963180e+01 3.800000000000000000e+03 4.000000000000000000e+00 9.805145869629360300e-01
1.087800140861164948e+02 3.900000000000000000e+03 4.000000000000000000e+00 8.518309219826020184e-01
2.042108011997751191e+02 4.000000000000000000e+03 4.000000000000000000e+00 7.364113162415357738e-01
