# # chi square, temperature, log(g), normalization
4.549730815846502452e+01 4.100000000000000000e+03 3.500000000000000000e+00 1.769952616586792704e+00
7.411090429848789540e+01 4.200000000000000000e+03 3.500000000000000000e+00 1.570745204205574286e+00
1.321605320334728333e+02 4.300000000000000000e+03 3.500000000000000000e+00 1.373530340972721531e+00
1.999616709770290583e+02 4.400000000000000000e+03 3.500000000000000000e+00 1.216877353220191971e+00
2.618207926829358598e+02 4.500000000000000000e+03 3.500000000000000000e+00 1.088377415624488753e+00
3.241156233623721050e+02 4.600000000000000000e+03 3.500000000000000000e+00 9.755871319048111667e-01
4.312059595228944886e+01 4.100000000000000000e+03 4.000000000000000000e+00 1.734837890591463649e+00
6.806358655514021905e+01 4.200000000000000000e+03 4.000000000000000000e+00 1.534196492404417134e+00
1.187328671022750797e+02 4.300000000000000000e+03 4.000000000000000000e+00 1.358582202561235075e+00
1.828018023529567415e+02 4.400000000000000000e+03 4.000000000000000000e+00 1.211984146148761488e+00
2.525333501657157456e+02 4.500000000000000000e+03 4.000000000000000000e+00 1.078519084383876558e+00
3.187143922787625456e+02 4.600000000000000000e+03 4.000000000000000000e+00 9.656155038488258846e-01
