# # chi square, temperature, log(g), normalization
7.089156023896600800e+02 2.600000000000000000e+03 3.500000000000000000e+00 4.546634154313037079e+00
3.516811325043139504e+02 2.700000000000000000e+03 3.500000000000000000e+00 3.345854544315981283e+00
2.490666391697596396e+02 2.800000000000000000e+03 3.500000000000000000e+00 2.596107442704000068e+00
2.637784445234270265e+02 2.900000000000000000e+03 3.500000000000000000e+00 2.018207066436460195e+00
3.516855804633382263e+02 3.000000000000000000e+03 3.500000000000000000e+00 1.622647882665605668e+00
5.049391487080169441e+02 3.100000000000000000e+03 3.500000000000000000e+00 1.342953842786464902e+00
1.122936173396562481e+03 2.600000000000000000e+03 4.000000000000000000e+00 4.217936085920399591e+00
6.976154883474602002e+02 2.700000000000000000e+03 4.000000000000000000e+00 3.178700369883648236e+00
5.559874650671442851e+02 2.800000000000000000e+03 4.000000000000000000e+00 2.420660136151705277e+00
5.629657616275172813e+02 2.900000000000000000e+03 4.000000000000000000e+00 1.892349000600223263e+00
6.687575466724683793e+02 3.000000000000000000e+03 4.000000000000000000e+00 1.540544408943636201e+00
8.591943776669320414e+02 3.100000000000000000e+03 4.000000000000000000e+00 1.274319564890588952e+00
