0.000000000000000000e+00 1.348929076464054355e-01 0.000000000000000000e+00 1.000000000000000000e+00 0.000000000000000000e+00 2.908000000000000000e+03 3.419999999999999929e+00 -1.229999999999999982e+00 1.590000000000000000e+02
1.000000000000000000e+00 3.105269658943644595e-01 0.000000000000000000e+00 1.000000000000000000e+00 0.000000000000000000e+00 3.226000000000000000e+03 3.379999999999999893e+00 -6.600000000000000311e-01 1.590000000000000000e+02
2.000000000000000000e+00 1.108957133124730543e+00 0.000000000000000000e+00 1.000000000000000000e+00 0.000000000000000000e+00 4.377000000000000000e+03 3.660000000000000142e+00 2.800000000000000266e-01 1.590000000000000000e+02
3.000000000000000000e+00 1.115253041889902264e+00 0.000000000000000000e+00 1.000000000000000000e+00 0.000000000000000000e+00 4.377000000000000000e+03 3.660000000000000142e+00 2.800000000000000266e-01 1.590000000000000000e+02
4.000000000000000000e+00 1.108716057359969254e+00 0.000000000000000000e+00 1.000000000000000000e+00 0.000000000000000000e+00 4.377000000000000000e+03 3.660000000000000142e+00 2.800000000000000266e-01 1.410000000000000000e+02
5.000000000000000000e+00 1.215983299100015236e-01 0.000000000000000000e+00 1.000000000000000000e+00 0.000000000000000000e+00 2.908000000000000000e+03 3.419999999999999929e+00 -1.229999999999999982e+00 1.410000000000000000e+02
6.000000000000000000e+00 1.237473008848904321e+00 0.000000000000000000e+00 1.000000000000000000e+00 0.000000000000000000e+00 4.456000000000000000e+03 3.669999999999999929e+00 3.499999999999999778e-01 1.410000000000000000e+02
7.000000000000000000e+00 1.190504310176587310e+00 0.000000000000000000e+00 1.000000000000000000e+00 0.000000000000000000e+00 4.456000000000000000e+03 3.669999999999999929e+00 3.499999999999999778e-01 1.410000000000000000e+02
8.000000000000000000e+00 1.228591826247631635e+00 0.000000000000000000e+00 1.000000000000000000e+00 0.000000000000000000e+00 4.456000000000000000e+03 3.669999999999999929e+00 3.499999999999999778e-01 1.540000000000000000e+02
9.000000000000000000e+00 1.137783770457773347e+00 0.000000000000000000e+00 1.000000000000000000e+00 0.000000000000000000e+00 4.377000000000000000e+03 3.660000000000000142e+00 2.800000000000000266e-01 1.540000000000000000e+02
1.000000000000000000e+01 1.163976020112123866e+00 0.000000000000000000e+00 1.000000000000000000e+00 0.000000000000000000e+00 4.456000000000000000e+03 3.669999999999999929e+00 3.499999999999999778e-01 1.540000000000000000e+02
1.100000000000000000e+01 1.107874750675924780e+00 0.000000000000000000e+00 1.000000000000000000e+00 0.000000000000000000e+00 4.377000000000000000e+03 3.660000000000000142e+00 2.800000000000000266e-01 1.540000000000000000e+02
1.200000000000000000e+01 6.546127113209552206e-01 0.000000000000000000e+00 1.000000000000000000e+00 0.000000000000000000e+00 3.955000000000000000e+03 3.620000000000000107e+00 -7.000000000000000666e-02 1.420000000000000000e+02
1.300000000000000000e+01 1.958516416570203589e+00 0.000000000000000000e+00 1.000000000000000000e+00 0.000000000000000000e+00 5.071074606405171835e+03 3.701999999999999957e+00 6.295061828571975937e+00 1.420000000000000000e+02
1.400000000000000000e+01 8.386017491694836012e-01 0.000000000000000000e+00 1.000000000000000000e+00 0.000000000000000000e+00 4.078000000000000000e+03 3.629999999999999893e+00 4.000000000000000083e-02 1.420000000000000000e+02
1.500000000000000000e+01 2.511442911174407433e-01 0.000000000000000000e+00 1.000000000000000000e+00 0.000000000000000000e+00 3.226000000000000000e+03 3.379999999999999893e+00 -6.600000000000000311e-01 1.420000000000000000e+02
1.600000000000000000e+01 3.255960270065946238e-01 0.000000000000000000e+00 1.000000000000000000e+00 0.000000000000000000e+00 3.226000000000000000e+03 3.379999999999999893e+00 -6.600000000000000311e-01 1.570000000000000000e+02
1.700000000000000000e+01 4.632666681920385443e-01 0.000000000000000000e+00 1.000000000000000000e+00 0.000000000000000000e+00 3.634000000000000000e+03 3.540000000000000036e+00 -3.200000000000000067e-01 1.570000000000000000e+02
1.800000000000000000e+01 1.087636058094546831e-01 0.000000000000000000e+00 1.000000000000000000e+00 0.000000000000000000e+00 2.908000000000000000e+03 3.419999999999999929e+00 -1.229999999999999982e+00 1.570000000000000000e+02
1.900000000000000000e+01 2.168682141446118261e-01 0.000000000000000000e+00 1.000000000000000000e+00 0.000000000000000000e+00 2.936000000000000000e+03 3.430000000000000160e+00 -1.169999999999999929e+00 1.570000000000000000e+02
