# # Chi square, temp, lg
1.214451157786087920e+00 3.500000000000000000e+03 3.500000000000000000e+00
1.061683832806797234e+00 3.600000000000000000e+03 3.500000000000000000e+00
9.021642659268748199e-01 3.700000000000000000e+03 3.500000000000000000e+00
6.968609763531666834e-01 3.800000000000000000e+03 3.500000000000000000e+00
4.853789212482805260e-01 3.900000000000000000e+03 3.500000000000000000e+00
2.742131092874496301e-01 4.000000000000000000e+03 3.500000000000000000e+00
1.936842069350505624e-01 4.100000000000000000e+03 3.500000000000000000e+00
3.719290027640680951e-01 4.200000000000000000e+03 3.500000000000000000e+00
6.825083075231100915e-01 4.300000000000000000e+03 3.500000000000000000e+00
1.033577417876406557e+00 4.400000000000000000e+03 3.500000000000000000e+00
1.413244535194245532e+00 4.500000000000000000e+03 3.500000000000000000e+00
1.845418808777792297e+00 4.600000000000000000e+03 3.500000000000000000e+00
2.275094969039488380e+00 4.700000000000000000e+03 3.500000000000000000e+00
2.757723952612762375e+00 4.800000000000000000e+03 3.500000000000000000e+00
3.249377958996406246e+00 4.900000000000000000e+03 3.500000000000000000e+00
3.802292648689012733e+00 5.000000000000000000e+03 3.500000000000000000e+00
4.404071092091998096e+00 5.100000000000000000e+03 3.500000000000000000e+00
5.055578926027608944e+00 5.200000000000000000e+03 3.500000000000000000e+00
5.726159537951255096e+00 5.300000000000000000e+03 3.500000000000000000e+00
6.435165333138812116e+00 5.400000000000000000e+03 3.500000000000000000e+00
1.178832971071156033e+00 3.500000000000000000e+03 4.000000000000000000e+00
1.033317192127862993e+00 3.600000000000000000e+03 4.000000000000000000e+00
8.667991009122114621e-01 3.700000000000000000e+03 4.000000000000000000e+00
6.805271701723456523e-01 3.800000000000000000e+03 4.000000000000000000e+00
4.764514148257290582e-01 3.900000000000000000e+03 4.000000000000000000e+00
2.574252023395063316e-01 4.000000000000000000e+03 4.000000000000000000e+00
2.047308480809912623e-01 4.100000000000000000e+03 4.000000000000000000e+00
4.187751936095880922e-01 4.200000000000000000e+03 4.000000000000000000e+00
7.105637882309483455e-01 4.300000000000000000e+03 4.000000000000000000e+00
1.044349298218983479e+00 4.400000000000000000e+03 4.000000000000000000e+00
1.421507324767258051e+00 4.500000000000000000e+03 4.000000000000000000e+00
1.854381204169341935e+00 4.600000000000000000e+03 4.000000000000000000e+00
2.303956456339784076e+00 4.700000000000000000e+03 4.000000000000000000e+00
2.787240526408499619e+00 4.800000000000000000e+03 4.000000000000000000e+00
3.299441284061523927e+00 4.900000000000000000e+03 4.000000000000000000e+00
3.902201658763834402e+00 5.000000000000000000e+03 4.000000000000000000e+00
4.489913395068955815e+00 5.100000000000000000e+03 4.000000000000000000e+00
5.105073824483286948e+00 5.200000000000000000e+03 4.000000000000000000e+00
5.825262536868043739e+00 5.300000000000000000e+03 4.000000000000000000e+00
6.544591867466130530e+00 5.400000000000000000e+03 4.000000000000000000e+00
1.167844929982365665e+00 3.500000000000000000e+03 4.500000000000000000e+00
1.021875966636125455e+00 3.600000000000000000e+03 4.500000000000000000e+00
8.601521952922097647e-01 3.700000000000000000e+03 4.500000000000000000e+00
6.828683199263420045e-01 3.800000000000000000e+03 4.500000000000000000e+00
4.838632115488243901e-01 3.900000000000000000e+03 4.500000000000000000e+00
2.929593688168752319e-01 4.000000000000000000e+03 4.500000000000000000e+00
1.936370442090347144e-01 4.100000000000000000e+03 4.500000000000000000e+00
3.547897623095881969e-01 4.200000000000000000e+03 4.500000000000000000e+00
6.966394034397109802e-01 4.300000000000000000e+03 4.500000000000000000e+00
1.047029291610201307e+00 4.400000000000000000e+03 4.500000000000000000e+00
1.428234160693104160e+00 4.500000000000000000e+03 4.500000000000000000e+00
1.860717164067286600e+00 4.600000000000000000e+03 4.500000000000000000e+00
2.299609772636685534e+00 4.700000000000000000e+03 4.500000000000000000e+00
2.814926221461309108e+00 4.800000000000000000e+03 4.500000000000000000e+00
3.323272423777255291e+00 4.900000000000000000e+03 4.500000000000000000e+00
3.886947376812927235e+00 5.000000000000000000e+03 4.500000000000000000e+00
4.477359113861078654e+00 5.100000000000000000e+03 4.500000000000000000e+00
5.112883356879022401e+00 5.200000000000000000e+03 4.500000000000000000e+00
5.788359857756026905e+00 5.300000000000000000e+03 4.500000000000000000e+00
6.456313255256031169e+00 5.400000000000000000e+03 4.500000000000000000e+00
