# # Chi square, temp, lg
7.992751939239898616e-08 2.400000000000000000e+03 3.500000000000000000e+00
6.690316098242163308e-08 2.500000000000000000e+03 3.500000000000000000e+00
5.866094087798568087e-08 2.600000000000000000e+03 3.500000000000000000e+00
5.417536679905204259e-08 2.700000000000000000e+03 3.500000000000000000e+00
5.360200573814564171e-08 2.800000000000000000e+03 3.500000000000000000e+00
5.396810545063922395e-08 2.900000000000000000e+03 3.500000000000000000e+00
5.447164537071954252e-08 3.000000000000000000e+03 3.500000000000000000e+00
5.267590531055312319e-08 3.100000000000000000e+03 3.500000000000000000e+00
4.980857476576960823e-08 3.200000000000000000e+03 3.500000000000000000e+00
4.686643675270822275e-08 3.300000000000000000e+03 3.500000000000000000e+00
8.656104683401255344e-08 2.400000000000000000e+03 4.000000000000000000e+00
7.133982035744741183e-08 2.500000000000000000e+03 4.000000000000000000e+00
6.105904598377905349e-08 2.600000000000000000e+03 4.000000000000000000e+00
5.543764569177576443e-08 2.700000000000000000e+03 4.000000000000000000e+00
5.393689455345341997e-08 2.800000000000000000e+03 4.000000000000000000e+00
5.387981101740879621e-08 2.900000000000000000e+03 4.000000000000000000e+00
5.384747887689395481e-08 3.000000000000000000e+03 4.000000000000000000e+00
5.104658528799705568e-08 3.100000000000000000e+03 4.000000000000000000e+00
4.806087216653291264e-08 3.200000000000000000e+03 4.000000000000000000e+00
4.511419060600058064e-08 3.300000000000000000e+03 4.000000000000000000e+00
9.818094791951395738e-08 2.400000000000000000e+03 4.500000000000000000e+00
8.179497910393900480e-08 2.500000000000000000e+03 4.500000000000000000e+00
6.865471892028378523e-08 2.600000000000000000e+03 4.500000000000000000e+00
5.989579393771624097e-08 2.700000000000000000e+03 4.500000000000000000e+00
5.564007175706368847e-08 2.800000000000000000e+03 4.500000000000000000e+00
5.411363188229571851e-08 2.900000000000000000e+03 4.500000000000000000e+00
5.267275902524925526e-08 3.000000000000000000e+03 4.500000000000000000e+00
4.961221924867481933e-08 3.100000000000000000e+03 4.500000000000000000e+00
4.666466135060740704e-08 3.200000000000000000e+03 4.500000000000000000e+00
4.405228952717848906e-08 3.300000000000000000e+03 4.500000000000000000e+00
