# # Chi square, temp, lg
4.010492038949077243e-01 3.000000000000000000e+03 3.500000000000000000e+00
3.218351330265236676e-01 3.100000000000000000e+03 3.500000000000000000e+00
2.429115950840053106e-01 3.200000000000000000e+03 3.500000000000000000e+00
1.947482838205665534e-01 3.300000000000000000e+03 3.500000000000000000e+00
2.191872814153465188e-01 3.400000000000000000e+03 3.500000000000000000e+00
3.142441955538238796e-01 3.500000000000000000e+03 3.500000000000000000e+00
4.561822315210092293e-01 3.600000000000000000e+03 3.500000000000000000e+00
6.154589678447692780e-01 3.700000000000000000e+03 3.500000000000000000e+00
8.239253160446639024e-01 3.800000000000000000e+03 3.500000000000000000e+00
1.035470973545513429e+00 3.900000000000000000e+03 3.500000000000000000e+00
1.284199489921428627e+00 4.000000000000000000e+03 3.500000000000000000e+00
1.556769344757189533e+00 4.100000000000000000e+03 3.500000000000000000e+00
1.815612051443705965e+00 4.200000000000000000e+03 3.500000000000000000e+00
2.148464889895329133e+00 4.300000000000000000e+03 3.500000000000000000e+00
2.499740391372590853e+00 4.400000000000000000e+03 3.500000000000000000e+00
2.864727479262061838e+00 4.500000000000000000e+03 3.500000000000000000e+00
3.298419498750021717e+00 4.600000000000000000e+03 3.500000000000000000e+00
3.737214468300255277e+00 4.700000000000000000e+03 3.500000000000000000e+00
4.231286719487434844e+00 4.800000000000000000e+03 3.500000000000000000e+00
4.703041623098142665e+00 4.900000000000000000e+03 3.500000000000000000e+00
3.985256088985353329e-01 3.000000000000000000e+03 4.000000000000000000e+00
3.237512594629241569e-01 3.100000000000000000e+03 4.000000000000000000e+00
2.537816397703686055e-01 3.200000000000000000e+03 4.000000000000000000e+00
2.184498817397142190e-01 3.300000000000000000e+03 4.000000000000000000e+00
2.523840432430867198e-01 3.400000000000000000e+03 4.000000000000000000e+00
3.527909548749431079e-01 3.500000000000000000e+03 4.000000000000000000e+00
4.828046421008628797e-01 3.600000000000000000e+03 4.000000000000000000e+00
6.477134037859936244e-01 3.700000000000000000e+03 4.000000000000000000e+00
8.378405843576564038e-01 3.800000000000000000e+03 4.000000000000000000e+00
1.045961881180613728e+00 3.900000000000000000e+03 4.000000000000000000e+00
1.296724108564782263e+00 4.000000000000000000e+03 4.000000000000000000e+00
1.582518645425508241e+00 4.100000000000000000e+03 4.000000000000000000e+00
1.861105705108465846e+00 4.200000000000000000e+03 4.000000000000000000e+00
2.171792749495956354e+00 4.300000000000000000e+03 4.000000000000000000e+00
2.503649008592662373e+00 4.400000000000000000e+03 4.000000000000000000e+00
2.897899433385511703e+00 4.500000000000000000e+03 4.000000000000000000e+00
3.307316551688728623e+00 4.600000000000000000e+03 4.000000000000000000e+00
3.769002959233619610e+00 4.700000000000000000e+03 4.000000000000000000e+00
4.249379464626143132e+00 4.800000000000000000e+03 4.000000000000000000e+00
4.781117974084835076e+00 4.900000000000000000e+03 4.000000000000000000e+00
4.007701908674412006e-01 3.000000000000000000e+03 4.500000000000000000e+00
3.244537988220719815e-01 3.100000000000000000e+03 4.500000000000000000e+00
2.615987192633196790e-01 3.200000000000000000e+03 4.500000000000000000e+00
2.389600398468955389e-01 3.300000000000000000e+03 4.500000000000000000e+00
2.787806885009734836e-01 3.400000000000000000e+03 4.500000000000000000e+00
3.726280778035981900e-01 3.500000000000000000e+03 4.500000000000000000e+00
5.024463114125090613e-01 3.600000000000000000e+03 4.500000000000000000e+00
6.603845844577621582e-01 3.700000000000000000e+03 4.500000000000000000e+00
8.388435178071496079e-01 3.800000000000000000e+03 4.500000000000000000e+00
1.039287100713637058e+00 3.900000000000000000e+03 4.500000000000000000e+00
1.259795244744598586e+00 4.000000000000000000e+03 4.500000000000000000e+00
1.525505098861203113e+00 4.100000000000000000e+03 4.500000000000000000e+00
1.786697179651452583e+00 4.200000000000000000e+03 4.500000000000000000e+00
2.154224196160966720e+00 4.300000000000000000e+03 4.500000000000000000e+00
2.508824463755942258e+00 4.400000000000000000e+03 4.500000000000000000e+00
2.894732454388685650e+00 4.500000000000000000e+03 4.500000000000000000e+00
3.323133527619518635e+00 4.600000000000000000e+03 4.500000000000000000e+00
3.766057474923678150e+00 4.700000000000000000e+03 4.500000000000000000e+00
4.279016054877851083e+00 4.800000000000000000e+03 4.500000000000000000e+00
4.778651264380830099e+00 4.900000000000000000e+03 4.500000000000000000e+00
