# # Chi square, temp, lg
3.831229384507698343e-01 3.000000000000000000e+03 3.500000000000000000e+00
3.036311026733507501e-01 3.100000000000000000e+03 3.500000000000000000e+00
2.298767927424167912e-01 3.200000000000000000e+03 3.500000000000000000e+00
1.842181062379907308e-01 3.300000000000000000e+03 3.500000000000000000e+00
2.231518464919587941e-01 3.400000000000000000e+03 3.500000000000000000e+00
3.211060038693290819e-01 3.500000000000000000e+03 3.500000000000000000e+00
4.651259150918490293e-01 3.600000000000000000e+03 3.500000000000000000e+00
6.277061769078619013e-01 3.700000000000000000e+03 3.500000000000000000e+00
8.319523171162492847e-01 3.800000000000000000e+03 3.500000000000000000e+00
1.046384424795256507e+00 3.900000000000000000e+03 3.500000000000000000e+00
1.288179389450686774e+00 4.000000000000000000e+03 3.500000000000000000e+00
1.555090988799358698e+00 4.100000000000000000e+03 3.500000000000000000e+00
1.812507449669610748e+00 4.200000000000000000e+03 3.500000000000000000e+00
2.138528827990267889e+00 4.300000000000000000e+03 3.500000000000000000e+00
2.496981053021638974e+00 4.400000000000000000e+03 3.500000000000000000e+00
2.850998358341082728e+00 4.500000000000000000e+03 3.500000000000000000e+00
3.265188693827297595e+00 4.600000000000000000e+03 3.500000000000000000e+00
3.680952282066937364e+00 4.700000000000000000e+03 3.500000000000000000e+00
4.161414079923975606e+00 4.800000000000000000e+03 3.500000000000000000e+00
4.684892277382457060e+00 4.900000000000000000e+03 3.500000000000000000e+00
3.808581385129429231e-01 3.000000000000000000e+03 4.000000000000000000e+00
3.076934118551614139e-01 3.100000000000000000e+03 4.000000000000000000e+00
2.407473705823391374e-01 3.200000000000000000e+03 4.000000000000000000e+00
2.126458463765675544e-01 3.300000000000000000e+03 4.000000000000000000e+00
2.525552744306510111e-01 3.400000000000000000e+03 4.000000000000000000e+00
3.583736938838838482e-01 3.500000000000000000e+03 4.000000000000000000e+00
4.918156231578230120e-01 3.600000000000000000e+03 4.000000000000000000e+00
6.520984723767532243e-01 3.700000000000000000e+03 4.000000000000000000e+00
8.429141222972247327e-01 3.800000000000000000e+03 4.000000000000000000e+00
1.051680640916472731e+00 3.900000000000000000e+03 4.000000000000000000e+00
1.297791184198232584e+00 4.000000000000000000e+03 4.000000000000000000e+00
1.584830251214528030e+00 4.100000000000000000e+03 4.000000000000000000e+00
1.858558891138286651e+00 4.200000000000000000e+03 4.000000000000000000e+00
2.161168859025810018e+00 4.300000000000000000e+03 4.000000000000000000e+00
2.496441352773275391e+00 4.400000000000000000e+03 4.000000000000000000e+00
2.874022217853215100e+00 4.500000000000000000e+03 4.000000000000000000e+00
3.285281385951750455e+00 4.600000000000000000e+03 4.000000000000000000e+00
3.727439577706394225e+00 4.700000000000000000e+03 4.000000000000000000e+00
4.212775802189935526e+00 4.800000000000000000e+03 4.000000000000000000e+00
4.708211399687406207e+00 4.900000000000000000e+03 4.000000000000000000e+00
3.831437309550465575e-01 3.000000000000000000e+03 4.500000000000000000e+00
3.079357730206514487e-01 3.100000000000000000e+03 4.500000000000000000e+00
2.488736159363805212e-01 3.200000000000000000e+03 4.500000000000000000e+00
2.321229202756602272e-01 3.300000000000000000e+03 4.500000000000000000e+00
2.795314201442336000e-01 3.400000000000000000e+03 4.500000000000000000e+00
3.775434697247020410e-01 3.500000000000000000e+03 4.500000000000000000e+00
5.108640329197515761e-01 3.600000000000000000e+03 4.500000000000000000e+00
6.673052529663394683e-01 3.700000000000000000e+03 4.500000000000000000e+00
8.429140910167326473e-01 3.800000000000000000e+03 4.500000000000000000e+00
1.048690731221243233e+00 3.900000000000000000e+03 4.500000000000000000e+00
1.267451626007650711e+00 4.000000000000000000e+03 4.500000000000000000e+00
1.524796032246340083e+00 4.100000000000000000e+03 4.500000000000000000e+00
1.781563194971331088e+00 4.200000000000000000e+03 4.500000000000000000e+00
2.145208300478485874e+00 4.300000000000000000e+03 4.500000000000000000e+00
2.491710906794623259e+00 4.400000000000000000e+03 4.500000000000000000e+00
2.873527751318737167e+00 4.500000000000000000e+03 4.500000000000000000e+00
3.306823391608419538e+00 4.600000000000000000e+03 4.500000000000000000e+00
3.742106359468386767e+00 4.700000000000000000e+03 4.500000000000000000e+00
4.240393385271401527e+00 4.800000000000000000e+03 4.500000000000000000e+00
4.737632277022344240e+00 4.900000000000000000e+03 4.500000000000000000e+00
