# # Chi square, temp, lg
1.202415621354609998e+00 2.000000000000000000e+03 3.500000000000000000e+00
1.180374820523853119e+00 2.100000000000000000e+03 3.500000000000000000e+00
1.145214939393789155e+00 2.200000000000000000e+03 3.500000000000000000e+00
1.102331825282399036e+00 2.300000000000000000e+03 3.500000000000000000e+00
1.064050001830719294e+00 2.400000000000000000e+03 3.500000000000000000e+00
1.018179824309488835e+00 2.500000000000000000e+03 3.500000000000000000e+00
9.692265955083497753e-01 2.600000000000000000e+03 3.500000000000000000e+00
9.077248991502172570e-01 2.700000000000000000e+03 3.500000000000000000e+00
8.423065497287053338e-01 2.800000000000000000e+03 3.500000000000000000e+00
7.599721974071333985e-01 2.900000000000000000e+03 3.500000000000000000e+00
6.715391819800244910e-01 3.000000000000000000e+03 3.500000000000000000e+00
5.829274879539387832e-01 3.100000000000000000e+03 3.500000000000000000e+00
4.882382227809576314e-01 3.200000000000000000e+03 3.500000000000000000e+00
3.871048439298592769e-01 3.300000000000000000e+03 3.500000000000000000e+00
2.930683105437116853e-01 3.400000000000000000e+03 3.500000000000000000e+00
2.449302093268157510e-01 3.500000000000000000e+03 3.500000000000000000e+00
2.906000367271211471e-01 3.600000000000000000e+03 3.500000000000000000e+00
4.099730854210684172e-01 3.700000000000000000e+03 3.500000000000000000e+00
6.016967307754157446e-01 3.800000000000000000e+03 3.500000000000000000e+00
8.052529348421865185e-01 3.900000000000000000e+03 3.500000000000000000e+00
1.192749180964979727e+00 2.000000000000000000e+03 4.000000000000000000e+00
1.179162187752516688e+00 2.100000000000000000e+03 4.000000000000000000e+00
1.143783176227126663e+00 2.200000000000000000e+03 4.000000000000000000e+00
1.100718981625451454e+00 2.300000000000000000e+03 4.000000000000000000e+00
1.056090721971110424e+00 2.400000000000000000e+03 4.000000000000000000e+00
1.008108216543754709e+00 2.500000000000000000e+03 4.000000000000000000e+00
9.536557134852032824e-01 2.600000000000000000e+03 4.000000000000000000e+00
8.962092090511262210e-01 2.700000000000000000e+03 4.000000000000000000e+00
8.257792600809369388e-01 2.800000000000000000e+03 4.000000000000000000e+00
7.473647866102419712e-01 2.900000000000000000e+03 4.000000000000000000e+00
6.675198050376656145e-01 3.000000000000000000e+03 4.000000000000000000e+00
5.820696521030269688e-01 3.100000000000000000e+03 4.000000000000000000e+00
4.873271952150974307e-01 3.200000000000000000e+03 4.000000000000000000e+00
3.964909273121606792e-01 3.300000000000000000e+03 4.000000000000000000e+00
3.249980150879628882e-01 3.400000000000000000e+03 4.000000000000000000e+00
2.903966994265255175e-01 3.500000000000000000e+03 4.000000000000000000e+00
3.372744178823889882e-01 3.600000000000000000e+03 4.000000000000000000e+00
4.539489479235468972e-01 3.700000000000000000e+03 4.000000000000000000e+00
6.206871873710777532e-01 3.800000000000000000e+03 4.000000000000000000e+00
8.166486967553950871e-01 3.900000000000000000e+03 4.000000000000000000e+00
1.211138201241200418e+00 2.000000000000000000e+03 4.500000000000000000e+00
1.174374845904365472e+00 2.100000000000000000e+03 4.500000000000000000e+00
1.140884078571284155e+00 2.200000000000000000e+03 4.500000000000000000e+00
1.091921579044370594e+00 2.300000000000000000e+03 4.500000000000000000e+00
1.047316381070149127e+00 2.400000000000000000e+03 4.500000000000000000e+00
1.001105441922242489e+00 2.500000000000000000e+03 4.500000000000000000e+00
9.497392458612455846e-01 2.600000000000000000e+03 4.500000000000000000e+00
8.893351002894146484e-01 2.700000000000000000e+03 4.500000000000000000e+00
8.232641736280951195e-01 2.800000000000000000e+03 4.500000000000000000e+00
7.501494917388983330e-01 2.900000000000000000e+03 4.500000000000000000e+00
6.692279284515748605e-01 3.000000000000000000e+03 4.500000000000000000e+00
5.792305089323228628e-01 3.100000000000000000e+03 4.500000000000000000e+00
4.884494298801735912e-01 3.200000000000000000e+03 4.500000000000000000e+00
4.065197093102549397e-01 3.300000000000000000e+03 4.500000000000000000e+00
3.425532545458746525e-01 3.400000000000000000e+03 4.500000000000000000e+00
3.205544447981613088e-01 3.500000000000000000e+03 4.500000000000000000e+00
3.729567415971068445e-01 3.600000000000000000e+03 4.500000000000000000e+00
4.866307132288438808e-01 3.700000000000000000e+03 4.500000000000000000e+00
6.362982558497958241e-01 3.800000000000000000e+03 4.500000000000000000e+00
8.252537295173242304e-01 3.900000000000000000e+03 4.500000000000000000e+00
