# # Chi square, temp, lg
2.304164464296918624e-01 3.500000000000000000e+03 3.500000000000000000e+00
3.008783288557595470e-01 3.600000000000000000e+03 3.500000000000000000e+00
4.328013833738447724e-01 3.700000000000000000e+03 3.500000000000000000e+00
6.293841048147261752e-01 3.800000000000000000e+03 3.500000000000000000e+00
8.349003445601774764e-01 3.900000000000000000e+03 3.500000000000000000e+00
1.076206475665810736e+00 4.000000000000000000e+03 3.500000000000000000e+00
1.340577550184678390e+00 4.100000000000000000e+03 3.500000000000000000e+00
1.599805041433885799e+00 4.200000000000000000e+03 3.500000000000000000e+00
1.923691438913837093e+00 4.300000000000000000e+03 3.500000000000000000e+00
2.270605800176554112e+00 4.400000000000000000e+03 3.500000000000000000e+00
2.641006261414261314e+00 4.500000000000000000e+03 3.500000000000000000e+00
3.068233355041987576e+00 4.600000000000000000e+03 3.500000000000000000e+00
3.502883284093349925e+00 4.700000000000000000e+03 3.500000000000000000e+00
3.995893736828291853e+00 4.800000000000000000e+03 3.500000000000000000e+00
4.488352100786540788e+00 4.900000000000000000e+03 3.500000000000000000e+00
5.044597598733190580e+00 5.000000000000000000e+03 3.500000000000000000e+00
5.619330618995435955e+00 5.100000000000000000e+03 3.500000000000000000e+00
6.274258978798714637e+00 5.200000000000000000e+03 3.500000000000000000e+00
6.955929320741223165e+00 5.300000000000000000e+03 3.500000000000000000e+00
7.680432167557016854e+00 5.400000000000000000e+03 3.500000000000000000e+00
2.791223751859910895e-01 3.500000000000000000e+03 4.000000000000000000e+00
3.458756009041398238e-01 3.600000000000000000e+03 4.000000000000000000e+00
4.748363683510810618e-01 3.700000000000000000e+03 4.000000000000000000e+00
6.473449139366531657e-01 3.800000000000000000e+03 4.000000000000000000e+00
8.462295971748833301e-01 3.900000000000000000e+03 4.000000000000000000e+00
1.090691705054728233e+00 4.000000000000000000e+03 4.000000000000000000e+00
1.366744365043089049e+00 4.100000000000000000e+03 4.000000000000000000e+00
1.638098834832628636e+00 4.200000000000000000e+03 4.000000000000000000e+00
1.945888350508938158e+00 4.300000000000000000e+03 4.000000000000000000e+00
2.264578172389219990e+00 4.400000000000000000e+03 4.000000000000000000e+00
2.666254225624858254e+00 4.500000000000000000e+03 4.000000000000000000e+00
3.070457650235750346e+00 4.600000000000000000e+03 4.000000000000000000e+00
3.521923288975544075e+00 4.700000000000000000e+03 4.000000000000000000e+00
4.012733160038670199e+00 4.800000000000000000e+03 4.000000000000000000e+00
4.533318691009736945e+00 4.900000000000000000e+03 4.000000000000000000e+00
5.107839984693963054e+00 5.000000000000000000e+03 4.000000000000000000e+00
5.716585768069744056e+00 5.100000000000000000e+03 4.000000000000000000e+00
6.347898484216075055e+00 5.200000000000000000e+03 4.000000000000000000e+00
7.019150998606268566e+00 5.300000000000000000e+03 4.000000000000000000e+00
7.735400881129068651e+00 5.400000000000000000e+03 4.000000000000000000e+00
3.095219197757103080e-01 3.500000000000000000e+03 4.500000000000000000e+00
3.795264102253578797e-01 3.600000000000000000e+03 4.500000000000000000e+00
5.047193019610951570e-01 3.700000000000000000e+03 4.500000000000000000e+00
6.603543266997602412e-01 3.800000000000000000e+03 4.500000000000000000e+00
8.528731756288759902e-01 3.900000000000000000e+03 4.500000000000000000e+00
1.062461081289291620e+00 4.000000000000000000e+03 4.500000000000000000e+00
1.316684440901332964e+00 4.100000000000000000e+03 4.500000000000000000e+00
1.570864532790283707e+00 4.200000000000000000e+03 4.500000000000000000e+00
1.929433395510654181e+00 4.300000000000000000e+03 4.500000000000000000e+00
2.272387741798240324e+00 4.400000000000000000e+03 4.500000000000000000e+00
2.649761815171344459e+00 4.500000000000000000e+03 4.500000000000000000e+00
3.085587166965970241e+00 4.600000000000000000e+03 4.500000000000000000e+00
3.523250835951885929e+00 4.700000000000000000e+03 4.500000000000000000e+00
4.021583129157998648e+00 4.800000000000000000e+03 4.500000000000000000e+00
4.519518659866202270e+00 4.900000000000000000e+03 4.500000000000000000e+00
5.088210170619788641e+00 5.000000000000000000e+03 4.500000000000000000e+00
5.677397487248513563e+00 5.100000000000000000e+03 4.500000000000000000e+00
6.315565666848459436e+00 5.200000000000000000e+03 4.500000000000000000e+00
7.016933972801011166e+00 5.300000000000000000e+03 4.500000000000000000e+00
7.681750097618764705e+00 5.400000000000000000e+03 4.500000000000000000e+00
