# # Chi square, temp, lg
6.661057167038604732e+00 2.000000000000000000e+03 3.500000000000000000e+00
6.646632151136055988e+00 2.100000000000000000e+03 3.500000000000000000e+00
6.622284359947069099e+00 2.200000000000000000e+03 3.500000000000000000e+00
6.592319661215015891e+00 2.300000000000000000e+03 3.500000000000000000e+00
6.565117657139738050e+00 2.400000000000000000e+03 3.500000000000000000e+00
6.529996372884192546e+00 2.500000000000000000e+03 3.500000000000000000e+00
6.492753591060377971e+00 2.600000000000000000e+03 3.500000000000000000e+00
6.443586395812642920e+00 2.700000000000000000e+03 3.500000000000000000e+00
6.389216165864109342e+00 2.800000000000000000e+03 3.500000000000000000e+00
6.319934023183313876e+00 2.900000000000000000e+03 3.500000000000000000e+00
6.244762555729816533e+00 3.000000000000000000e+03 3.500000000000000000e+00
6.163826222680693689e+00 3.100000000000000000e+03 3.500000000000000000e+00
6.077124253191446890e+00 3.200000000000000000e+03 3.500000000000000000e+00
5.973202736952314851e+00 3.300000000000000000e+03 3.500000000000000000e+00
5.856121178678262318e+00 3.400000000000000000e+03 3.500000000000000000e+00
5.728580805455505853e+00 3.500000000000000000e+03 3.500000000000000000e+00
5.576240633426283289e+00 3.600000000000000000e+03 3.500000000000000000e+00
5.409735776878801694e+00 3.700000000000000000e+03 3.500000000000000000e+00
5.199444860608408270e+00 3.800000000000000000e+03 3.500000000000000000e+00
4.986685554036957235e+00 3.900000000000000000e+03 3.500000000000000000e+00
6.654534243201219113e+00 2.000000000000000000e+03 4.000000000000000000e+00
6.645612708676970293e+00 2.100000000000000000e+03 4.000000000000000000e+00
6.621735443932520226e+00 2.200000000000000000e+03 4.000000000000000000e+00
6.592258276230453795e+00 2.300000000000000000e+03 4.000000000000000000e+00
6.559764202918030307e+00 2.400000000000000000e+03 4.000000000000000000e+00
6.523771162071926533e+00 2.500000000000000000e+03 4.000000000000000000e+00
6.481631813555882360e+00 2.600000000000000000e+03 4.000000000000000000e+00
6.435114978582805456e+00 2.700000000000000000e+03 4.000000000000000000e+00
6.375745235194560045e+00 2.800000000000000000e+03 4.000000000000000000e+00
6.307743948197105155e+00 2.900000000000000000e+03 4.000000000000000000e+00
6.234210874895440568e+00 3.000000000000000000e+03 4.000000000000000000e+00
6.151610911206320864e+00 3.100000000000000000e+03 4.000000000000000000e+00
6.056146253052165029e+00 3.200000000000000000e+03 4.000000000000000000e+00
5.951329456271892582e+00 3.300000000000000000e+03 4.000000000000000000e+00
5.837747269530993321e+00 3.400000000000000000e+03 4.000000000000000000e+00
5.694807139872470891e+00 3.500000000000000000e+03 4.000000000000000000e+00
5.547434735545868634e+00 3.600000000000000000e+03 4.000000000000000000e+00
5.380593694068648070e+00 3.700000000000000000e+03 4.000000000000000000e+00
5.190309565307625661e+00 3.800000000000000000e+03 4.000000000000000000e+00
4.976015992129023680e+00 3.900000000000000000e+03 4.000000000000000000e+00
6.666725858015489337e+00 2.000000000000000000e+03 4.500000000000000000e+00
6.642211905231090618e+00 2.100000000000000000e+03 4.500000000000000000e+00
6.619637650353173974e+00 2.200000000000000000e+03 4.500000000000000000e+00
6.585763303658011658e+00 2.300000000000000000e+03 4.500000000000000000e+00
6.554153523692251682e+00 2.400000000000000000e+03 4.500000000000000000e+00
6.519867524895541777e+00 2.500000000000000000e+03 4.500000000000000000e+00
6.480280136456741502e+00 2.600000000000000000e+03 4.500000000000000000e+00
6.432092473994165616e+00 2.700000000000000000e+03 4.500000000000000000e+00
6.376807063354794636e+00 2.800000000000000000e+03 4.500000000000000000e+00
6.309607794614574772e+00 2.900000000000000000e+03 4.500000000000000000e+00
6.235068497991752778e+00 3.000000000000000000e+03 4.500000000000000000e+00
6.142584786907110406e+00 3.100000000000000000e+03 4.500000000000000000e+00
6.044441365020958301e+00 3.200000000000000000e+03 4.500000000000000000e+00
5.939073918179009759e+00 3.300000000000000000e+03 4.500000000000000000e+00
5.819047104532532266e+00 3.400000000000000000e+03 4.500000000000000000e+00
5.685081136337253760e+00 3.500000000000000000e+03 4.500000000000000000e+00
5.536751844935449363e+00 3.600000000000000000e+03 4.500000000000000000e+00
5.370747495019625894e+00 3.700000000000000000e+03 4.500000000000000000e+00
5.189881501618202719e+00 3.800000000000000000e+03 4.500000000000000000e+00
4.982514441358325996e+00 3.900000000000000000e+03 4.500000000000000000e+00
