# # Chi square, temp, lg
2.398717764691754017e-01 3.500000000000000000e+03 3.500000000000000000e+00
1.133256138235073512e-01 3.600000000000000000e+03 3.500000000000000000e+00
1.444294837689960032e-01 3.700000000000000000e+03 3.500000000000000000e+00
3.339479937445979929e-01 3.800000000000000000e+03 3.500000000000000000e+00
5.465144400576563699e-01 3.900000000000000000e+03 3.500000000000000000e+00
7.932279762225804554e-01 4.000000000000000000e+03 3.500000000000000000e+00
1.064210680656263230e+00 4.100000000000000000e+03 3.500000000000000000e+00
1.325840754830243773e+00 4.200000000000000000e+03 3.500000000000000000e+00
1.655713542191551424e+00 4.300000000000000000e+03 3.500000000000000000e+00
2.007568264952080295e+00 4.400000000000000000e+03 3.500000000000000000e+00
2.374359937217310534e+00 4.500000000000000000e+03 3.500000000000000000e+00
2.790666535673574700e+00 4.600000000000000000e+03 3.500000000000000000e+00
3.222953015185693104e+00 4.700000000000000000e+03 3.500000000000000000e+00
3.703270153690651156e+00 4.800000000000000000e+03 3.500000000000000000e+00
4.196652704462785266e+00 4.900000000000000000e+03 3.500000000000000000e+00
4.741861622901895501e+00 5.000000000000000000e+03 3.500000000000000000e+00
5.316232910513423171e+00 5.100000000000000000e+03 3.500000000000000000e+00
5.955299194261735707e+00 5.200000000000000000e+03 3.500000000000000000e+00
6.652782988474944759e+00 5.300000000000000000e+03 3.500000000000000000e+00
7.365289587961701301e+00 5.400000000000000000e+03 3.500000000000000000e+00
2.242548014390847722e-01 3.500000000000000000e+03 4.000000000000000000e+00
1.224985220216062709e-01 3.600000000000000000e+03 4.000000000000000000e+00
1.766983298063686536e-01 3.700000000000000000e+03 4.000000000000000000e+00
3.499206461855183803e-01 3.800000000000000000e+03 4.000000000000000000e+00
5.595763611013314653e-01 3.900000000000000000e+03 4.000000000000000000e+00
8.062157063163627457e-01 4.000000000000000000e+03 4.000000000000000000e+00
1.094059280291892700e+00 4.100000000000000000e+03 4.000000000000000000e+00
1.377552288453932183e+00 4.200000000000000000e+03 4.000000000000000000e+00
1.682212777188326402e+00 4.300000000000000000e+03 4.000000000000000000e+00
2.016527506742814335e+00 4.400000000000000000e+03 4.000000000000000000e+00
2.393421528570646828e+00 4.500000000000000000e+03 4.000000000000000000e+00
2.810346236215558235e+00 4.600000000000000000e+03 4.000000000000000000e+00
3.255971956459362993e+00 4.700000000000000000e+03 4.000000000000000000e+00
3.751292673404283740e+00 4.800000000000000000e+03 4.000000000000000000e+00
4.266000901139837431e+00 4.900000000000000000e+03 4.000000000000000000e+00
4.825033279276720322e+00 5.000000000000000000e+03 4.000000000000000000e+00
5.411336804099060593e+00 5.100000000000000000e+03 4.000000000000000000e+00
6.024876462595486259e+00 5.200000000000000000e+03 4.000000000000000000e+00
6.723116764908499299e+00 5.300000000000000000e+03 4.000000000000000000e+00
7.435673244356458156e+00 5.400000000000000000e+03 4.000000000000000000e+00
2.378724993321238712e-01 3.500000000000000000e+03 4.500000000000000000e+00
1.567329174804456826e-01 3.600000000000000000e+03 4.500000000000000000e+00
2.117944241921488890e-01 3.700000000000000000e+03 4.500000000000000000e+00
3.609584554994510475e-01 3.800000000000000000e+03 4.500000000000000000e+00
5.605807370764213093e-01 3.900000000000000000e+03 4.500000000000000000e+00
7.772860388055521375e-01 4.000000000000000000e+03 4.500000000000000000e+00
1.037454951327624775e+00 4.100000000000000000e+03 4.500000000000000000e+00
1.292724488446006292e+00 4.200000000000000000e+03 4.500000000000000000e+00
1.659867558497269302e+00 4.300000000000000000e+03 4.500000000000000000e+00
2.020806035742401807e+00 4.400000000000000000e+03 4.500000000000000000e+00
2.400047122403458300e+00 4.500000000000000000e+03 4.500000000000000000e+00
2.828345323816523038e+00 4.600000000000000000e+03 4.500000000000000000e+00
3.263438530392813508e+00 4.700000000000000000e+03 4.500000000000000000e+00
3.771773558010493410e+00 4.800000000000000000e+03 4.500000000000000000e+00
4.265897200337900763e+00 4.900000000000000000e+03 4.500000000000000000e+00
4.815165876776397624e+00 5.000000000000000000e+03 4.500000000000000000e+00
5.391795195551799758e+00 5.100000000000000000e+03 4.500000000000000000e+00
6.016948500060038896e+00 5.200000000000000000e+03 4.500000000000000000e+00
6.710881912078501266e+00 5.300000000000000000e+03 4.500000000000000000e+00
7.356857822994819607e+00 5.400000000000000000e+03 4.500000000000000000e+00
