# # Chi square, temp, lg
5.346931198868453805e+00 2.000000000000000000e+03 3.500000000000000000e+00
5.335307653027602903e+00 2.100000000000000000e+03 3.500000000000000000e+00
5.316335066741132209e+00 2.200000000000000000e+03 3.500000000000000000e+00
5.291655679189945616e+00 2.300000000000000000e+03 3.500000000000000000e+00
5.268814540186984807e+00 2.400000000000000000e+03 3.500000000000000000e+00
5.240184812695027894e+00 2.500000000000000000e+03 3.500000000000000000e+00
5.207795717516811251e+00 2.600000000000000000e+03 3.500000000000000000e+00
5.166308468775613782e+00 2.700000000000000000e+03 3.500000000000000000e+00
5.119734718232669124e+00 2.800000000000000000e+03 3.500000000000000000e+00
5.060494838261094586e+00 2.900000000000000000e+03 3.500000000000000000e+00
4.995348835986867186e+00 3.000000000000000000e+03 3.500000000000000000e+00
4.925670815346204989e+00 3.100000000000000000e+03 3.500000000000000000e+00
4.850232613173321106e+00 3.200000000000000000e+03 3.500000000000000000e+00
4.762640820099519168e+00 3.300000000000000000e+03 3.500000000000000000e+00
4.658278935366279683e+00 3.400000000000000000e+03 3.500000000000000000e+00
4.548062400490687551e+00 3.500000000000000000e+03 3.500000000000000000e+00
4.407662714970704165e+00 3.600000000000000000e+03 3.500000000000000000e+00
4.256724629247572445e+00 3.700000000000000000e+03 3.500000000000000000e+00
4.055098865389855867e+00 3.800000000000000000e+03 3.500000000000000000e+00
3.847439880978873017e+00 3.900000000000000000e+03 3.500000000000000000e+00
5.341977104814729316e+00 2.000000000000000000e+03 4.000000000000000000e+00
5.334608751319798614e+00 2.100000000000000000e+03 4.000000000000000000e+00
5.315667557132252696e+00 2.200000000000000000e+03 4.000000000000000000e+00
5.291042705427752679e+00 2.300000000000000000e+03 4.000000000000000000e+00
5.265156100259467564e+00 2.400000000000000000e+03 4.000000000000000000e+00
5.234468772694896188e+00 2.500000000000000000e+03 4.000000000000000000e+00
5.199684634751105428e+00 2.600000000000000000e+03 4.000000000000000000e+00
5.159231050547738562e+00 2.700000000000000000e+03 4.000000000000000000e+00
5.108488936747487053e+00 2.800000000000000000e+03 4.000000000000000000e+00
5.049213975553014322e+00 2.900000000000000000e+03 4.000000000000000000e+00
4.986691831797005925e+00 3.000000000000000000e+03 4.000000000000000000e+00
4.911827561398977693e+00 3.100000000000000000e+03 4.000000000000000000e+00
4.828051406364282094e+00 3.200000000000000000e+03 4.000000000000000000e+00
4.734707275706075968e+00 3.300000000000000000e+03 4.000000000000000000e+00
4.632400806380187142e+00 3.400000000000000000e+03 4.000000000000000000e+00
4.506522775302586936e+00 3.500000000000000000e+03 4.000000000000000000e+00
4.371160623491124220e+00 3.600000000000000000e+03 4.000000000000000000e+00
4.213106947944059044e+00 3.700000000000000000e+03 4.000000000000000000e+00
4.036153029190217012e+00 3.800000000000000000e+03 4.000000000000000000e+00
3.834563163433386102e+00 3.900000000000000000e+03 4.000000000000000000e+00
5.351647371394157027e+00 2.000000000000000000e+03 4.500000000000000000e+00
5.332050832655528261e+00 2.100000000000000000e+03 4.500000000000000000e+00
5.313707290891129809e+00 2.200000000000000000e+03 4.500000000000000000e+00
5.286954719361317778e+00 2.300000000000000000e+03 4.500000000000000000e+00
5.261279549840435443e+00 2.400000000000000000e+03 4.500000000000000000e+00
5.232236417857520472e+00 2.500000000000000000e+03 4.500000000000000000e+00
5.199156116794423355e+00 2.600000000000000000e+03 4.500000000000000000e+00
5.157819569801733728e+00 2.700000000000000000e+03 4.500000000000000000e+00
5.109791472981473071e+00 2.800000000000000000e+03 4.500000000000000000e+00
5.052312471473181965e+00 2.900000000000000000e+03 4.500000000000000000e+00
4.985868952288894818e+00 3.000000000000000000e+03 4.500000000000000000e+00
4.903281428367173511e+00 3.100000000000000000e+03 4.500000000000000000e+00
4.815257895502750074e+00 3.200000000000000000e+03 4.500000000000000000e+00
4.720382602540711403e+00 3.300000000000000000e+03 4.500000000000000000e+00
4.611236852650247187e+00 3.400000000000000000e+03 4.500000000000000000e+00
4.490090124003359939e+00 3.500000000000000000e+03 4.500000000000000000e+00
4.352596216602139911e+00 3.600000000000000000e+03 4.500000000000000000e+00
4.194919334253284227e+00 3.700000000000000000e+03 4.500000000000000000e+00
4.027292631264211664e+00 3.800000000000000000e+03 4.500000000000000000e+00
3.830752480922015035e+00 3.900000000000000000e+03 4.500000000000000000e+00
