# # Chi square, temp, lg
2.040549373007380041e+00 2.500000000000000000e+03 3.500000000000000000e+00
1.999445916590087302e+00 2.600000000000000000e+03 3.500000000000000000e+00
1.946323915035543362e+00 2.700000000000000000e+03 3.500000000000000000e+00
1.888950660475869681e+00 2.800000000000000000e+03 3.500000000000000000e+00
1.814506520693305980e+00 2.900000000000000000e+03 3.500000000000000000e+00
1.735991571082122320e+00 3.000000000000000000e+03 3.500000000000000000e+00
1.652035013945594599e+00 3.100000000000000000e+03 3.500000000000000000e+00
1.562409150495778665e+00 3.200000000000000000e+03 3.500000000000000000e+00
1.457690966551595135e+00 3.300000000000000000e+03 3.500000000000000000e+00
1.338058679738828083e+00 3.400000000000000000e+03 3.500000000000000000e+00
1.214451157786087920e+00 3.500000000000000000e+03 3.500000000000000000e+00
1.061683832806797234e+00 3.600000000000000000e+03 3.500000000000000000e+00
9.021642659268748199e-01 3.700000000000000000e+03 3.500000000000000000e+00
6.968609763531666834e-01 3.800000000000000000e+03 3.500000000000000000e+00
4.853789212482805260e-01 3.900000000000000000e+03 3.500000000000000000e+00
2.742131092874496301e-01 4.000000000000000000e+03 3.500000000000000000e+00
1.936842069350505624e-01 4.100000000000000000e+03 3.500000000000000000e+00
3.719290027640680951e-01 4.200000000000000000e+03 3.500000000000000000e+00
6.825083075231100915e-01 4.300000000000000000e+03 3.500000000000000000e+00
1.033577417876406557e+00 4.400000000000000000e+03 3.500000000000000000e+00
2.032518192857772910e+00 2.500000000000000000e+03 4.000000000000000000e+00
1.987577150114428592e+00 2.600000000000000000e+03 4.000000000000000000e+00
1.937147710355928032e+00 2.700000000000000000e+03 4.000000000000000000e+00
1.874127297325002717e+00 2.800000000000000000e+03 4.000000000000000000e+00
1.802072184806038369e+00 2.900000000000000000e+03 4.000000000000000000e+00
1.725644177932409651e+00 3.000000000000000000e+03 4.000000000000000000e+00
1.639359204978418472e+00 3.100000000000000000e+03 4.000000000000000000e+00
1.540477937027257438e+00 3.200000000000000000e+03 4.000000000000000000e+00
1.435227562215694697e+00 3.300000000000000000e+03 4.000000000000000000e+00
1.319422831267645924e+00 3.400000000000000000e+03 4.000000000000000000e+00
1.178832971071156033e+00 3.500000000000000000e+03 4.000000000000000000e+00
1.033317192127862993e+00 3.600000000000000000e+03 4.000000000000000000e+00
8.667991009122114621e-01 3.700000000000000000e+03 4.000000000000000000e+00
6.805271701723456523e-01 3.800000000000000000e+03 4.000000000000000000e+00
4.764514148257290582e-01 3.900000000000000000e+03 4.000000000000000000e+00
2.574252023395063316e-01 4.000000000000000000e+03 4.000000000000000000e+00
2.047308480809912623e-01 4.100000000000000000e+03 4.000000000000000000e+00
4.187751936095880922e-01 4.200000000000000000e+03 4.000000000000000000e+00
7.105637882309483455e-01 4.300000000000000000e+03 4.000000000000000000e+00
1.044349298218983479e+00 4.400000000000000000e+03 4.000000000000000000e+00
2.028797669531342773e+00 2.500000000000000000e+03 4.500000000000000000e+00
1.985423631824660751e+00 2.600000000000000000e+03 4.500000000000000000e+00
1.933436872107573867e+00 2.700000000000000000e+03 4.500000000000000000e+00
1.874258673424295196e+00 2.800000000000000000e+03 4.500000000000000000e+00
1.804628464014781164e+00 2.900000000000000000e+03 4.500000000000000000e+00
1.725759322511363436e+00 3.000000000000000000e+03 4.500000000000000000e+00
1.630499720088026239e+00 3.100000000000000000e+03 4.500000000000000000e+00
1.529774485148547969e+00 3.200000000000000000e+03 4.500000000000000000e+00
1.423115085728459128e+00 3.300000000000000000e+03 4.500000000000000000e+00
1.302156190642934419e+00 3.400000000000000000e+03 4.500000000000000000e+00
1.167844929982365665e+00 3.500000000000000000e+03 4.500000000000000000e+00
1.021875966636125455e+00 3.600000000000000000e+03 4.500000000000000000e+00
8.601521952922097647e-01 3.700000000000000000e+03 4.500000000000000000e+00
6.828683199263420045e-01 3.800000000000000000e+03 4.500000000000000000e+00
4.838632115488243901e-01 3.900000000000000000e+03 4.500000000000000000e+00
2.929593688168752319e-01 4.000000000000000000e+03 4.500000000000000000e+00
1.936370442090347144e-01 4.100000000000000000e+03 4.500000000000000000e+00
3.547897623095881969e-01 4.200000000000000000e+03 4.500000000000000000e+00
6.966394034397109802e-01 4.300000000000000000e+03 4.500000000000000000e+00
1.047029291610201307e+00 4.400000000000000000e+03 4.500000000000000000e+00
