# # Chi square, temp, lg
1.358745101609939651e-02 3.500000000000000000e+03 3.500000000000000000e+00
1.095135102383064558e-02 3.600000000000000000e+03 3.500000000000000000e+00
8.245008261504078659e-03 3.700000000000000000e+03 3.500000000000000000e+00
5.166525281115667140e-03 3.800000000000000000e+03 3.500000000000000000e+00
2.060157126662034988e-03 3.900000000000000000e+03 3.500000000000000000e+00
1.511557686814254302e-03 4.000000000000000000e+03 3.500000000000000000e+00
5.062494173912495364e-03 4.100000000000000000e+03 3.500000000000000000e+00
8.457807051924710537e-03 4.200000000000000000e+03 3.500000000000000000e+00
1.266653716738939776e-02 4.300000000000000000e+03 3.500000000000000000e+00
1.699567935772934232e-02 4.400000000000000000e+03 3.500000000000000000e+00
2.151933546861463029e-02 4.500000000000000000e+03 3.500000000000000000e+00
2.650819541287620720e-02 4.600000000000000000e+03 3.500000000000000000e+00
3.139151306517909412e-02 4.700000000000000000e+03 3.500000000000000000e+00
3.664050598428130606e-02 4.800000000000000000e+03 3.500000000000000000e+00
4.176849823477411794e-02 4.900000000000000000e+03 3.500000000000000000e+00
4.715922040768799617e-02 5.000000000000000000e+03 3.500000000000000000e+00
5.252703325591510236e-02 5.100000000000000000e+03 3.500000000000000000e+00
5.834152850782640953e-02 5.200000000000000000e+03 3.500000000000000000e+00
6.397117691271901607e-02 5.300000000000000000e+03 3.500000000000000000e+00
6.984405960739251129e-02 5.400000000000000000e+03 3.500000000000000000e+00
1.322015389793251144e-02 3.500000000000000000e+03 4.000000000000000000e+00
1.061587695831695335e-02 3.600000000000000000e+03 4.000000000000000000e+00
7.780705352613949931e-03 3.700000000000000000e+03 4.000000000000000000e+00
4.849420537008814272e-03 3.800000000000000000e+03 4.000000000000000000e+00
1.646821416117714423e-03 3.900000000000000000e+03 4.000000000000000000e+00
2.123870621470306998e-03 4.000000000000000000e+03 4.000000000000000000e+00
6.025278366773106041e-03 4.100000000000000000e+03 4.000000000000000000e+00
9.794238449076233047e-03 4.200000000000000000e+03 4.000000000000000000e+00
1.362416025670313939e-02 4.300000000000000000e+03 4.000000000000000000e+00
1.768647832590519026e-02 4.400000000000000000e+03 4.000000000000000000e+00
2.233025181597314210e-02 4.500000000000000000e+03 4.000000000000000000e+00
2.725821514446114327e-02 4.600000000000000000e+03 4.000000000000000000e+00
3.226411573101894970e-02 4.700000000000000000e+03 4.000000000000000000e+00
3.752481859013115373e-02 4.800000000000000000e+03 4.000000000000000000e+00
4.285771342337529183e-02 4.900000000000000000e+03 4.000000000000000000e+00
4.839660919996630062e-02 5.000000000000000000e+03 4.000000000000000000e+00
5.390738359480647113e-02 5.100000000000000000e+03 4.000000000000000000e+00
5.942187923878050615e-02 5.200000000000000000e+03 4.000000000000000000e+00
6.536533837300124994e-02 5.300000000000000000e+03 4.000000000000000000e+00
7.118247028845350877e-02 5.400000000000000000e+03 4.000000000000000000e+00
1.327471748061278579e-02 3.500000000000000000e+03 4.500000000000000000e+00
1.062489191839677966e-02 3.600000000000000000e+03 4.500000000000000000e+00
7.844029828102250593e-03 3.700000000000000000e+03 4.500000000000000000e+00
5.041888388133167545e-03 3.800000000000000000e+03 4.500000000000000000e+00
1.872699882208028656e-03 3.900000000000000000e+03 4.500000000000000000e+00
1.619704658929770578e-03 4.000000000000000000e+03 4.500000000000000000e+00
5.490030612677663721e-03 4.100000000000000000e+03 4.500000000000000000e+00
9.085757365931652896e-03 4.200000000000000000e+03 4.500000000000000000e+00
1.400254198660803168e-02 4.300000000000000000e+03 4.500000000000000000e+00
1.824985600185399792e-02 4.400000000000000000e+03 4.500000000000000000e+00
2.291808716673517446e-02 4.500000000000000000e+03 4.500000000000000000e+00
2.796795031777659854e-02 4.600000000000000000e+03 4.500000000000000000e+00
3.294364080550495760e-02 4.700000000000000000e+03 4.500000000000000000e+00
3.842817607305194783e-02 4.800000000000000000e+03 4.500000000000000000e+00
4.355622753328810409e-02 4.900000000000000000e+03 4.500000000000000000e+00
4.899099877272890258e-02 5.000000000000000000e+03 4.500000000000000000e+00
5.449659416292666758e-02 5.100000000000000000e+03 4.500000000000000000e+00
6.018426617804461393e-02 5.200000000000000000e+03 4.500000000000000000e+00
6.594881251507102304e-02 5.300000000000000000e+03 4.500000000000000000e+00
7.130375425041450554e-02 5.400000000000000000e+03 4.500000000000000000e+00
