# # Chi square, temp, lg
3.140039140877997192e-08 4.000000000000000000e+03 3.500000000000000000e+00
3.391645100991790771e-08 4.100000000000000000e+03 3.500000000000000000e+00
3.691003194796551659e-08 4.200000000000000000e+03 3.500000000000000000e+00
4.238685248331818434e-08 4.300000000000000000e+03 3.500000000000000000e+00
4.875896073154306932e-08 4.400000000000000000e+03 3.500000000000000000e+00
5.506420936721635725e-08 4.500000000000000000e+03 3.500000000000000000e+00
6.227816341000413345e-08 4.600000000000000000e+03 3.500000000000000000e+00
6.856223223579399770e-08 4.700000000000000000e+03 3.500000000000000000e+00
7.483110584520248316e-08 4.800000000000000000e+03 3.500000000000000000e+00
8.005864249587485949e-08 4.900000000000000000e+03 3.500000000000000000e+00
3.210504534784047198e-08 4.000000000000000000e+03 4.000000000000000000e+00
3.536775664285978239e-08 4.100000000000000000e+03 4.000000000000000000e+00
3.857590051732399149e-08 4.200000000000000000e+03 4.000000000000000000e+00
4.276503073203631567e-08 4.300000000000000000e+03 4.000000000000000000e+00
4.782583051805149118e-08 4.400000000000000000e+03 4.000000000000000000e+00
5.445483049674967730e-08 4.500000000000000000e+03 4.000000000000000000e+00
6.139525783715534604e-08 4.600000000000000000e+03 4.000000000000000000e+00
6.776318188717899112e-08 4.700000000000000000e+03 4.000000000000000000e+00
7.405507828632833290e-08 4.800000000000000000e+03 4.000000000000000000e+00
7.993375485579480226e-08 4.900000000000000000e+03 4.000000000000000000e+00
3.686583256604034176e-08 4.000000000000000000e+03 4.500000000000000000e+00
3.904393514798609687e-08 4.100000000000000000e+03 4.500000000000000000e+00
4.170274493375457994e-08 4.200000000000000000e+03 4.500000000000000000e+00
4.575974472818993525e-08 4.300000000000000000e+03 4.500000000000000000e+00
4.834349563114614659e-08 4.400000000000000000e+03 4.500000000000000000e+00
5.520114935944401327e-08 4.500000000000000000e+03 4.500000000000000000e+00
6.187070368735028932e-08 4.600000000000000000e+03 4.500000000000000000e+00
6.790700680143115088e-08 4.700000000000000000e+03 4.500000000000000000e+00
7.478043677485662655e-08 4.800000000000000000e+03 4.500000000000000000e+00
7.996394338385573637e-08 4.900000000000000000e+03 4.500000000000000000e+00
