# # Chi square, temp, lg
1.325862606229855772e-02 1.900000000000000000e+03 3.500000000000000000e+00
1.232689255100446329e-02 2.000000000000000000e+03 3.500000000000000000e+00
1.155607446579316917e-02 2.100000000000000000e+03 3.500000000000000000e+00
1.027804643796625082e-02 2.200000000000000000e+03 3.500000000000000000e+00
8.718915165596469521e-03 2.300000000000000000e+03 3.500000000000000000e+00
7.540195891376270942e-03 2.400000000000000000e+03 3.500000000000000000e+00
6.213548994985429279e-03 2.500000000000000000e+03 3.500000000000000000e+00
4.834070826315387849e-03 2.600000000000000000e+03 3.500000000000000000e+00
3.161946212322146524e-03 2.700000000000000000e+03 3.500000000000000000e+00
1.424487972988714227e-03 2.800000000000000000e+03 3.500000000000000000e+00
7.644716940458582939e-04 2.900000000000000000e+03 3.500000000000000000e+00
2.958070859931744012e-03 3.000000000000000000e+03 3.500000000000000000e+00
5.015070726419617111e-03 3.100000000000000000e+03 3.500000000000000000e+00
7.247651246372035540e-03 3.200000000000000000e+03 3.500000000000000000e+00
9.686660287425598662e-03 3.300000000000000000e+03 3.500000000000000000e+00
1.215361207811180982e-02 3.400000000000000000e+03 3.500000000000000000e+00
1.465978332208136073e-02 3.500000000000000000e+03 3.500000000000000000e+00
1.730241994951259299e-02 3.600000000000000000e+03 3.500000000000000000e+00
2.001608434043627288e-02 3.700000000000000000e+03 3.500000000000000000e+00
2.310565907275330400e-02 3.800000000000000000e+03 3.500000000000000000e+00
1.244176459763524957e-02 1.900000000000000000e+03 4.000000000000000000e+00
1.203583631719383311e-02 2.000000000000000000e+03 4.000000000000000000e+00
1.157985289946308373e-02 2.100000000000000000e+03 4.000000000000000000e+00
1.031492799080871436e-02 2.200000000000000000e+03 4.000000000000000000e+00
8.734224781575185281e-03 2.300000000000000000e+03 4.000000000000000000e+00
7.277822332970022845e-03 2.400000000000000000e+03 4.000000000000000000e+00
5.922582133305300846e-03 2.500000000000000000e+03 4.000000000000000000e+00
4.372926147368138595e-03 2.600000000000000000e+03 4.000000000000000000e+00
2.880027998108146761e-03 2.700000000000000000e+03 4.000000000000000000e+00
1.033049652375140747e-03 2.800000000000000000e+03 4.000000000000000000e+00
9.946907419786580988e-04 2.900000000000000000e+03 4.000000000000000000e+00
3.007201178141687744e-03 3.000000000000000000e+03 4.000000000000000000e+00
5.068242424197446847e-03 3.100000000000000000e+03 4.000000000000000000e+00
7.432302290042901161e-03 3.200000000000000000e+03 4.000000000000000000e+00
9.868409117509293824e-03 3.300000000000000000e+03 4.000000000000000000e+00
1.222135399580022604e-02 3.400000000000000000e+03 4.000000000000000000e+00
1.502584433857014762e-02 3.500000000000000000e+03 4.000000000000000000e+00
1.763691112366616229e-02 3.600000000000000000e+03 4.000000000000000000e+00
2.048074694163060788e-02 3.700000000000000000e+03 4.000000000000000000e+00
2.342494609903037275e-02 3.800000000000000000e+03 4.000000000000000000e+00
1.210598580002644233e-02 1.900000000000000000e+03 4.500000000000000000e+00
1.281818342112610830e-02 2.000000000000000000e+03 4.500000000000000000e+00
1.148598345948046058e-02 2.100000000000000000e+03 4.500000000000000000e+00
1.031520930427401971e-02 2.200000000000000000e+03 4.500000000000000000e+00
8.577996290015947947e-03 2.300000000000000000e+03 4.500000000000000000e+00
7.103216639270232106e-03 2.400000000000000000e+03 4.500000000000000000e+00
5.738228979117612240e-03 2.500000000000000000e+03 4.500000000000000000e+00
4.295930012554982115e-03 2.600000000000000000e+03 4.500000000000000000e+00
2.739980037169236372e-03 2.700000000000000000e+03 4.500000000000000000e+00
1.055457266195999801e-03 2.800000000000000000e+03 4.500000000000000000e+00
8.603706449625887114e-04 2.900000000000000000e+03 4.500000000000000000e+00
2.866171087677943288e-03 3.000000000000000000e+03 4.500000000000000000e+00
5.071592849906301353e-03 3.100000000000000000e+03 4.500000000000000000e+00
7.459589543904133514e-03 3.200000000000000000e+03 4.500000000000000000e+00
9.844929363100348926e-03 3.300000000000000000e+03 4.500000000000000000e+00
1.232393765568627793e-02 3.400000000000000000e+03 4.500000000000000000e+00
1.497123145285040278e-02 3.500000000000000000e+03 4.500000000000000000e+00
1.762903913423701993e-02 3.600000000000000000e+03 4.500000000000000000e+00
2.041971247619971119e-02 3.700000000000000000e+03 4.500000000000000000e+00
2.323721526355135292e-02 3.800000000000000000e+03 4.500000000000000000e+00
