# # Chi square, temp, lg
1.182641167043608360e-01 3.500000000000000000e+03 3.500000000000000000e+00
2.708757424557925453e-01 3.600000000000000000e+03 3.500000000000000000e+00
4.359105881110214575e-01 3.700000000000000000e+03 3.500000000000000000e+00
6.421913927757575413e-01 3.800000000000000000e+03 3.500000000000000000e+00
8.544034655935700551e-01 3.900000000000000000e+03 3.500000000000000000e+00
1.105960416738699159e+00 4.000000000000000000e+03 3.500000000000000000e+00
1.370736962416700955e+00 4.100000000000000000e+03 3.500000000000000000e+00
1.633029913867029226e+00 4.200000000000000000e+03 3.500000000000000000e+00
1.960812441276731599e+00 4.300000000000000000e+03 3.500000000000000000e+00
2.312533116788910714e+00 4.400000000000000000e+03 3.500000000000000000e+00
2.681867459012162502e+00 4.500000000000000000e+03 3.500000000000000000e+00
3.095211370283403873e+00 4.600000000000000000e+03 3.500000000000000000e+00
3.531733742884846983e+00 4.700000000000000000e+03 3.500000000000000000e+00
4.018374628637048751e+00 4.800000000000000000e+03 3.500000000000000000e+00
4.508757651878861239e+00 4.900000000000000000e+03 3.500000000000000000e+00
5.052238886720210154e+00 5.000000000000000000e+03 3.500000000000000000e+00
5.637245608324829682e+00 5.100000000000000000e+03 3.500000000000000000e+00
6.280046079093623668e+00 5.200000000000000000e+03 3.500000000000000000e+00
6.923913022092998304e+00 5.300000000000000000e+03 3.500000000000000000e+00
7.638533033618524648e+00 5.400000000000000000e+03 3.500000000000000000e+00
1.504021986867593585e-01 3.500000000000000000e+03 4.000000000000000000e+00
2.896836971822405182e-01 3.600000000000000000e+03 4.000000000000000000e+00
4.592566288401511709e-01 3.700000000000000000e+03 4.000000000000000000e+00
6.506240918222339076e-01 3.800000000000000000e+03 4.000000000000000000e+00
8.650765552318652185e-01 3.900000000000000000e+03 4.000000000000000000e+00
1.115215778318515927e+00 4.000000000000000000e+03 4.000000000000000000e+00
1.406548212837245737e+00 4.100000000000000000e+03 4.000000000000000000e+00
1.684764305532683970e+00 4.200000000000000000e+03 4.000000000000000000e+00
1.990023231331901288e+00 4.300000000000000000e+03 4.000000000000000000e+00
2.322557272207352419e+00 4.400000000000000000e+03 4.000000000000000000e+00
2.713858131574981680e+00 4.500000000000000000e+03 4.000000000000000000e+00
3.122446183898460959e+00 4.600000000000000000e+03 4.000000000000000000e+00
3.562659777026265129e+00 4.700000000000000000e+03 4.000000000000000000e+00
4.036507159153932989e+00 4.800000000000000000e+03 4.000000000000000000e+00
4.562547269158915952e+00 4.900000000000000000e+03 4.000000000000000000e+00
5.125871709348198912e+00 5.000000000000000000e+03 4.000000000000000000e+00
5.713659295445017605e+00 5.100000000000000000e+03 4.000000000000000000e+00
6.326843158591545446e+00 5.200000000000000000e+03 4.000000000000000000e+00
7.056697221709630874e+00 5.300000000000000000e+03 4.000000000000000000e+00
7.763795680075963546e+00 5.400000000000000000e+03 4.000000000000000000e+00
1.725559980479450251e-01 3.500000000000000000e+03 4.500000000000000000e+00
3.084237375892837640e-01 3.600000000000000000e+03 4.500000000000000000e+00
4.699019563382829667e-01 3.700000000000000000e+03 4.500000000000000000e+00
6.501806903959143069e-01 3.800000000000000000e+03 4.500000000000000000e+00
8.589371536955304753e-01 3.900000000000000000e+03 4.500000000000000000e+00
1.077190405630530368e+00 4.000000000000000000e+03 4.500000000000000000e+00
1.347233858518558369e+00 4.100000000000000000e+03 4.500000000000000000e+00
1.608568727326876280e+00 4.200000000000000000e+03 4.500000000000000000e+00
1.973228599382812698e+00 4.300000000000000000e+03 4.500000000000000000e+00
2.322451942820467075e+00 4.400000000000000000e+03 4.500000000000000000e+00
2.705737041013258182e+00 4.500000000000000000e+03 4.500000000000000000e+00
3.138733888517764026e+00 4.600000000000000000e+03 4.500000000000000000e+00
3.579925577225784750e+00 4.700000000000000000e+03 4.500000000000000000e+00
4.068421537342827854e+00 4.800000000000000000e+03 4.500000000000000000e+00
4.567261949126720566e+00 4.900000000000000000e+03 4.500000000000000000e+00
5.131933260867125313e+00 5.000000000000000000e+03 4.500000000000000000e+00
5.702299421994329265e+00 5.100000000000000000e+03 4.500000000000000000e+00
6.317484910174552049e+00 5.200000000000000000e+03 4.500000000000000000e+00
6.999262205404089165e+00 5.300000000000000000e+03 4.500000000000000000e+00
7.620381689375513190e+00 5.400000000000000000e+03 4.500000000000000000e+00
