# # Chi square, temp, lg
3.708290932981457289e+00 3.000000000000000000e+03 3.500000000000000000e+00
3.633741184947169245e+00 3.100000000000000000e+03 3.500000000000000000e+00
3.554767428556835807e+00 3.200000000000000000e+03 3.500000000000000000e+00
3.461745766888257414e+00 3.300000000000000000e+03 3.500000000000000000e+00
3.353846297514027075e+00 3.400000000000000000e+03 3.500000000000000000e+00
3.236478014380277823e+00 3.500000000000000000e+03 3.500000000000000000e+00
3.092300748825730139e+00 3.600000000000000000e+03 3.500000000000000000e+00
2.937112914207293812e+00 3.700000000000000000e+03 3.500000000000000000e+00
2.728014683416993158e+00 3.800000000000000000e+03 3.500000000000000000e+00
2.516662228403549584e+00 3.900000000000000000e+03 3.500000000000000000e+00
2.269280579213589277e+00 4.000000000000000000e+03 3.500000000000000000e+00
2.000073786373219864e+00 4.100000000000000000e+03 3.500000000000000000e+00
1.740377389563548816e+00 4.200000000000000000e+03 3.500000000000000000e+00
1.413638875643681292e+00 4.300000000000000000e+03 3.500000000000000000e+00
1.075370656315731921e+00 4.400000000000000000e+03 3.500000000000000000e+00
7.486177929828903288e-01 4.500000000000000000e+03 3.500000000000000000e+00
4.668018439634145644e-01 4.600000000000000000e+03 3.500000000000000000e+00
4.951841457321092821e-01 4.700000000000000000e+03 3.500000000000000000e+00
8.610337555234452989e-01 4.800000000000000000e+03 3.500000000000000000e+00
1.365834863180594327e+00 4.900000000000000000e+03 3.500000000000000000e+00
3.698247197925151220e+00 3.000000000000000000e+03 4.000000000000000000e+00
3.620705821186315010e+00 3.100000000000000000e+03 4.000000000000000000e+00
3.531936954979192578e+00 3.200000000000000000e+03 4.000000000000000000e+00
3.436513103794792023e+00 3.300000000000000000e+03 4.000000000000000000e+00
3.327889501313439524e+00 3.400000000000000000e+03 4.000000000000000000e+00
3.197778057326006174e+00 3.500000000000000000e+03 4.000000000000000000e+00
3.057509761287573458e+00 3.600000000000000000e+03 4.000000000000000000e+00
2.897354388608545328e+00 3.700000000000000000e+03 4.000000000000000000e+00
2.710207942789321311e+00 3.800000000000000000e+03 4.000000000000000000e+00
2.506551355403443981e+00 3.900000000000000000e+03 4.000000000000000000e+00
2.257935162584371103e+00 4.000000000000000000e+03 4.000000000000000000e+00
1.976852815990572498e+00 4.100000000000000000e+03 4.000000000000000000e+00
1.700093755374237681e+00 4.200000000000000000e+03 4.000000000000000000e+00
1.397170903361427019e+00 4.300000000000000000e+03 4.000000000000000000e+00
1.081947486549104998e+00 4.400000000000000000e+03 4.000000000000000000e+00
7.446507191203376452e-01 4.500000000000000000e+03 4.000000000000000000e+00
4.779876600833053990e-01 4.600000000000000000e+03 4.000000000000000000e+00
5.389544011805107449e-01 4.700000000000000000e+03 4.000000000000000000e+00
9.137288991041188080e-01 4.800000000000000000e+03 4.000000000000000000e+00
1.408464606521596219e+00 4.900000000000000000e+03 4.000000000000000000e+00
3.698226052163746225e+00 3.000000000000000000e+03 4.500000000000000000e+00
3.611684056735921633e+00 3.100000000000000000e+03 4.500000000000000000e+00
3.519491301174238362e+00 3.200000000000000000e+03 4.500000000000000000e+00
3.420553256810262788e+00 3.300000000000000000e+03 4.500000000000000000e+00
3.306551970648322403e+00 3.400000000000000000e+03 4.500000000000000000e+00
3.180374245207450823e+00 3.500000000000000000e+03 4.500000000000000000e+00
3.037799775837248362e+00 3.600000000000000000e+03 4.500000000000000000e+00
2.879231201802968432e+00 3.700000000000000000e+03 4.500000000000000000e+00
2.701840157599854297e+00 3.800000000000000000e+03 4.500000000000000000e+00
2.502269378712530301e+00 3.900000000000000000e+03 4.500000000000000000e+00
2.284317974842274168e+00 4.000000000000000000e+03 4.500000000000000000e+00
2.032462935615729549e+00 4.100000000000000000e+03 4.500000000000000000e+00
1.777459754865257757e+00 4.200000000000000000e+03 4.500000000000000000e+00
1.422622800413296362e+00 4.300000000000000000e+03 4.500000000000000000e+00
1.094831922866679408e+00 4.400000000000000000e+03 4.500000000000000000e+00
7.569562938213401093e-01 4.500000000000000000e+03 4.500000000000000000e+00
4.809908690550707133e-01 4.600000000000000000e+03 4.500000000000000000e+00
5.548377410660376707e-01 4.700000000000000000e+03 4.500000000000000000e+00
9.482261058100367457e-01 4.800000000000000000e+03 4.500000000000000000e+00
1.425472236032433226e+00 4.900000000000000000e+03 4.500000000000000000e+00
