# # Chi square, temp, lg
1.264845029634796614e+00 2.000000000000000000e+03 3.500000000000000000e+00
1.242926591825954441e+00 2.100000000000000000e+03 3.500000000000000000e+00
1.207918116410537923e+00 2.200000000000000000e+03 3.500000000000000000e+00
1.165184643622051652e+00 2.300000000000000000e+03 3.500000000000000000e+00
1.127023341531041778e+00 2.400000000000000000e+03 3.500000000000000000e+00
1.081256834582364768e+00 2.500000000000000000e+03 3.500000000000000000e+00
1.032384241212071396e+00 2.600000000000000000e+03 3.500000000000000000e+00
9.709273048304200016e-01 2.700000000000000000e+03 3.500000000000000000e+00
9.055177577622131047e-01 2.800000000000000000e+03 3.500000000000000000e+00
8.231702321153312463e-01 2.900000000000000000e+03 3.500000000000000000e+00
7.345557151581512123e-01 3.000000000000000000e+03 3.500000000000000000e+00
6.455144385845894561e-01 3.100000000000000000e+03 3.500000000000000000e+00
5.500334336560057658e-01 3.200000000000000000e+03 3.500000000000000000e+00
4.464296091598796701e-01 3.300000000000000000e+03 3.500000000000000000e+00
3.452485888980454942e-01 3.400000000000000000e+03 3.500000000000000000e+00
2.766329469316899381e-01 3.500000000000000000e+03 3.500000000000000000e+00
2.869173742604952393e-01 3.600000000000000000e+03 3.500000000000000000e+00
3.828683439102435471e-01 3.700000000000000000e+03 3.500000000000000000e+00
5.643237969780702246e-01 3.800000000000000000e+03 3.500000000000000000e+00
7.634043167161456145e-01 3.900000000000000000e+03 3.500000000000000000e+00
1.255221513503168129e+00 2.000000000000000000e+03 4.000000000000000000e+00
1.241718725606303364e+00 2.100000000000000000e+03 4.000000000000000000e+00
1.206486848722636784e+00 2.200000000000000000e+03 4.000000000000000000e+00
1.163572145875233055e+00 2.300000000000000000e+03 4.000000000000000000e+00
1.119085758521882523e+00 2.400000000000000000e+03 4.000000000000000000e+00
1.071211057180351700e+00 2.500000000000000000e+03 4.000000000000000000e+00
1.016841317135016576e+00 2.600000000000000000e+03 4.000000000000000000e+00
9.594334957358358063e-01 2.700000000000000000e+03 4.000000000000000000e+00
8.889727148679082980e-01 2.800000000000000000e+03 4.000000000000000000e+00
8.104509856334540796e-01 2.900000000000000000e+03 4.000000000000000000e+00
7.302981171901739010e-01 3.000000000000000000e+03 4.000000000000000000e+00
6.441648910631090352e-01 3.100000000000000000e+03 4.000000000000000000e+00
5.479244083145689004e-01 3.200000000000000000e+03 4.000000000000000000e+00
4.534904757056635871e-01 3.300000000000000000e+03 4.000000000000000000e+00
3.733542749654228943e-01 3.400000000000000000e+03 4.000000000000000000e+00
3.163628381764383435e-01 3.500000000000000000e+03 4.000000000000000000e+00
3.341571149752330938e-01 3.600000000000000000e+03 4.000000000000000000e+00
4.291672005545264512e-01 3.700000000000000000e+03 4.000000000000000000e+00
5.847992629285376776e-01 3.800000000000000000e+03 4.000000000000000000e+00
7.748059341061759309e-01 3.900000000000000000e+03 4.000000000000000000e+00
1.273518993998009385e+00 2.000000000000000000e+03 4.500000000000000000e+00
1.236939019857830502e+00 2.100000000000000000e+03 4.500000000000000000e+00
1.203597025810843490e+00 2.200000000000000000e+03 4.500000000000000000e+00
1.154808953552264983e+00 2.300000000000000000e+03 4.500000000000000000e+00
1.110340911523998830e+00 2.400000000000000000e+03 4.500000000000000000e+00
1.064227853136787250e+00 2.500000000000000000e+03 4.500000000000000000e+00
1.012951279376100855e+00 2.600000000000000000e+03 4.500000000000000000e+00
9.525975634596970387e-01 2.700000000000000000e+03 4.500000000000000000e+00
8.865075831960426145e-01 2.800000000000000000e+03 4.500000000000000000e+00
8.131867376431718419e-01 2.900000000000000000e+03 4.500000000000000000e+00
7.319245213219737201e-01 3.000000000000000000e+03 4.500000000000000000e+00
6.409197216087885174e-01 3.100000000000000000e+03 4.500000000000000000e+00
5.482115445422190980e-01 3.200000000000000000e+03 4.500000000000000000e+00
4.619628743511360325e-01 3.300000000000000000e+03 4.500000000000000000e+00
3.875638202183145364e-01 3.400000000000000000e+03 4.500000000000000000e+00
3.452670808804985114e-01 3.500000000000000000e+03 4.500000000000000000e+00
3.720483063798794010e-01 3.600000000000000000e+03 4.500000000000000000e+00
4.658564765983436162e-01 3.700000000000000000e+03 4.500000000000000000e+00
6.043936314879067018e-01 3.800000000000000000e+03 4.500000000000000000e+00
7.864072984067638217e-01 3.900000000000000000e+03 4.500000000000000000e+00
