# # Chi square, temp, lg
2.178986401996425126e+00 3.500000000000000000e+03 3.500000000000000000e+00
2.024420472078729105e+00 3.600000000000000000e+03 3.500000000000000000e+00
1.863937934668495444e+00 3.700000000000000000e+03 3.500000000000000000e+00
1.676028296525439387e+00 3.800000000000000000e+03 3.500000000000000000e+00
1.498989203742452370e+00 3.900000000000000000e+03 3.500000000000000000e+00
1.315434485068940562e+00 4.000000000000000000e+03 3.500000000000000000e+00
1.153761228769047742e+00 4.100000000000000000e+03 3.500000000000000000e+00
1.049330831849959011e+00 4.200000000000000000e+03 3.500000000000000000e+00
1.021453073339317896e+00 4.300000000000000000e+03 3.500000000000000000e+00
1.115741861364455412e+00 4.400000000000000000e+03 3.500000000000000000e+00
1.308050461591166780e+00 4.500000000000000000e+03 3.500000000000000000e+00
1.616673993907801643e+00 4.600000000000000000e+03 3.500000000000000000e+00
1.983553793764385897e+00 4.700000000000000000e+03 3.500000000000000000e+00
2.426528544542140953e+00 4.800000000000000000e+03 3.500000000000000000e+00
2.897015669205547539e+00 4.900000000000000000e+03 3.500000000000000000e+00
3.423736052857484502e+00 5.000000000000000000e+03 3.500000000000000000e+00
4.009731611817514363e+00 5.100000000000000000e+03 3.500000000000000000e+00
4.628718612901710827e+00 5.200000000000000000e+03 3.500000000000000000e+00
5.275134492662003183e+00 5.300000000000000000e+03 3.500000000000000000e+00
5.982737193728828728e+00 5.400000000000000000e+03 3.500000000000000000e+00
2.164649755805087228e+00 3.500000000000000000e+03 4.000000000000000000e+00
2.017105997764549574e+00 3.600000000000000000e+03 4.000000000000000000e+00
1.856380533409617950e+00 3.700000000000000000e+03 4.000000000000000000e+00
1.682737792484824801e+00 3.800000000000000000e+03 4.000000000000000000e+00
1.497664193494136375e+00 3.900000000000000000e+03 4.000000000000000000e+00
1.302757021516726788e+00 4.000000000000000000e+03 4.000000000000000000e+00
1.132035333421664403e+00 4.100000000000000000e+03 4.000000000000000000e+00
1.017280127594377914e+00 4.200000000000000000e+03 4.000000000000000000e+00
9.941680890145410121e-01 4.300000000000000000e+03 4.000000000000000000e+00
1.084669311946682368e+00 4.400000000000000000e+03 4.000000000000000000e+00
1.306381021985307811e+00 4.500000000000000000e+03 4.000000000000000000e+00
1.626160539005015337e+00 4.600000000000000000e+03 4.000000000000000000e+00
1.979808654939045676e+00 4.700000000000000000e+03 4.000000000000000000e+00
2.438658801691250488e+00 4.800000000000000000e+03 4.000000000000000000e+00
2.936763899594712068e+00 4.900000000000000000e+03 4.000000000000000000e+00
3.483063571776424894e+00 5.000000000000000000e+03 4.000000000000000000e+00
4.079113449601043051e+00 5.100000000000000000e+03 4.000000000000000000e+00
4.684130717977091685e+00 5.200000000000000000e+03 4.000000000000000000e+00
5.389045556820605043e+00 5.300000000000000000e+03 4.000000000000000000e+00
6.113678121799241971e+00 5.400000000000000000e+03 4.000000000000000000e+00
2.165518567436412578e+00 3.500000000000000000e+03 4.500000000000000000e+00
2.022291802624853752e+00 3.600000000000000000e+03 4.500000000000000000e+00
1.868116720461856284e+00 3.700000000000000000e+03 4.500000000000000000e+00
1.708082602347035683e+00 3.800000000000000000e+03 4.500000000000000000e+00
1.531251212110011473e+00 3.900000000000000000e+03 4.500000000000000000e+00
1.353496169526104742e+00 4.000000000000000000e+03 4.500000000000000000e+00
1.173891451132846653e+00 4.100000000000000000e+03 4.500000000000000000e+00
1.051270751965125205e+00 4.200000000000000000e+03 4.500000000000000000e+00
9.846610926420483745e-01 4.300000000000000000e+03 4.500000000000000000e+00
1.061465573654906569e+00 4.400000000000000000e+03 4.500000000000000000e+00
1.276047463730440201e+00 4.500000000000000000e+03 4.500000000000000000e+00
1.611961660962772047e+00 4.600000000000000000e+03 4.500000000000000000e+00
1.991778809008014184e+00 4.700000000000000000e+03 4.500000000000000000e+00
2.440023476325804630e+00 4.800000000000000000e+03 4.500000000000000000e+00
2.931149345334244760e+00 4.900000000000000000e+03 4.500000000000000000e+00
3.466547098114816983e+00 5.000000000000000000e+03 4.500000000000000000e+00
4.038246252071688858e+00 5.100000000000000000e+03 4.500000000000000000e+00
4.669550556573208056e+00 5.200000000000000000e+03 4.500000000000000000e+00
5.349229680994711522e+00 5.300000000000000000e+03 4.500000000000000000e+00
5.967261712016716402e+00 5.400000000000000000e+03 4.500000000000000000e+00
