# # Chi square, temp, lg
1.105960416738699159e+00 4.000000000000000000e+03 3.500000000000000000e+00
1.370736962416700955e+00 4.100000000000000000e+03 3.500000000000000000e+00
1.633029913867029226e+00 4.200000000000000000e+03 3.500000000000000000e+00
1.960812441276731599e+00 4.300000000000000000e+03 3.500000000000000000e+00
2.312533116788910714e+00 4.400000000000000000e+03 3.500000000000000000e+00
2.681867459012162502e+00 4.500000000000000000e+03 3.500000000000000000e+00
3.095211370283403873e+00 4.600000000000000000e+03 3.500000000000000000e+00
3.531733742884846983e+00 4.700000000000000000e+03 3.500000000000000000e+00
4.018374628637048751e+00 4.800000000000000000e+03 3.500000000000000000e+00
4.508757651878861239e+00 4.900000000000000000e+03 3.500000000000000000e+00
5.052238886720210154e+00 5.000000000000000000e+03 3.500000000000000000e+00
5.637245608324829682e+00 5.100000000000000000e+03 3.500000000000000000e+00
6.280046079093623668e+00 5.200000000000000000e+03 3.500000000000000000e+00
6.923913022092998304e+00 5.300000000000000000e+03 3.500000000000000000e+00
7.638533033618524648e+00 5.400000000000000000e+03 3.500000000000000000e+00
8.414375380605600085e+00 5.500000000000000000e+03 3.500000000000000000e+00
9.231031134311152186e+00 5.600000000000000000e+03 3.500000000000000000e+00
1.005609993910772815e+01 5.700000000000000000e+03 3.500000000000000000e+00
1.095230421659427833e+01 5.800000000000000000e+03 3.500000000000000000e+00
1.192683252436569674e+01 5.900000000000000000e+03 3.500000000000000000e+00
1.115215778318515927e+00 4.000000000000000000e+03 4.000000000000000000e+00
1.406548212837245737e+00 4.100000000000000000e+03 4.000000000000000000e+00
1.684764305532683970e+00 4.200000000000000000e+03 4.000000000000000000e+00
1.990023231331901288e+00 4.300000000000000000e+03 4.000000000000000000e+00
2.322557272207352419e+00 4.400000000000000000e+03 4.000000000000000000e+00
2.713858131574981680e+00 4.500000000000000000e+03 4.000000000000000000e+00
3.122446183898460959e+00 4.600000000000000000e+03 4.000000000000000000e+00
3.562659777026265129e+00 4.700000000000000000e+03 4.000000000000000000e+00
4.036507159153932989e+00 4.800000000000000000e+03 4.000000000000000000e+00
4.562547269158915952e+00 4.900000000000000000e+03 4.000000000000000000e+00
5.125871709348198912e+00 5.000000000000000000e+03 4.000000000000000000e+00
5.713659295445017605e+00 5.100000000000000000e+03 4.000000000000000000e+00
6.326843158591545446e+00 5.200000000000000000e+03 4.000000000000000000e+00
7.056697221709630874e+00 5.300000000000000000e+03 4.000000000000000000e+00
7.763795680075963546e+00 5.400000000000000000e+03 4.000000000000000000e+00
8.537830480812624856e+00 5.500000000000000000e+03 4.000000000000000000e+00
9.238466135774000776e+00 5.600000000000000000e+03 4.000000000000000000e+00
1.008641096565466277e+01 5.700000000000000000e+03 4.000000000000000000e+00
1.106872756809309877e+01 5.800000000000000000e+03 4.000000000000000000e+00
1.206153060068835359e+01 5.900000000000000000e+03 4.000000000000000000e+00
1.077190405630530368e+00 4.000000000000000000e+03 4.500000000000000000e+00
1.347233858518558369e+00 4.100000000000000000e+03 4.500000000000000000e+00
1.608568727326876280e+00 4.200000000000000000e+03 4.500000000000000000e+00
1.973228599382812698e+00 4.300000000000000000e+03 4.500000000000000000e+00
2.322451942820467075e+00 4.400000000000000000e+03 4.500000000000000000e+00
2.705737041013258182e+00 4.500000000000000000e+03 4.500000000000000000e+00
3.138733888517764026e+00 4.600000000000000000e+03 4.500000000000000000e+00
3.579925577225784750e+00 4.700000000000000000e+03 4.500000000000000000e+00
4.068421537342827854e+00 4.800000000000000000e+03 4.500000000000000000e+00
4.567261949126720566e+00 4.900000000000000000e+03 4.500000000000000000e+00
5.131933260867125313e+00 5.000000000000000000e+03 4.500000000000000000e+00
5.702299421994329265e+00 5.100000000000000000e+03 4.500000000000000000e+00
6.317484910174552049e+00 5.200000000000000000e+03 4.500000000000000000e+00
6.999262205404089165e+00 5.300000000000000000e+03 4.500000000000000000e+00
7.620381689375513190e+00 5.400000000000000000e+03 4.500000000000000000e+00
8.464718067674551705e+00 5.500000000000000000e+03 4.500000000000000000e+00
9.290178116969938671e+00 5.600000000000000000e+03 4.500000000000000000e+00
1.016148895885545400e+01 5.700000000000000000e+03 4.500000000000000000e+00
1.094437413011615412e+01 5.800000000000000000e+03 4.500000000000000000e+00
1.196810714301516221e+01 5.900000000000000000e+03 4.500000000000000000e+00
