# # Chi square, temp, lg
5.868762982985948000e-08 2.700000000000000000e+03 3.500000000000000000e+00
5.820412308621773580e-08 2.800000000000000000e+03 3.500000000000000000e+00
5.786418708192502459e-08 2.900000000000000000e+03 3.500000000000000000e+00
5.828021998007267019e-08 3.000000000000000000e+03 3.500000000000000000e+00
5.776815208170515577e-08 3.100000000000000000e+03 3.500000000000000000e+00
5.803940174603457816e-08 3.200000000000000000e+03 3.500000000000000000e+00
5.922194978481476363e-08 3.300000000000000000e+03 3.500000000000000000e+00
6.183665659070085490e-08 3.400000000000000000e+03 3.500000000000000000e+00
6.454976205347876438e-08 3.500000000000000000e+03 3.500000000000000000e+00
6.602435030656572987e-08 3.600000000000000000e+03 3.500000000000000000e+00
5.883328677840668858e-08 2.700000000000000000e+03 4.000000000000000000e+00
5.784074695575879121e-08 2.800000000000000000e+03 4.000000000000000000e+00
5.713181380615059925e-08 2.900000000000000000e+03 4.000000000000000000e+00
5.480040371438036852e-08 3.000000000000000000e+03 4.000000000000000000e+00
5.217735203778846019e-08 3.100000000000000000e+03 4.000000000000000000e+00
5.065959284289196925e-08 3.200000000000000000e+03 4.000000000000000000e+00
4.942855911291920675e-08 3.300000000000000000e+03 4.000000000000000000e+00
4.855788416250384651e-08 3.400000000000000000e+03 4.000000000000000000e+00
4.766609961349131922e-08 3.500000000000000000e+03 4.000000000000000000e+00
4.746549925165993942e-08 3.600000000000000000e+03 4.000000000000000000e+00
6.009575710194736639e-08 2.700000000000000000e+03 4.500000000000000000e+00
5.801491402028453929e-08 2.800000000000000000e+03 4.500000000000000000e+00
5.686724642085237760e-08 2.900000000000000000e+03 4.500000000000000000e+00
5.374114509035657906e-08 3.000000000000000000e+03 4.500000000000000000e+00
5.045503394125103397e-08 3.100000000000000000e+03 4.500000000000000000e+00
4.725984125456745396e-08 3.200000000000000000e+03 4.500000000000000000e+00
4.495501655967361821e-08 3.300000000000000000e+03 4.500000000000000000e+00
4.273150749774817806e-08 3.400000000000000000e+03 4.500000000000000000e+00
4.046881087339496401e-08 3.500000000000000000e+03 4.500000000000000000e+00
3.790838314190717252e-08 3.600000000000000000e+03 4.500000000000000000e+00
