# # Chi square, temp, lg
1.245548768383778759e-01 3.000000000000000000e+03 3.500000000000000000e+00
2.165836021786377852e-01 3.100000000000000000e+03 3.500000000000000000e+00
3.179579840577558825e-01 3.200000000000000000e+03 3.500000000000000000e+00
4.348902198801889440e-01 3.300000000000000000e+03 3.500000000000000000e+00
5.641145516756592704e-01 3.400000000000000000e+03 3.500000000000000000e+00
6.995319287825838561e-01 3.500000000000000000e+03 3.500000000000000000e+00
8.535841230932937895e-01 3.600000000000000000e+03 3.500000000000000000e+00
1.013221239860985223e+00 3.700000000000000000e+03 3.500000000000000000e+00
1.208520452053738925e+00 3.800000000000000000e+03 3.500000000000000000e+00
1.411576932290522723e+00 3.900000000000000000e+03 3.500000000000000000e+00
1.643680604805888290e+00 4.000000000000000000e+03 3.500000000000000000e+00
1.896403438174662393e+00 4.100000000000000000e+03 3.500000000000000000e+00
2.150733498259997489e+00 4.200000000000000000e+03 3.500000000000000000e+00
2.466978200793279896e+00 4.300000000000000000e+03 3.500000000000000000e+00
2.789058666137081310e+00 4.400000000000000000e+03 3.500000000000000000e+00
3.152828381115152290e+00 4.500000000000000000e+03 3.500000000000000000e+00
3.568789495380586541e+00 4.600000000000000000e+03 3.500000000000000000e+00
3.968505550722885911e+00 4.700000000000000000e+03 3.500000000000000000e+00
4.443625256631033693e+00 4.800000000000000000e+03 3.500000000000000000e+00
4.948003244137213485e+00 4.900000000000000000e+03 3.500000000000000000e+00
1.336780143761764905e-01 3.000000000000000000e+03 4.000000000000000000e+00
2.242083603341606945e-01 3.100000000000000000e+03 4.000000000000000000e+00
3.300086780751475546e-01 3.200000000000000000e+03 4.000000000000000000e+00
4.440848962046875514e-01 3.300000000000000000e+03 4.000000000000000000e+00
5.647208121130371516e-01 3.400000000000000000e+03 4.000000000000000000e+00
7.093335110799430243e-01 3.500000000000000000e+03 4.000000000000000000e+00
8.577771026256959530e-01 3.600000000000000000e+03 4.000000000000000000e+00
1.025106337082434704e+00 3.700000000000000000e+03 4.000000000000000000e+00
1.210263751526367670e+00 3.800000000000000000e+03 4.000000000000000000e+00
1.416674928308498949e+00 3.900000000000000000e+03 4.000000000000000000e+00
1.657420331917964118e+00 4.000000000000000000e+03 4.000000000000000000e+00
1.925068534997134595e+00 4.100000000000000000e+03 4.000000000000000000e+00
2.190300911751026813e+00 4.200000000000000000e+03 4.000000000000000000e+00
2.481321913191964601e+00 4.300000000000000000e+03 4.000000000000000000e+00
2.806348427322615358e+00 4.400000000000000000e+03 4.000000000000000000e+00
3.168935579831412497e+00 4.500000000000000000e+03 4.000000000000000000e+00
3.574672905392641820e+00 4.600000000000000000e+03 4.000000000000000000e+00
3.999409621965217543e+00 4.700000000000000000e+03 4.000000000000000000e+00
4.475891029041188851e+00 4.800000000000000000e+03 4.000000000000000000e+00
4.980737483298478097e+00 4.900000000000000000e+03 4.000000000000000000e+00
1.345973116036579820e-01 3.000000000000000000e+03 4.500000000000000000e+00
2.331660919942256938e-01 3.100000000000000000e+03 4.500000000000000000e+00
3.397382641200976106e-01 3.200000000000000000e+03 4.500000000000000000e+00
4.512636117778663358e-01 3.300000000000000000e+03 4.500000000000000000e+00
5.756456474604817464e-01 3.400000000000000000e+03 4.500000000000000000e+00
7.120032425397235798e-01 3.500000000000000000e+03 4.500000000000000000e+00
8.584428255361374882e-01 3.600000000000000000e+03 4.500000000000000000e+00
1.022383601056679803e+00 3.700000000000000000e+03 4.500000000000000000e+00
1.195280374639051901e+00 3.800000000000000000e+03 4.500000000000000000e+00
1.400924486291244220e+00 3.900000000000000000e+03 4.500000000000000000e+00
1.616083122374786019e+00 4.000000000000000000e+03 4.500000000000000000e+00
1.868891710873585632e+00 4.100000000000000000e+03 4.500000000000000000e+00
2.122440492553162361e+00 4.200000000000000000e+03 4.500000000000000000e+00
2.471536554813856146e+00 4.300000000000000000e+03 4.500000000000000000e+00
2.811270058665252591e+00 4.400000000000000000e+03 4.500000000000000000e+00
3.177545920645313160e+00 4.500000000000000000e+03 4.500000000000000000e+00
3.585121968010414495e+00 4.600000000000000000e+03 4.500000000000000000e+00
4.011869917591980972e+00 4.700000000000000000e+03 4.500000000000000000e+00
4.493439846748684019e+00 4.800000000000000000e+03 4.500000000000000000e+00
4.996698720161083962e+00 4.900000000000000000e+03 4.500000000000000000e+00
