# # Chi square, temp, lg
1.937676859438903221e-01 4.000000000000000000e+03 3.500000000000000000e+00
4.206303997356981572e-01 4.100000000000000000e+03 3.500000000000000000e+00
6.786038540682642894e-01 4.200000000000000000e+03 3.500000000000000000e+00
1.010958197747456877e+00 4.300000000000000000e+03 3.500000000000000000e+00
1.357210711239906997e+00 4.400000000000000000e+03 3.500000000000000000e+00
1.728566070952260558e+00 4.500000000000000000e+03 3.500000000000000000e+00
2.153854722153929035e+00 4.600000000000000000e+03 3.500000000000000000e+00
2.576877811820741382e+00 4.700000000000000000e+03 3.500000000000000000e+00
3.061790992202961803e+00 4.800000000000000000e+03 3.500000000000000000e+00
3.570296338478624598e+00 4.900000000000000000e+03 3.500000000000000000e+00
4.112813577466518211e+00 5.000000000000000000e+03 3.500000000000000000e+00
4.674920375345961610e+00 5.100000000000000000e+03 3.500000000000000000e+00
5.356996280075384753e+00 5.200000000000000000e+03 3.500000000000000000e+00
5.988168286647539418e+00 5.300000000000000000e+03 3.500000000000000000e+00
6.698076344949509320e+00 5.400000000000000000e+03 3.500000000000000000e+00
7.485137549146387848e+00 5.500000000000000000e+03 3.500000000000000000e+00
8.333289899988526983e+00 5.600000000000000000e+03 3.500000000000000000e+00
9.176116556740771202e+00 5.700000000000000000e+03 3.500000000000000000e+00
1.010082900412317208e+01 5.800000000000000000e+03 3.500000000000000000e+00
1.105701513424424220e+01 5.900000000000000000e+03 3.500000000000000000e+00
1.998631904061788367e-01 4.000000000000000000e+03 4.000000000000000000e+00
4.457598961921738767e-01 4.100000000000000000e+03 4.000000000000000000e+00
7.155385786293525507e-01 4.200000000000000000e+03 4.000000000000000000e+00
1.018152336352267762e+00 4.300000000000000000e+03 4.000000000000000000e+00
1.352202778935664984e+00 4.400000000000000000e+03 4.000000000000000000e+00
1.743291834948840657e+00 4.500000000000000000e+03 4.000000000000000000e+00
2.163267830776133049e+00 4.600000000000000000e+03 4.000000000000000000e+00
2.610555485054445235e+00 4.700000000000000000e+03 4.000000000000000000e+00
3.094004467590200314e+00 4.800000000000000000e+03 4.000000000000000000e+00
3.619602599997746140e+00 4.900000000000000000e+03 4.000000000000000000e+00
4.194748641530201105e+00 5.000000000000000000e+03 4.000000000000000000e+00
4.787991578078059973e+00 5.100000000000000000e+03 4.000000000000000000e+00
5.405410940666596886e+00 5.200000000000000000e+03 4.000000000000000000e+00
6.096150718142482106e+00 5.300000000000000000e+03 4.000000000000000000e+00
6.819989997426525896e+00 5.400000000000000000e+03 4.000000000000000000e+00
7.605044600000252508e+00 5.500000000000000000e+03 4.000000000000000000e+00
8.352554966737772091e+00 5.600000000000000000e+03 4.000000000000000000e+00
9.231387157060433779e+00 5.700000000000000000e+03 4.000000000000000000e+00
1.016072642291959305e+01 5.800000000000000000e+03 4.000000000000000000e+00
1.118143289397767681e+01 5.900000000000000000e+03 4.000000000000000000e+00
1.925220197264834732e-01 4.000000000000000000e+03 4.500000000000000000e+00
4.002612933523583827e-01 4.100000000000000000e+03 4.500000000000000000e+00
6.432125478738579538e-01 4.200000000000000000e+03 4.500000000000000000e+00
9.998838224641174444e-01 4.300000000000000000e+03 4.500000000000000000e+00
1.357962705977137974e+00 4.400000000000000000e+03 4.500000000000000000e+00
1.742250772450869789e+00 4.500000000000000000e+03 4.500000000000000000e+00
2.174994090005077929e+00 4.600000000000000000e+03 4.500000000000000000e+00
2.616003291933552521e+00 4.700000000000000000e+03 4.500000000000000000e+00
3.125344687894986428e+00 4.800000000000000000e+03 4.500000000000000000e+00
3.631115317985911251e+00 4.900000000000000000e+03 4.500000000000000000e+00
4.179590894112192423e+00 5.000000000000000000e+03 4.500000000000000000e+00
4.777899093496071004e+00 5.100000000000000000e+03 4.500000000000000000e+00
5.411924997674129934e+00 5.200000000000000000e+03 4.500000000000000000e+00
6.106429134307773232e+00 5.300000000000000000e+03 4.500000000000000000e+00
6.721072151013883555e+00 5.400000000000000000e+03 4.500000000000000000e+00
7.552076230939455570e+00 5.500000000000000000e+03 4.500000000000000000e+00
8.360657446126763759e+00 5.600000000000000000e+03 4.500000000000000000e+00
9.222441712171406181e+00 5.700000000000000000e+03 4.500000000000000000e+00
1.001724054245850404e+01 5.800000000000000000e+03 4.500000000000000000e+00
1.110061145380922909e+01 5.900000000000000000e+03 4.500000000000000000e+00
