# # Chi square, temp, lg
1.539211956218451520e-02 4.200000000000000000e+03 3.500000000000000000e+00
1.907920536195618563e-02 4.300000000000000000e+03 3.500000000000000000e+00
2.301805210521692263e-02 4.400000000000000000e+03 3.500000000000000000e+00
2.719348011725371966e-02 4.500000000000000000e+03 3.500000000000000000e+00
3.196356350721546447e-02 4.600000000000000000e+03 3.500000000000000000e+00
3.686563535982638473e-02 4.700000000000000000e+03 3.500000000000000000e+00
4.237962659060325044e-02 4.800000000000000000e+03 3.500000000000000000e+00
4.812058249808808669e-02 4.900000000000000000e+03 3.500000000000000000e+00
5.437371892739911033e-02 5.000000000000000000e+03 3.500000000000000000e+00
6.103214391895604718e-02 5.100000000000000000e+03 3.500000000000000000e+00
1.577191459487984129e-02 4.200000000000000000e+03 4.000000000000000000e+00
1.921730919515607025e-02 4.300000000000000000e+03 4.000000000000000000e+00
2.296998961514386955e-02 4.400000000000000000e+03 4.000000000000000000e+00
2.733398864269546286e-02 4.500000000000000000e+03 4.000000000000000000e+00
3.208570525979504567e-02 4.600000000000000000e+03 4.000000000000000000e+00
3.712343086517413959e-02 4.700000000000000000e+03 4.000000000000000000e+00
4.268552125509758599e-02 4.800000000000000000e+03 4.000000000000000000e+00
4.859165955401755638e-02 4.900000000000000000e+03 4.000000000000000000e+00
5.511027610158609341e-02 5.000000000000000000e+03 4.000000000000000000e+00
6.190296666013008625e-02 5.100000000000000000e+03 4.000000000000000000e+00
1.493624774517696846e-02 4.200000000000000000e+03 4.500000000000000000e+00
1.894224828556708221e-02 4.300000000000000000e+03 4.500000000000000000e+00
2.291278178539591856e-02 4.400000000000000000e+03 4.500000000000000000e+00
2.724851493613642678e-02 4.500000000000000000e+03 4.500000000000000000e+00
3.212761582228093604e-02 4.600000000000000000e+03 4.500000000000000000e+00
3.712388979789726928e-02 4.700000000000000000e+03 4.500000000000000000e+00
4.282663601280333604e-02 4.800000000000000000e+03 4.500000000000000000e+00
4.854223003906407707e-02 4.900000000000000000e+03 4.500000000000000000e+00
5.485213261434782051e-02 5.000000000000000000e+03 4.500000000000000000e+00
6.151841547047609549e-02 5.100000000000000000e+03 4.500000000000000000e+00
