# # Chi square, temp, lg
2.903341978644921606e-02 3.600000000000000000e+03 3.500000000000000000e+00
2.727304861036561334e-02 3.700000000000000000e+03 3.500000000000000000e+00
2.493972549954370441e-02 3.800000000000000000e+03 3.500000000000000000e+00
2.252665188870435140e-02 3.900000000000000000e+03 3.500000000000000000e+00
1.974196644386920843e-02 4.000000000000000000e+03 3.500000000000000000e+00
1.664184691286436577e-02 4.100000000000000000e+03 3.500000000000000000e+00
1.363757029525986333e-02 4.200000000000000000e+03 3.500000000000000000e+00
9.820802107789546390e-03 4.300000000000000000e+03 3.500000000000000000e+00
5.751883078802992079e-03 4.400000000000000000e+03 3.500000000000000000e+00
1.494260807218872767e-03 4.500000000000000000e+03 3.500000000000000000e+00
2.867256962026599326e-02 3.600000000000000000e+03 4.000000000000000000e+00
2.686315355798870805e-02 3.700000000000000000e+03 4.000000000000000000e+00
2.477357521761372819e-02 3.800000000000000000e+03 4.000000000000000000e+00
2.244265260950091892e-02 3.900000000000000000e+03 4.000000000000000000e+00
1.964191606240354993e-02 4.000000000000000000e+03 4.000000000000000000e+00
1.644463616694395725e-02 4.100000000000000000e+03 4.000000000000000000e+00
1.330997427340305760e-02 4.200000000000000000e+03 4.000000000000000000e+00
9.794433079027281205e-03 4.300000000000000000e+03 4.000000000000000000e+00
5.999382138369336974e-03 4.400000000000000000e+03 4.000000000000000000e+00
1.718003018485664670e-03 4.500000000000000000e+03 4.000000000000000000e+00
2.849262563787539893e-02 3.600000000000000000e+03 4.500000000000000000e+00
2.669838485909983503e-02 3.700000000000000000e+03 4.500000000000000000e+00
2.472830072070972621e-02 3.800000000000000000e+03 4.500000000000000000e+00
2.246076359175811291e-02 3.900000000000000000e+03 4.500000000000000000e+00
2.004830653204292892e-02 4.000000000000000000e+03 4.500000000000000000e+00
1.715748697622888896e-02 4.100000000000000000e+03 4.500000000000000000e+00
1.429726824835790729e-02 4.200000000000000000e+03 4.500000000000000000e+00
1.028929165015071874e-02 4.300000000000000000e+03 4.500000000000000000e+00
6.423020568453789887e-03 4.400000000000000000e+03 4.500000000000000000e+00
2.747826660994986264e-03 4.500000000000000000e+03 4.500000000000000000e+00
