# # Chi square, temp, lg
3.558243819002140373e+00 2.000000000000000000e+03 3.500000000000000000e+00
3.544692408811684903e+00 2.100000000000000000e+03 3.500000000000000000e+00
3.521316559020638781e+00 2.200000000000000000e+03 3.500000000000000000e+00
3.493026179654622698e+00 2.300000000000000000e+03 3.500000000000000000e+00
3.466970081457450448e+00 2.400000000000000000e+03 3.500000000000000000e+00
3.433385276326736957e+00 2.500000000000000000e+03 3.500000000000000000e+00
3.398073621830156821e+00 2.600000000000000000e+03 3.500000000000000000e+00
3.350970083344305461e+00 2.700000000000000000e+03 3.500000000000000000e+00
3.299834042427777892e+00 2.800000000000000000e+03 3.500000000000000000e+00
3.234775063208344736e+00 2.900000000000000000e+03 3.500000000000000000e+00
3.163171488857307700e+00 3.000000000000000000e+03 3.500000000000000000e+00
3.086725278165692643e+00 3.100000000000000000e+03 3.500000000000000000e+00
3.005898836154788700e+00 3.200000000000000000e+03 3.500000000000000000e+00
2.908899022612604135e+00 3.300000000000000000e+03 3.500000000000000000e+00
2.799410306958453720e+00 3.400000000000000000e+03 3.500000000000000000e+00
2.680719251792175406e+00 3.500000000000000000e+03 3.500000000000000000e+00
2.535426867002829265e+00 3.600000000000000000e+03 3.500000000000000000e+00
2.374862117058570199e+00 3.700000000000000000e+03 3.500000000000000000e+00
2.165869481850097866e+00 3.800000000000000000e+03 3.500000000000000000e+00
1.956646851462018999e+00 3.900000000000000000e+03 3.500000000000000000e+00
3.552089440425961975e+00 2.000000000000000000e+03 4.000000000000000000e+00
3.543530686343662861e+00 2.100000000000000000e+03 4.000000000000000000e+00
3.520851655431965987e+00 2.200000000000000000e+03 4.000000000000000000e+00
3.492327081816624545e+00 2.300000000000000000e+03 4.000000000000000000e+00
3.461787598142522349e+00 2.400000000000000000e+03 4.000000000000000000e+00
3.427269500842379468e+00 2.500000000000000000e+03 4.000000000000000000e+00
3.387425225667671569e+00 2.600000000000000000e+03 4.000000000000000000e+00
3.343268931696541824e+00 2.700000000000000000e+03 4.000000000000000000e+00
3.287135820335786107e+00 2.800000000000000000e+03 4.000000000000000000e+00
3.222484256032125849e+00 2.900000000000000000e+03 4.000000000000000000e+00
3.152135372744111930e+00 3.000000000000000000e+03 4.000000000000000000e+00
3.073236621651481482e+00 3.100000000000000000e+03 4.000000000000000000e+00
2.982841004782287975e+00 3.200000000000000000e+03 4.000000000000000000e+00
2.883482428787175866e+00 3.300000000000000000e+03 4.000000000000000000e+00
2.775360983290555250e+00 3.400000000000000000e+03 4.000000000000000000e+00
2.640342569136824746e+00 3.500000000000000000e+03 4.000000000000000000e+00
2.498992726989962332e+00 3.600000000000000000e+03 4.000000000000000000e+00
2.338615917465964866e+00 3.700000000000000000e+03 4.000000000000000000e+00
2.151949605495395268e+00 3.800000000000000000e+03 4.000000000000000000e+00
1.945039087412176793e+00 3.900000000000000000e+03 4.000000000000000000e+00
3.563823950213733660e+00 2.000000000000000000e+03 4.500000000000000000e+00
3.540398245703162416e+00 2.100000000000000000e+03 4.500000000000000000e+00
3.518957509932413963e+00 2.200000000000000000e+03 4.500000000000000000e+00
3.486596596477647303e+00 2.300000000000000000e+03 4.500000000000000000e+00
3.456828717127929274e+00 2.400000000000000000e+03 4.500000000000000000e+00
3.423828575297223509e+00 2.500000000000000000e+03 4.500000000000000000e+00
3.386475995829776320e+00 2.600000000000000000e+03 4.500000000000000000e+00
3.340897084385950233e+00 2.700000000000000000e+03 4.500000000000000000e+00
3.288262415714461984e+00 2.800000000000000000e+03 4.500000000000000000e+00
3.224591796950808220e+00 2.900000000000000000e+03 4.500000000000000000e+00
3.153139104090339373e+00 3.000000000000000000e+03 4.500000000000000000e+00
3.064286066726925828e+00 3.100000000000000000e+03 4.500000000000000000e+00
2.971008697033766133e+00 3.200000000000000000e+03 4.500000000000000000e+00
2.869843132459128032e+00 3.300000000000000000e+03 4.500000000000000000e+00
2.754540133746375297e+00 3.400000000000000000e+03 4.500000000000000000e+00
2.625631491509435644e+00 3.500000000000000000e+03 4.500000000000000000e+00
2.482663811855120972e+00 3.600000000000000000e+03 4.500000000000000000e+00
2.320486318975477857e+00 3.700000000000000000e+03 4.500000000000000000e+00
2.142467244076487365e+00 3.800000000000000000e+03 4.500000000000000000e+00
1.941039128339876241e+00 3.900000000000000000e+03 4.500000000000000000e+00
