# # Chi square, temp, lg
2.374359937217310534e+00 4.500000000000000000e+03 3.500000000000000000e+00
2.790666535673574700e+00 4.600000000000000000e+03 3.500000000000000000e+00
3.222953015185693104e+00 4.700000000000000000e+03 3.500000000000000000e+00
3.703270153690651156e+00 4.800000000000000000e+03 3.500000000000000000e+00
4.196652704462785266e+00 4.900000000000000000e+03 3.500000000000000000e+00
4.741861622901895501e+00 5.000000000000000000e+03 3.500000000000000000e+00
5.316232910513423171e+00 5.100000000000000000e+03 3.500000000000000000e+00
5.955299194261735707e+00 5.200000000000000000e+03 3.500000000000000000e+00
6.652782988474944759e+00 5.300000000000000000e+03 3.500000000000000000e+00
7.365289587961701301e+00 5.400000000000000000e+03 3.500000000000000000e+00
8.089517111814714667e+00 5.500000000000000000e+03 3.500000000000000000e+00
8.947588728423294668e+00 5.600000000000000000e+03 3.500000000000000000e+00
9.792723596792400897e+00 5.700000000000000000e+03 3.500000000000000000e+00
1.069989259547640970e+01 5.800000000000000000e+03 3.500000000000000000e+00
1.166565117082818581e+01 5.900000000000000000e+03 3.500000000000000000e+00
1.270974799116600096e+01 6.000000000000000000e+03 3.500000000000000000e+00
1.391487445264024991e+01 6.100000000000000000e+03 3.500000000000000000e+00
1.508397340629301908e+01 6.200000000000000000e+03 3.500000000000000000e+00
1.634418987641099008e+01 6.300000000000000000e+03 3.500000000000000000e+00
1.770295728744209285e+01 6.400000000000000000e+03 3.500000000000000000e+00
2.393421528570646828e+00 4.500000000000000000e+03 4.000000000000000000e+00
2.810346236215558235e+00 4.600000000000000000e+03 4.000000000000000000e+00
3.255971956459362993e+00 4.700000000000000000e+03 4.000000000000000000e+00
3.751292673404283740e+00 4.800000000000000000e+03 4.000000000000000000e+00
4.266000901139837431e+00 4.900000000000000000e+03 4.000000000000000000e+00
4.825033279276720322e+00 5.000000000000000000e+03 4.000000000000000000e+00
5.411336804099060593e+00 5.100000000000000000e+03 4.000000000000000000e+00
6.024876462595486259e+00 5.200000000000000000e+03 4.000000000000000000e+00
6.723116764908499299e+00 5.300000000000000000e+03 4.000000000000000000e+00
7.435673244356458156e+00 5.400000000000000000e+03 4.000000000000000000e+00
8.204578506531063908e+00 5.500000000000000000e+03 4.000000000000000000e+00
8.939887558262096690e+00 5.600000000000000000e+03 4.000000000000000000e+00
9.893755376738289087e+00 5.700000000000000000e+03 4.000000000000000000e+00
1.078844936952962463e+01 5.800000000000000000e+03 4.000000000000000000e+00
1.177882977604589065e+01 5.900000000000000000e+03 4.000000000000000000e+00
1.289768770356120520e+01 6.000000000000000000e+03 4.000000000000000000e+00
1.403913396242603362e+01 6.100000000000000000e+03 4.000000000000000000e+00
1.511818044242425074e+01 6.200000000000000000e+03 4.000000000000000000e+00
1.626226527005966105e+01 6.300000000000000000e+03 4.000000000000000000e+00
1.761404152115053989e+01 6.400000000000000000e+03 4.000000000000000000e+00
2.400047122403458300e+00 4.500000000000000000e+03 4.500000000000000000e+00
2.828345323816523038e+00 4.600000000000000000e+03 4.500000000000000000e+00
3.263438530392813508e+00 4.700000000000000000e+03 4.500000000000000000e+00
3.771773558010493410e+00 4.800000000000000000e+03 4.500000000000000000e+00
4.265897200337900763e+00 4.900000000000000000e+03 4.500000000000000000e+00
4.815165876776397624e+00 5.000000000000000000e+03 4.500000000000000000e+00
5.391795195551799758e+00 5.100000000000000000e+03 4.500000000000000000e+00
6.016948500060038896e+00 5.200000000000000000e+03 4.500000000000000000e+00
6.710881912078501266e+00 5.300000000000000000e+03 4.500000000000000000e+00
7.356857822994819607e+00 5.400000000000000000e+03 4.500000000000000000e+00
8.163854013123332365e+00 5.500000000000000000e+03 4.500000000000000000e+00
8.971442624010137479e+00 5.600000000000000000e+03 4.500000000000000000e+00
9.825124472492841932e+00 5.700000000000000000e+03 4.500000000000000000e+00
1.062704185839080395e+01 5.800000000000000000e+03 4.500000000000000000e+00
1.167365611393057101e+01 5.900000000000000000e+03 4.500000000000000000e+00
1.284905031451364366e+01 6.000000000000000000e+03 4.500000000000000000e+00
1.388076516707787178e+01 6.100000000000000000e+03 4.500000000000000000e+00
1.516784821374962711e+01 6.200000000000000000e+03 4.500000000000000000e+00
1.640952731652966889e+01 6.300000000000000000e+03 4.500000000000000000e+00
1.775986743827247594e+01 6.400000000000000000e+03 4.500000000000000000e+00
