# # Chi square, temp, lg
7.464004002587846243e-01 2.000000000000000000e+03 3.500000000000000000e+00
7.253665573361128827e-01 2.100000000000000000e+03 3.500000000000000000e+00
6.916086603673922140e-01 2.200000000000000000e+03 3.500000000000000000e+00
6.504609304635075029e-01 2.300000000000000000e+03 3.500000000000000000e+00
6.134276593288885415e-01 2.400000000000000000e+03 3.500000000000000000e+00
5.685955483296675217e-01 2.500000000000000000e+03 3.500000000000000000e+00
5.205128263559216650e-01 2.600000000000000000e+03 3.500000000000000000e+00
4.597675330905047764e-01 2.700000000000000000e+03 3.500000000000000000e+00
3.946525691347980702e-01 2.800000000000000000e+03 3.500000000000000000e+00
3.127010979897245080e-01 2.900000000000000000e+03 3.500000000000000000e+00
2.242043472993643649e-01 3.000000000000000000e+03 3.500000000000000000e+00
1.352647423485650313e-01 3.100000000000000000e+03 3.500000000000000000e+00
5.351846600393826703e-02 3.200000000000000000e+03 3.500000000000000000e+00
1.039548571409568689e-01 3.300000000000000000e+03 3.500000000000000000e+00
2.255744560461076798e-01 3.400000000000000000e+03 3.500000000000000000e+00
3.590084629113788894e-01 3.500000000000000000e+03 3.500000000000000000e+00
5.139788976744547044e-01 3.600000000000000000e+03 3.500000000000000000e+00
6.762136135304073203e-01 3.700000000000000000e+03 3.500000000000000000e+00
8.759800013216981762e-01 3.800000000000000000e+03 3.500000000000000000e+00
1.079792073103185812e+00 3.900000000000000000e+03 3.500000000000000000e+00
7.371107669197655143e-01 2.000000000000000000e+03 4.000000000000000000e+00
7.241316486731022017e-01 2.100000000000000000e+03 4.000000000000000000e+00
6.902578329305855132e-01 2.200000000000000000e+03 4.000000000000000000e+00
6.489673811569693918e-01 2.300000000000000000e+03 4.000000000000000000e+00
6.059760004903236297e-01 2.400000000000000000e+03 4.000000000000000000e+00
5.590904278578981978e-01 2.500000000000000000e+03 4.000000000000000000e+00
5.057852413948137338e-01 2.600000000000000000e+03 4.000000000000000000e+00
4.487419029500055445e-01 2.700000000000000000e+03 4.000000000000000000e+00
3.783132179468277068e-01 2.800000000000000000e+03 4.000000000000000000e+00
2.993402628992402614e-01 2.900000000000000000e+03 4.000000000000000000e+00
2.186961004958020982e-01 3.000000000000000000e+03 4.000000000000000000e+00
1.341953857530992777e-01 3.100000000000000000e+03 4.000000000000000000e+00
6.533932982254382626e-02 3.200000000000000000e+03 4.000000000000000000e+00
1.249407589727701690e-01 3.300000000000000000e+03 4.000000000000000000e+00
2.355165135254407571e-01 3.400000000000000000e+03 4.000000000000000000e+00
3.787450721862737901e-01 3.500000000000000000e+03 4.000000000000000000e+00
5.265647078668270753e-01 3.600000000000000000e+03 4.000000000000000000e+00
6.947240104898475543e-01 3.700000000000000000e+03 4.000000000000000000e+00
8.825181219120636911e-01 3.800000000000000000e+03 4.000000000000000000e+00
1.087815780852984915e+00 3.900000000000000000e+03 4.000000000000000000e+00
7.546675220274953189e-01 2.000000000000000000e+03 4.500000000000000000e+00
7.195098402028330398e-01 2.100000000000000000e+03 4.500000000000000000e+00
6.873934815139012278e-01 2.200000000000000000e+03 4.500000000000000000e+00
6.406368760405130036e-01 2.300000000000000000e+03 4.500000000000000000e+00
5.977268286640852191e-01 2.400000000000000000e+03 4.500000000000000000e+00
5.528545662280494044e-01 2.500000000000000000e+03 4.500000000000000000e+00
5.024900819319612078e-01 2.600000000000000000e+03 4.500000000000000000e+00
4.425508132967104769e-01 2.700000000000000000e+03 4.500000000000000000e+00
3.764255543716010788e-01 2.800000000000000000e+03 4.500000000000000000e+00
3.021339530861312239e-01 2.900000000000000000e+03 4.500000000000000000e+00
2.201750852384674606e-01 3.000000000000000000e+03 4.500000000000000000e+00
1.316082622594398899e-01 3.100000000000000000e+03 4.500000000000000000e+00
8.069866405613221327e-02 3.200000000000000000e+03 4.500000000000000000e+00
1.416158926176072363e-01 3.300000000000000000e+03 4.500000000000000000e+00
2.560590564389170765e-01 3.400000000000000000e+03 4.500000000000000000e+00
3.866236472499364751e-01 3.500000000000000000e+03 4.500000000000000000e+00
5.338089158233649822e-01 3.600000000000000000e+03 4.500000000000000000e+00
6.990521379669482060e-01 3.700000000000000000e+03 4.500000000000000000e+00
8.738199101445662809e-01 3.800000000000000000e+03 4.500000000000000000e+00
1.076951066754261221e+00 3.900000000000000000e+03 4.500000000000000000e+00
