# # Chi square, temp, lg
6.542539899910956303e-01 3.500000000000000000e+03 3.500000000000000000e+00
8.065274685600977156e-01 3.600000000000000000e+03 3.500000000000000000e+00
9.673570109850547771e-01 3.700000000000000000e+03 3.500000000000000000e+00
1.161333709635826716e+00 3.800000000000000000e+03 3.500000000000000000e+00
1.365220165834013510e+00 3.900000000000000000e+03 3.500000000000000000e+00
1.596336716517051890e+00 4.000000000000000000e+03 3.500000000000000000e+00
1.850556652433634541e+00 4.100000000000000000e+03 3.500000000000000000e+00
2.096861600757062849e+00 4.200000000000000000e+03 3.500000000000000000e+00
2.410154784918091764e+00 4.300000000000000000e+03 3.500000000000000000e+00
2.755740607853866653e+00 4.400000000000000000e+03 3.500000000000000000e+00
3.099135387700020505e+00 4.500000000000000000e+03 3.500000000000000000e+00
3.501789362890314283e+00 4.600000000000000000e+03 3.500000000000000000e+00
3.907597305861837178e+00 4.700000000000000000e+03 3.500000000000000000e+00
4.376663082321845977e+00 4.800000000000000000e+03 3.500000000000000000e+00
4.887525424423335707e+00 4.900000000000000000e+03 3.500000000000000000e+00
5.412148846937280489e+00 5.000000000000000000e+03 3.500000000000000000e+00
5.965037328167267283e+00 5.100000000000000000e+03 3.500000000000000000e+00
6.588791816589853134e+00 5.200000000000000000e+03 3.500000000000000000e+00
7.238815496060703403e+00 5.300000000000000000e+03 3.500000000000000000e+00
7.953260689433487407e+00 5.400000000000000000e+03 3.500000000000000000e+00
6.666071568388616253e-01 3.500000000000000000e+03 4.000000000000000000e+00
8.123163847985617192e-01 3.600000000000000000e+03 4.000000000000000000e+00
9.765959294535532242e-01 3.700000000000000000e+03 4.000000000000000000e+00
1.164132030926914085e+00 3.800000000000000000e+03 4.000000000000000000e+00
1.367301537506758535e+00 3.900000000000000000e+03 4.000000000000000000e+00
1.605132899186751727e+00 4.000000000000000000e+03 4.000000000000000000e+00
1.880722457073274789e+00 4.100000000000000000e+03 4.000000000000000000e+00
2.145361251959522875e+00 4.200000000000000000e+03 4.000000000000000000e+00
2.436597797992813952e+00 4.300000000000000000e+03 4.000000000000000000e+00
2.759469525486068164e+00 4.400000000000000000e+03 4.000000000000000000e+00
3.125211594039851715e+00 4.500000000000000000e+03 4.000000000000000000e+00
3.524580906909102751e+00 4.600000000000000000e+03 4.000000000000000000e+00
3.955055736888038354e+00 4.700000000000000000e+03 4.000000000000000000e+00
4.428433117040674993e+00 4.800000000000000000e+03 4.000000000000000000e+00
4.912945221827519582e+00 4.900000000000000000e+03 4.000000000000000000e+00
5.477333288200808781e+00 5.000000000000000000e+03 4.000000000000000000e+00
6.059991913688883791e+00 5.100000000000000000e+03 4.000000000000000000e+00
6.642535339600192934e+00 5.200000000000000000e+03 4.000000000000000000e+00
7.299582864888075839e+00 5.300000000000000000e+03 4.000000000000000000e+00
8.016960923474243828e+00 5.400000000000000000e+03 4.000000000000000000e+00
6.670772531458440957e-01 3.500000000000000000e+03 4.500000000000000000e+00
8.133463906992359771e-01 3.600000000000000000e+03 4.500000000000000000e+00
9.739224482157315954e-01 3.700000000000000000e+03 4.500000000000000000e+00
1.149124059013591159e+00 3.800000000000000000e+03 4.500000000000000000e+00
1.351237486976441637e+00 3.900000000000000000e+03 4.500000000000000000e+00
1.567271216112029020e+00 4.000000000000000000e+03 4.500000000000000000e+00
1.820121374597797548e+00 4.100000000000000000e+03 4.500000000000000000e+00
2.068911317615727885e+00 4.200000000000000000e+03 4.500000000000000000e+00
2.421849291519820646e+00 4.300000000000000000e+03 4.500000000000000000e+00
2.758085881350430757e+00 4.400000000000000000e+03 4.500000000000000000e+00
3.127220600608720424e+00 4.500000000000000000e+03 4.500000000000000000e+00
3.547565188471678344e+00 4.600000000000000000e+03 4.500000000000000000e+00
3.971549386823892025e+00 4.700000000000000000e+03 4.500000000000000000e+00
4.457105338683545526e+00 4.800000000000000000e+03 4.500000000000000000e+00
4.943190891925609343e+00 4.900000000000000000e+03 4.500000000000000000e+00
5.478258433810113459e+00 5.000000000000000000e+03 4.500000000000000000e+00
6.042539214081731558e+00 5.100000000000000000e+03 4.500000000000000000e+00
6.655586127561732290e+00 5.200000000000000000e+03 4.500000000000000000e+00
7.314135029581742664e+00 5.300000000000000000e+03 4.500000000000000000e+00
7.937108272236788054e+00 5.400000000000000000e+03 4.500000000000000000e+00
