# # Chi square, temp, lg
5.436662127103660813e-01 3.500000000000000000e+03 3.500000000000000000e+00
4.512360482219778257e-01 3.600000000000000000e+03 3.500000000000000000e+00
4.096179395784371735e-01 3.700000000000000000e+03 3.500000000000000000e+00
4.754663925417677017e-01 3.800000000000000000e+03 3.500000000000000000e+00
6.144074511024338880e-01 3.900000000000000000e+03 3.500000000000000000e+00
8.177396572135712249e-01 4.000000000000000000e+03 3.500000000000000000e+00
1.063078962552608475e+00 4.100000000000000000e+03 3.500000000000000000e+00
1.310685833118040877e+00 4.200000000000000000e+03 3.500000000000000000e+00
1.628261963599648032e+00 4.300000000000000000e+03 3.500000000000000000e+00
1.971531013958560896e+00 4.400000000000000000e+03 3.500000000000000000e+00
2.338236061873209870e+00 4.500000000000000000e+03 3.500000000000000000e+00
2.763235352291127267e+00 4.600000000000000000e+03 3.500000000000000000e+00
3.196332434118462906e+00 4.700000000000000000e+03 3.500000000000000000e+00
3.687769015272473361e+00 4.800000000000000000e+03 3.500000000000000000e+00
4.179110031136902492e+00 4.900000000000000000e+03 3.500000000000000000e+00
4.733996022826213235e+00 5.000000000000000000e+03 3.500000000000000000e+00
5.307261640821374193e+00 5.100000000000000000e+03 3.500000000000000000e+00
5.960831480434197083e+00 5.200000000000000000e+03 3.500000000000000000e+00
6.641080469580614043e+00 5.300000000000000000e+03 3.500000000000000000e+00
7.363776373050342272e+00 5.400000000000000000e+03 3.500000000000000000e+00
5.646698150193639743e-01 3.500000000000000000e+03 4.000000000000000000e+00
4.880495450941145230e-01 3.600000000000000000e+03 4.000000000000000000e+00
4.557483698485125245e-01 3.700000000000000000e+03 4.000000000000000000e+00
5.047482390236901484e-01 3.800000000000000000e+03 4.000000000000000000e+00
6.272872418249272330e-01 3.900000000000000000e+03 4.000000000000000000e+00
8.288934838702742836e-01 4.000000000000000000e+03 4.000000000000000000e+00
1.083285443609680820e+00 4.100000000000000000e+03 4.000000000000000000e+00
1.341897527713437510e+00 4.200000000000000000e+03 4.000000000000000000e+00
1.644599247184329815e+00 4.300000000000000000e+03 4.000000000000000000e+00
1.958940736222203105e+00 4.400000000000000000e+03 4.000000000000000000e+00
2.359215893238673978e+00 4.500000000000000000e+03 4.000000000000000000e+00
2.760818014720197056e+00 4.600000000000000000e+03 4.000000000000000000e+00
3.211206668902707673e+00 4.700000000000000000e+03 4.000000000000000000e+00
3.700863546384355995e+00 4.800000000000000000e+03 4.000000000000000000e+00
4.220843299302472040e+00 4.900000000000000000e+03 4.000000000000000000e+00
4.794158765555978086e+00 5.000000000000000000e+03 4.000000000000000000e+00
5.402375726266368972e+00 5.100000000000000000e+03 4.000000000000000000e+00
6.032887344606897351e+00 5.200000000000000000e+03 4.000000000000000000e+00
6.701891977665850320e+00 5.300000000000000000e+03 4.000000000000000000e+00
7.416204307786133931e+00 5.400000000000000000e+03 4.000000000000000000e+00
5.863985717149443611e-01 3.500000000000000000e+03 4.500000000000000000e+00
5.234989473030388085e-01 3.600000000000000000e+03 4.500000000000000000e+00
5.046013840683021279e-01 3.700000000000000000e+03 4.500000000000000000e+00
5.486603378114689455e-01 3.800000000000000000e+03 4.500000000000000000e+00
6.610079039532554823e-01 3.900000000000000000e+03 4.500000000000000000e+00
8.218758530653802463e-01 4.000000000000000000e+03 4.500000000000000000e+00
1.043054700045630057e+00 4.100000000000000000e+03 4.500000000000000000e+00
1.281091653269256669e+00 4.200000000000000000e+03 4.500000000000000000e+00
1.626340716637272532e+00 4.300000000000000000e+03 4.500000000000000000e+00
1.962551698184073379e+00 4.400000000000000000e+03 4.500000000000000000e+00
2.337967260536317760e+00 4.500000000000000000e+03 4.500000000000000000e+00
2.772407767716994265e+00 4.600000000000000000e+03 4.500000000000000000e+00
3.208560277120350523e+00 4.700000000000000000e+03 4.500000000000000000e+00
3.706527010614760531e+00 4.800000000000000000e+03 4.500000000000000000e+00
4.203293235785607429e+00 4.900000000000000000e+03 4.500000000000000000e+00
4.771325173306680156e+00 5.000000000000000000e+03 4.500000000000000000e+00
5.360150463052822722e+00 5.100000000000000000e+03 4.500000000000000000e+00
5.997891893085532722e+00 5.200000000000000000e+03 4.500000000000000000e+00
6.698261563706729760e+00 5.300000000000000000e+03 4.500000000000000000e+00
7.361359354315061942e+00 5.400000000000000000e+03 4.500000000000000000e+00
