# # Chi square, temp, lg
4.623562560968416113e-01 2.500000000000000000e+03 3.500000000000000000e+00
4.157479281831409912e-01 2.600000000000000000e+03 3.500000000000000000e+00
3.561744476322167285e-01 2.700000000000000000e+03 3.500000000000000000e+00
2.953692309219241308e-01 2.800000000000000000e+03 3.500000000000000000e+00
2.251983245450755733e-01 2.900000000000000000e+03 3.500000000000000000e+00
1.647182074211884784e-01 3.000000000000000000e+03 3.500000000000000000e+00
1.444791442026508443e-01 3.100000000000000000e+03 3.500000000000000000e+00
1.838229902385039305e-01 3.200000000000000000e+03 3.500000000000000000e+00
2.752045969703728057e-01 3.300000000000000000e+03 3.500000000000000000e+00
3.944697705349177186e-01 3.400000000000000000e+03 3.500000000000000000e+00
5.240274461023668451e-01 3.500000000000000000e+03 3.500000000000000000e+00
6.810126372327489630e-01 3.600000000000000000e+03 3.500000000000000000e+00
8.443920163752189900e-01 3.700000000000000000e+03 3.500000000000000000e+00
1.047298895840858890e+00 3.800000000000000000e+03 3.500000000000000000e+00
1.253581064814303314e+00 3.900000000000000000e+03 3.500000000000000000e+00
1.495791784878019115e+00 4.000000000000000000e+03 3.500000000000000000e+00
1.757043472038455345e+00 4.100000000000000000e+03 3.500000000000000000e+00
2.014040993064193152e+00 4.200000000000000000e+03 3.500000000000000000e+00
2.337373204269344029e+00 4.300000000000000000e+03 3.500000000000000000e+00
2.686294500797257179e+00 4.400000000000000000e+03 3.500000000000000000e+00
4.520169158515028873e-01 2.500000000000000000e+03 4.000000000000000000e+00
3.990381464006995116e-01 2.600000000000000000e+03 4.000000000000000000e+00
3.446392238345897807e-01 2.700000000000000000e+03 4.000000000000000000e+00
2.809258648364529320e-01 2.800000000000000000e+03 4.000000000000000000e+00
2.187682840762163183e-01 2.900000000000000000e+03 4.000000000000000000e+00
1.703293569344752068e-01 3.000000000000000000e+03 4.000000000000000000e+00
1.623535404217275047e-01 3.100000000000000000e+03 4.000000000000000000e+00
2.109995991594416642e-01 3.200000000000000000e+03 4.000000000000000000e+00
2.997598323221372096e-01 3.300000000000000000e+03 4.000000000000000000e+00
4.100817188421965742e-01 3.400000000000000000e+03 4.000000000000000000e+00
5.503539001493159555e-01 3.500000000000000000e+03 4.000000000000000000e+00
6.955926978233981650e-01 3.600000000000000000e+03 4.000000000000000000e+00
8.655313609970612942e-01 3.700000000000000000e+03 4.000000000000000000e+00
1.053847076371946967e+00 3.800000000000000000e+03 4.000000000000000000e+00
1.263484730515171517e+00 3.900000000000000000e+03 4.000000000000000000e+00
1.507895135447634649e+00 4.000000000000000000e+03 4.000000000000000000e+00
1.790690961846339357e+00 4.100000000000000000e+03 4.000000000000000000e+00
2.067992565375598613e+00 4.200000000000000000e+03 4.000000000000000000e+00
2.365215027916948376e+00 4.300000000000000000e+03 4.000000000000000000e+00
2.691586028854351831e+00 4.400000000000000000e+03 4.000000000000000000e+00
4.452750951395995638e-01 2.500000000000000000e+03 4.500000000000000000e+00
3.951261146315863115e-01 2.600000000000000000e+03 4.500000000000000000e+00
3.394167439035940537e-01 2.700000000000000000e+03 4.500000000000000000e+00
2.797130284379300558e-01 2.800000000000000000e+03 4.500000000000000000e+00
2.208561062106479678e-01 2.900000000000000000e+03 4.500000000000000000e+00
1.750916422306562359e-01 3.000000000000000000e+03 4.500000000000000000e+00
1.730330808181727298e-01 3.100000000000000000e+03 4.500000000000000000e+00
2.262547715754582578e-01 3.200000000000000000e+03 4.500000000000000000e+00
3.167235990038461679e-01 3.300000000000000000e+03 4.500000000000000000e+00
4.294203223672610759e-01 3.400000000000000000e+03 4.500000000000000000e+00
5.620004334275836566e-01 3.500000000000000000e+03 4.500000000000000000e+00
7.065609072095091481e-01 3.600000000000000000e+03 4.500000000000000000e+00
8.700784989952619064e-01 3.700000000000000000e+03 4.500000000000000000e+00
1.047365363946842098e+00 3.800000000000000000e+03 4.500000000000000000e+00
1.253869517156457558e+00 3.900000000000000000e+03 4.500000000000000000e+00
1.469527349006668482e+00 4.000000000000000000e+03 4.500000000000000000e+00
1.735507315062033928e+00 4.100000000000000000e+03 4.500000000000000000e+00
1.989724416240689964e+00 4.200000000000000000e+03 4.500000000000000000e+00
2.348841342494516038e+00 4.300000000000000000e+03 4.500000000000000000e+00
2.687896204960689150e+00 4.400000000000000000e+03 4.500000000000000000e+00
