# # Chi square, temp, lg
1.890452489556445848e+00 2.000000000000000000e+03 3.500000000000000000e+00
1.872692947093117510e+00 2.100000000000000000e+03 3.500000000000000000e+00
1.844715799823370972e+00 2.200000000000000000e+03 3.500000000000000000e+00
1.809472067237636539e+00 2.300000000000000000e+03 3.500000000000000000e+00
1.778084094052766906e+00 2.400000000000000000e+03 3.500000000000000000e+00
1.737903487982117579e+00 2.500000000000000000e+03 3.500000000000000000e+00
1.695222757879611519e+00 2.600000000000000000e+03 3.500000000000000000e+00
1.640128138679399550e+00 2.700000000000000000e+03 3.500000000000000000e+00
1.580527433569097528e+00 2.800000000000000000e+03 3.500000000000000000e+00
1.505514698422714126e+00 2.900000000000000000e+03 3.500000000000000000e+00
1.424440344925943291e+00 3.000000000000000000e+03 3.500000000000000000e+00
1.337227420863591920e+00 3.100000000000000000e+03 3.500000000000000000e+00
1.244950209083067527e+00 3.200000000000000000e+03 3.500000000000000000e+00
1.139617294523577185e+00 3.300000000000000000e+03 3.500000000000000000e+00
1.016799127660985125e+00 3.400000000000000000e+03 3.500000000000000000e+00
8.895081863500848840e-01 3.500000000000000000e+03 3.500000000000000000e+00
7.383589948258990621e-01 3.600000000000000000e+03 3.500000000000000000e+00
5.783859943295325268e-01 3.700000000000000000e+03 3.500000000000000000e+00
3.748765788358189854e-01 3.800000000000000000e+03 3.500000000000000000e+00
1.967366939908430645e-01 3.900000000000000000e+03 3.500000000000000000e+00
1.882748343619142561e+00 2.000000000000000000e+03 4.000000000000000000e+00
1.871745786758439278e+00 2.100000000000000000e+03 4.000000000000000000e+00
1.843639744462532537e+00 2.200000000000000000e+03 4.000000000000000000e+00
1.808339650614073646e+00 2.300000000000000000e+03 4.000000000000000000e+00
1.771402023560979311e+00 2.400000000000000000e+03 4.000000000000000000e+00
1.729542876305289578e+00 2.500000000000000000e+03 4.000000000000000000e+00
1.682866835109904313e+00 2.600000000000000000e+03 4.000000000000000000e+00
1.631139765919254581e+00 2.700000000000000000e+03 4.000000000000000000e+00
1.565466932553426060e+00 2.800000000000000000e+03 4.000000000000000000e+00
1.490682054018158009e+00 2.900000000000000000e+03 4.000000000000000000e+00
1.414456393612572693e+00 3.000000000000000000e+03 4.000000000000000000e+00
1.326232824499664398e+00 3.100000000000000000e+03 4.000000000000000000e+00
1.227425513771035259e+00 3.200000000000000000e+03 4.000000000000000000e+00
1.116999116657908520e+00 3.300000000000000000e+03 4.000000000000000000e+00
1.000543318524432346e+00 3.400000000000000000e+03 4.000000000000000000e+00
8.576357916252529412e-01 3.500000000000000000e+03 4.000000000000000000e+00
7.135154634406314367e-01 3.600000000000000000e+03 4.000000000000000000e+00
5.473617347611228201e-01 3.700000000000000000e+03 4.000000000000000000e+00
3.637203375131154992e-01 3.800000000000000000e+03 4.000000000000000000e+00
1.888870304749044882e-01 3.900000000000000000e+03 4.000000000000000000e+00
1.897258812563523911e+00 2.000000000000000000e+03 4.500000000000000000e+00
1.868032938573524149e+00 2.100000000000000000e+03 4.500000000000000000e+00
1.840642888480237493e+00 2.200000000000000000e+03 4.500000000000000000e+00
1.801405875238343279e+00 2.300000000000000000e+03 4.500000000000000000e+00
1.764618428034173903e+00 2.400000000000000000e+03 4.500000000000000000e+00
1.725376822904355567e+00 2.500000000000000000e+03 4.500000000000000000e+00
1.680902731819796880e+00 2.600000000000000000e+03 4.500000000000000000e+00
1.626360956119075052e+00 2.700000000000000000e+03 4.500000000000000000e+00
1.565946224205219783e+00 2.800000000000000000e+03 4.500000000000000000e+00
1.494376926435269315e+00 2.900000000000000000e+03 4.500000000000000000e+00
1.414713129811162151e+00 3.000000000000000000e+03 4.500000000000000000e+00
1.316866551704023225e+00 3.100000000000000000e+03 4.500000000000000000e+00
1.216264805808333849e+00 3.200000000000000000e+03 4.500000000000000000e+00
1.107056850999107001e+00 3.300000000000000000e+03 4.500000000000000000e+00
9.843400379475414352e-01 3.400000000000000000e+03 4.500000000000000000e+00
8.526225566114844501e-01 3.500000000000000000e+03 4.500000000000000000e+00
7.055218357282293518e-01 3.600000000000000000e+03 4.500000000000000000e+00
5.435337363496129948e-01 3.700000000000000000e+03 4.500000000000000000e+00
3.755324663308401978e-01 3.800000000000000000e+03 4.500000000000000000e+00
2.077587753136099502e-01 3.900000000000000000e+03 4.500000000000000000e+00
