# # Chi square, temp, lg
2.613151258630981855e-01 3.500000000000000000e+03 3.500000000000000000e+00
3.831262207007312681e-01 3.600000000000000000e+03 3.500000000000000000e+00
5.367892825004421109e-01 3.700000000000000000e+03 3.500000000000000000e+00
7.374737293790901704e-01 3.800000000000000000e+03 3.500000000000000000e+00
9.497576463395450697e-01 3.900000000000000000e+03 3.500000000000000000e+00
1.189925569315413822e+00 4.000000000000000000e+03 3.500000000000000000e+00
1.455747921958630897e+00 4.100000000000000000e+03 3.500000000000000000e+00
1.712273375230100481e+00 4.200000000000000000e+03 3.500000000000000000e+00
2.036981875052323421e+00 4.300000000000000000e+03 3.500000000000000000e+00
2.393817491000304276e+00 4.400000000000000000e+03 3.500000000000000000e+00
2.746063915292638047e+00 4.500000000000000000e+03 3.500000000000000000e+00
3.158004713400835328e+00 4.600000000000000000e+03 3.500000000000000000e+00
3.571210310175450875e+00 4.700000000000000000e+03 3.500000000000000000e+00
4.048930975994663228e+00 4.800000000000000000e+03 3.500000000000000000e+00
4.569556859268522508e+00 4.900000000000000000e+03 3.500000000000000000e+00
5.101918160976008032e+00 5.000000000000000000e+03 3.500000000000000000e+00
5.662716517645539405e+00 5.100000000000000000e+03 3.500000000000000000e+00
6.294151438384782082e+00 5.200000000000000000e+03 3.500000000000000000e+00
6.952107504738675559e+00 5.300000000000000000e+03 3.500000000000000000e+00
7.674317424233985108e+00 5.400000000000000000e+03 3.500000000000000000e+00
3.045940121477071494e-01 3.500000000000000000e+03 4.000000000000000000e+00
4.165764165941170938e-01 3.600000000000000000e+03 4.000000000000000000e+00
5.654010355793214204e-01 3.700000000000000000e+03 4.000000000000000000e+00
7.505121398687137901e-01 3.800000000000000000e+03 4.000000000000000000e+00
9.556875410971420459e-01 3.900000000000000000e+03 4.000000000000000000e+00
1.199321269155704917e+00 4.000000000000000000e+03 4.000000000000000000e+00
1.484696767859162048e+00 4.100000000000000000e+03 4.000000000000000000e+00
1.756738762012003852e+00 4.200000000000000000e+03 4.000000000000000000e+00
2.058201375054203197e+00 4.300000000000000000e+03 4.000000000000000000e+00
2.392108145749105130e+00 4.400000000000000000e+03 4.000000000000000000e+00
2.767911124741491147e+00 4.500000000000000000e+03 4.000000000000000000e+00
3.177189584876532358e+00 4.600000000000000000e+03 4.000000000000000000e+00
3.616861226276067320e+00 4.700000000000000000e+03 4.000000000000000000e+00
4.099601656428489171e+00 4.800000000000000000e+03 4.000000000000000000e+00
4.591962954884605708e+00 4.900000000000000000e+03 4.000000000000000000e+00
5.165179320164593690e+00 5.000000000000000000e+03 4.000000000000000000e+00
5.757240458669012462e+00 5.100000000000000000e+03 4.000000000000000000e+00
6.346922834011179404e+00 5.200000000000000000e+03 4.000000000000000000e+00
7.011058564233019652e+00 5.300000000000000000e+03 4.000000000000000000e+00
7.736384585851961759e+00 5.400000000000000000e+03 4.000000000000000000e+00
3.299460515966484153e-01 3.500000000000000000e+03 4.500000000000000000e+00
4.419357324937660536e-01 3.600000000000000000e+03 4.500000000000000000e+00
5.866294820995756609e-01 3.700000000000000000e+03 4.500000000000000000e+00
7.555008114338819247e-01 3.800000000000000000e+03 4.500000000000000000e+00
9.568576841269927913e-01 3.900000000000000000e+03 4.500000000000000000e+00
1.171670128933681942e+00 4.000000000000000000e+03 4.500000000000000000e+00
1.425621028922872124e+00 4.100000000000000000e+03 4.500000000000000000e+00
1.680674076109948345e+00 4.200000000000000000e+03 4.500000000000000000e+00
2.041914711206147981e+00 4.300000000000000000e+03 4.500000000000000000e+00
2.386521436832909515e+00 4.400000000000000000e+03 4.500000000000000000e+00
2.766676942587600330e+00 4.500000000000000000e+03 4.500000000000000000e+00
3.197944737396844150e+00 4.600000000000000000e+03 4.500000000000000000e+00
3.630877195864490314e+00 4.700000000000000000e+03 4.500000000000000000e+00
4.126510118017421291e+00 4.800000000000000000e+03 4.500000000000000000e+00
4.620834246175758331e+00 4.900000000000000000e+03 4.500000000000000000e+00
5.164611716208328041e+00 5.000000000000000000e+03 4.500000000000000000e+00
5.737012309118862952e+00 5.100000000000000000e+03 4.500000000000000000e+00
6.357800997074184224e+00 5.200000000000000000e+03 4.500000000000000000e+00
7.023693361424790282e+00 5.300000000000000000e+03 4.500000000000000000e+00
7.653790862854513932e+00 5.400000000000000000e+03 4.500000000000000000e+00
