# # Chi square, temp, lg
4.741225420757352316e-01 2.000000000000000000e+03 3.500000000000000000e+00
4.525778542587719500e-01 2.100000000000000000e+03 3.500000000000000000e+00
4.181068863526121171e-01 2.200000000000000000e+03 3.500000000000000000e+00
3.755829116271561796e-01 2.300000000000000000e+03 3.500000000000000000e+00
3.389578797781039876e-01 2.400000000000000000e+03 3.500000000000000000e+00
2.935194108371659838e-01 2.500000000000000000e+03 3.500000000000000000e+00
2.452820153160537864e-01 2.600000000000000000e+03 3.500000000000000000e+00
1.839541775423537973e-01 2.700000000000000000e+03 3.500000000000000000e+00
1.203839837417946673e-01 2.800000000000000000e+03 3.500000000000000000e+00
4.493990882277432847e-02 2.900000000000000000e+03 3.500000000000000000e+00
6.495218666714949740e-02 3.000000000000000000e+03 3.500000000000000000e+00
1.527705144540095483e-01 3.100000000000000000e+03 3.500000000000000000e+00
2.527707354824730857e-01 3.200000000000000000e+03 3.500000000000000000e+00
3.677594831616070037e-01 3.300000000000000000e+03 3.500000000000000000e+00
4.960359888262909078e-01 3.400000000000000000e+03 3.500000000000000000e+00
6.297597284348336322e-01 3.500000000000000000e+03 3.500000000000000000e+00
7.822323827532416951e-01 3.600000000000000000e+03 3.500000000000000000e+00
9.433597506261176546e-01 3.700000000000000000e+03 3.500000000000000000e+00
1.137813505690763227e+00 3.800000000000000000e+03 3.500000000000000000e+00
1.342187340669676043e+00 3.900000000000000000e+03 3.500000000000000000e+00
4.649098538778898004e-01 2.000000000000000000e+03 4.000000000000000000e+00
4.512448692704359998e-01 2.100000000000000000e+03 4.000000000000000000e+00
4.170407285652691920e-01 2.200000000000000000e+03 4.000000000000000000e+00
3.744972888386811083e-01 2.300000000000000000e+03 4.000000000000000000e+00
3.316276836792831362e-01 2.400000000000000000e+03 4.000000000000000000e+00
2.838842054029349082e-01 2.500000000000000000e+03 4.000000000000000000e+00
2.303260450584314889e-01 2.600000000000000000e+03 4.000000000000000000e+00
1.727119040528948546e-01 2.700000000000000000e+03 4.000000000000000000e+00
1.042850404528873065e-01 2.800000000000000000e+03 4.000000000000000000e+00
3.942697789215161841e-02 2.900000000000000000e+03 4.000000000000000000e+00
7.251474057948685548e-02 3.000000000000000000e+03 4.000000000000000000e+00
1.606890390458512452e-01 3.100000000000000000e+03 4.000000000000000000e+00
2.647331713453333069e-01 3.200000000000000000e+03 4.000000000000000000e+00
3.787105991131599625e-01 3.300000000000000000e+03 4.000000000000000000e+00
4.966799629834753871e-01 3.400000000000000000e+03 4.000000000000000000e+00
6.424062511613093385e-01 3.500000000000000000e+03 4.000000000000000000e+00
7.883321369081208729e-01 3.600000000000000000e+03 4.000000000000000000e+00
9.528716295876845654e-01 3.700000000000000000e+03 4.000000000000000000e+00
1.140774931754270360e+00 3.800000000000000000e+03 4.000000000000000000e+00
1.344329109868872774e+00 3.900000000000000000e+03 4.000000000000000000e+00
4.829844992247134261e-01 2.000000000000000000e+03 4.500000000000000000e+00
4.463431530043390216e-01 2.100000000000000000e+03 4.500000000000000000e+00
4.139795535939907456e-01 2.200000000000000000e+03 4.500000000000000000e+00
3.659155412793266282e-01 2.300000000000000000e+03 4.500000000000000000e+00
3.239460713984651519e-01 2.400000000000000000e+03 4.500000000000000000e+00
2.780298169732049463e-01 2.500000000000000000e+03 4.500000000000000000e+00
2.272358030946521612e-01 2.600000000000000000e+03 4.500000000000000000e+00
1.691545145823088736e-01 2.700000000000000000e+03 4.500000000000000000e+00
1.046123115953923044e-01 2.800000000000000000e+03 4.500000000000000000e+00
4.254264131663955395e-02 2.900000000000000000e+03 4.500000000000000000e+00
7.428722329046494322e-02 3.000000000000000000e+03 4.500000000000000000e+00
1.692350854629105228e-01 3.100000000000000000e+03 4.500000000000000000e+00
2.742250274412885713e-01 3.200000000000000000e+03 4.500000000000000000e+00
3.865259119674567256e-01 3.300000000000000000e+03 4.500000000000000000e+00
5.076246603679928082e-01 3.400000000000000000e+03 4.500000000000000000e+00
6.431852117077286879e-01 3.500000000000000000e+03 4.500000000000000000e+00
7.897231030351111736e-01 3.600000000000000000e+03 4.500000000000000000e+00
9.505922014300827172e-01 3.700000000000000000e+03 4.500000000000000000e+00
1.126108913690341717e+00 3.800000000000000000e+03 4.500000000000000000e+00
1.328607900955322441e+00 3.900000000000000000e+03 4.500000000000000000e+00
