# # Chi square, temp, lg
2.748248578012510102e+00 2.000000000000000000e+03 3.500000000000000000e+00
2.732952149155819299e+00 2.100000000000000000e+03 3.500000000000000000e+00
2.707598180338839811e+00 2.200000000000000000e+03 3.500000000000000000e+00
2.676414290031785104e+00 2.300000000000000000e+03 3.500000000000000000e+00
2.648164596335333965e+00 2.400000000000000000e+03 3.500000000000000000e+00
2.612111775901366784e+00 2.500000000000000000e+03 3.500000000000000000e+00
2.573802080565790185e+00 2.600000000000000000e+03 3.500000000000000000e+00
2.523762281374336336e+00 2.700000000000000000e+03 3.500000000000000000e+00
2.468842024836523485e+00 2.800000000000000000e+03 3.500000000000000000e+00
2.399080071658265645e+00 2.900000000000000000e+03 3.500000000000000000e+00
2.324224661111230272e+00 3.000000000000000000e+03 3.500000000000000000e+00
2.243690410894267462e+00 3.100000000000000000e+03 3.500000000000000000e+00
2.158464700774071154e+00 3.200000000000000000e+03 3.500000000000000000e+00
2.057445605060188587e+00 3.300000000000000000e+03 3.500000000000000000e+00
1.943160901867930557e+00 3.400000000000000000e+03 3.500000000000000000e+00
1.819935658821374425e+00 3.500000000000000000e+03 3.500000000000000000e+00
1.672194938104458517e+00 3.600000000000000000e+03 3.500000000000000000e+00
1.511179410998624517e+00 3.700000000000000000e+03 3.500000000000000000e+00
1.303473819558424562e+00 3.800000000000000000e+03 3.500000000000000000e+00
1.093358604513262167e+00 3.900000000000000000e+03 3.500000000000000000e+00
2.741387595554793943e+00 2.000000000000000000e+03 4.000000000000000000e+00
2.731967365240254519e+00 2.100000000000000000e+03 4.000000000000000000e+00
2.707016918384978599e+00 2.200000000000000000e+03 4.000000000000000000e+00
2.676354643139823519e+00 2.300000000000000000e+03 4.000000000000000000e+00
2.642667012402295068e+00 2.400000000000000000e+03 4.000000000000000000e+00
2.605753379474045062e+00 2.500000000000000000e+03 4.000000000000000000e+00
2.562773379524719619e+00 2.600000000000000000e+03 4.000000000000000000e+00
2.515164704428733078e+00 2.700000000000000000e+03 4.000000000000000000e+00
2.455064020758872978e+00 2.800000000000000000e+03 4.000000000000000000e+00
2.386672470518746980e+00 2.900000000000000000e+03 4.000000000000000000e+00
2.313555439953852044e+00 3.000000000000000000e+03 4.000000000000000000e+00
2.231411007693591131e+00 3.100000000000000000e+03 4.000000000000000000e+00
2.137147545212543243e+00 3.200000000000000000e+03 4.000000000000000000e+00
2.034055847236740711e+00 3.300000000000000000e+03 4.000000000000000000e+00
1.922521524190291986e+00 3.400000000000000000e+03 4.000000000000000000e+00
1.782459025339614422e+00 3.500000000000000000e+03 4.000000000000000000e+00
1.638231456263367747e+00 3.600000000000000000e+03 4.000000000000000000e+00
1.475307185791638220e+00 3.700000000000000000e+03 4.000000000000000000e+00
1.288636790455850889e+00 3.800000000000000000e+03 4.000000000000000000e+00
1.079601718982264424e+00 3.900000000000000000e+03 4.000000000000000000e+00
2.754143347709050449e+00 2.000000000000000000e+03 4.500000000000000000e+00
2.728330946676801094e+00 2.100000000000000000e+03 4.500000000000000000e+00
2.704636512362336820e+00 2.200000000000000000e+03 4.500000000000000000e+00
2.669677723218493615e+00 2.300000000000000000e+03 4.500000000000000000e+00
2.636985762077489248e+00 2.400000000000000000e+03 4.500000000000000000e+00
2.601744170194322692e+00 2.500000000000000000e+03 4.500000000000000000e+00
2.561377460437942677e+00 2.600000000000000000e+03 4.500000000000000000e+00
2.512340644812503410e+00 2.700000000000000000e+03 4.500000000000000000e+00
2.456195563353216205e+00 2.800000000000000000e+03 4.500000000000000000e+00
2.388718834342761443e+00 2.900000000000000000e+03 4.500000000000000000e+00
2.314043664702075898e+00 3.000000000000000000e+03 4.500000000000000000e+00
2.221943882898846034e+00 3.100000000000000000e+03 4.500000000000000000e+00
2.124848145227585139e+00 3.200000000000000000e+03 4.500000000000000000e+00
2.020972015168885694e+00 3.300000000000000000e+03 4.500000000000000000e+00
1.902512493363574420e+00 3.400000000000000000e+03 4.500000000000000000e+00
1.771396305865807763e+00 3.500000000000000000e+03 4.500000000000000000e+00
1.624120428467913602e+00 3.600000000000000000e+03 4.500000000000000000e+00
1.460554822433330235e+00 3.700000000000000000e+03 4.500000000000000000e+00
1.282737855254361348e+00 3.800000000000000000e+03 4.500000000000000000e+00
1.078333355686190709e+00 3.900000000000000000e+03 4.500000000000000000e+00
