# # Chi square, temp, lg
3.979992637723565411e-08 2.900000000000000000e+03 3.500000000000000000e+00
3.423269890129886334e-08 3.000000000000000000e+03 3.500000000000000000e+00
2.828669024134443680e-08 3.100000000000000000e+03 3.500000000000000000e+00
2.339777274521495040e-08 3.200000000000000000e+03 3.500000000000000000e+00
1.970670018602578222e-08 3.300000000000000000e+03 3.500000000000000000e+00
1.805975970584655103e-08 3.400000000000000000e+03 3.500000000000000000e+00
1.889673237313661590e-08 3.500000000000000000e+03 3.500000000000000000e+00
2.061550611311227235e-08 3.600000000000000000e+03 3.500000000000000000e+00
2.158912675405009680e-08 3.700000000000000000e+03 3.500000000000000000e+00
2.159499991325133823e-08 3.800000000000000000e+03 3.500000000000000000e+00
3.874332410374318152e-08 2.900000000000000000e+03 4.000000000000000000e+00
3.532847300327420486e-08 3.000000000000000000e+03 4.000000000000000000e+00
3.161176570473861187e-08 3.100000000000000000e+03 4.000000000000000000e+00
2.822457031122751101e-08 3.200000000000000000e+03 4.000000000000000000e+00
2.548721394180202775e-08 3.300000000000000000e+03 4.000000000000000000e+00
2.363564945296604033e-08 3.400000000000000000e+03 4.000000000000000000e+00
2.262924999227812071e-08 3.500000000000000000e+03 4.000000000000000000e+00
2.196291437068784124e-08 3.600000000000000000e+03 4.000000000000000000e+00
2.195937193368127193e-08 3.700000000000000000e+03 4.000000000000000000e+00
2.277290721894217964e-08 3.800000000000000000e+03 4.000000000000000000e+00
3.894844040316386048e-08 2.900000000000000000e+03 4.500000000000000000e+00
3.548241235438347618e-08 3.000000000000000000e+03 4.500000000000000000e+00
3.263826302422160721e-08 3.100000000000000000e+03 4.500000000000000000e+00
3.116993467791892099e-08 3.200000000000000000e+03 4.500000000000000000e+00
3.004202590487481218e-08 3.300000000000000000e+03 4.500000000000000000e+00
2.950633739847780040e-08 3.400000000000000000e+03 4.500000000000000000e+00
2.987267971766891970e-08 3.500000000000000000e+03 4.500000000000000000e+00
3.072873128856692674e-08 3.600000000000000000e+03 4.500000000000000000e+00
3.219701035908443452e-08 3.700000000000000000e+03 4.500000000000000000e+00
3.333671677876416111e-08 3.800000000000000000e+03 4.500000000000000000e+00
