# # Chi square, temp, lg
2.935194108371659838e-01 2.500000000000000000e+03 3.500000000000000000e+00
2.452820153160537864e-01 2.600000000000000000e+03 3.500000000000000000e+00
1.839541775423537973e-01 2.700000000000000000e+03 3.500000000000000000e+00
1.203839837417946673e-01 2.800000000000000000e+03 3.500000000000000000e+00
4.493990882277432847e-02 2.900000000000000000e+03 3.500000000000000000e+00
6.495218666714949740e-02 3.000000000000000000e+03 3.500000000000000000e+00
1.527705144540095483e-01 3.100000000000000000e+03 3.500000000000000000e+00
2.527707354824730857e-01 3.200000000000000000e+03 3.500000000000000000e+00
3.677594831616070037e-01 3.300000000000000000e+03 3.500000000000000000e+00
4.960359888262909078e-01 3.400000000000000000e+03 3.500000000000000000e+00
6.297597284348336322e-01 3.500000000000000000e+03 3.500000000000000000e+00
7.822323827532416951e-01 3.600000000000000000e+03 3.500000000000000000e+00
9.433597506261176546e-01 3.700000000000000000e+03 3.500000000000000000e+00
1.137813505690763227e+00 3.800000000000000000e+03 3.500000000000000000e+00
1.342187340669676043e+00 3.900000000000000000e+03 3.500000000000000000e+00
1.573820864908267225e+00 4.000000000000000000e+03 3.500000000000000000e+00
1.828608652212971641e+00 4.100000000000000000e+03 3.500000000000000000e+00
2.075411607896086696e+00 4.200000000000000000e+03 3.500000000000000000e+00
2.389267926357016236e+00 4.300000000000000000e+03 3.500000000000000000e+00
2.735401307687123307e+00 4.400000000000000000e+03 3.500000000000000000e+00
2.838842054029349082e-01 2.500000000000000000e+03 4.000000000000000000e+00
2.303260450584314889e-01 2.600000000000000000e+03 4.000000000000000000e+00
1.727119040528948546e-01 2.700000000000000000e+03 4.000000000000000000e+00
1.042850404528873065e-01 2.800000000000000000e+03 4.000000000000000000e+00
3.942697789215161841e-02 2.900000000000000000e+03 4.000000000000000000e+00
7.251474057948685548e-02 3.000000000000000000e+03 4.000000000000000000e+00
1.606890390458512452e-01 3.100000000000000000e+03 4.000000000000000000e+00
2.647331713453333069e-01 3.200000000000000000e+03 4.000000000000000000e+00
3.787105991131599625e-01 3.300000000000000000e+03 4.000000000000000000e+00
4.966799629834753871e-01 3.400000000000000000e+03 4.000000000000000000e+00
6.424062511613093385e-01 3.500000000000000000e+03 4.000000000000000000e+00
7.883321369081208729e-01 3.600000000000000000e+03 4.000000000000000000e+00
9.528716295876845654e-01 3.700000000000000000e+03 4.000000000000000000e+00
1.140774931754270360e+00 3.800000000000000000e+03 4.000000000000000000e+00
1.344329109868872774e+00 3.900000000000000000e+03 4.000000000000000000e+00
1.582605435644926617e+00 4.000000000000000000e+03 4.000000000000000000e+00
1.858731706788179672e+00 4.100000000000000000e+03 4.000000000000000000e+00
2.123799330435753863e+00 4.200000000000000000e+03 4.000000000000000000e+00
2.415543324304288308e+00 4.300000000000000000e+03 4.000000000000000000e+00
2.738938778323169121e+00 4.400000000000000000e+03 4.000000000000000000e+00
2.780298169732049463e-01 2.500000000000000000e+03 4.500000000000000000e+00
2.272358030946521612e-01 2.600000000000000000e+03 4.500000000000000000e+00
1.691545145823088736e-01 2.700000000000000000e+03 4.500000000000000000e+00
1.046123115953923044e-01 2.800000000000000000e+03 4.500000000000000000e+00
4.254264131663955395e-02 2.900000000000000000e+03 4.500000000000000000e+00
7.428722329046494322e-02 3.000000000000000000e+03 4.500000000000000000e+00
1.692350854629105228e-01 3.100000000000000000e+03 4.500000000000000000e+00
2.742250274412885713e-01 3.200000000000000000e+03 4.500000000000000000e+00
3.865259119674567256e-01 3.300000000000000000e+03 4.500000000000000000e+00
5.076246603679928082e-01 3.400000000000000000e+03 4.500000000000000000e+00
6.431852117077286879e-01 3.500000000000000000e+03 4.500000000000000000e+00
7.897231030351111736e-01 3.600000000000000000e+03 4.500000000000000000e+00
9.505922014300827172e-01 3.700000000000000000e+03 4.500000000000000000e+00
1.126108913690341717e+00 3.800000000000000000e+03 4.500000000000000000e+00
1.328607900955322441e+00 3.900000000000000000e+03 4.500000000000000000e+00
1.544922190142802521e+00 4.000000000000000000e+03 4.500000000000000000e+00
1.798082162506832837e+00 4.100000000000000000e+03 4.500000000000000000e+00
2.047273212757672489e+00 4.200000000000000000e+03 4.500000000000000000e+00
2.400708941555940168e+00 4.300000000000000000e+03 4.500000000000000000e+00
2.737404622739427307e+00 4.400000000000000000e+03 4.500000000000000000e+00
