# # Chi square, temp, lg
1.411946268467423327e+00 2.500000000000000000e+03 3.500000000000000000e+00
1.363462994966894382e+00 2.600000000000000000e+03 3.500000000000000000e+00
1.302382347688095798e+00 2.700000000000000000e+03 3.500000000000000000e+00
1.237182209359662943e+00 2.800000000000000000e+03 3.500000000000000000e+00
1.154942347041078010e+00 2.900000000000000000e+03 3.500000000000000000e+00
1.066026559922414574e+00 3.000000000000000000e+03 3.500000000000000000e+00
9.759142228582945444e-01 3.100000000000000000e+03 3.500000000000000000e+00
8.782889131343284417e-01 3.200000000000000000e+03 3.500000000000000000e+00
7.688910197085836451e-01 3.300000000000000000e+03 3.500000000000000000e+00
6.526301589914734747e-01 3.400000000000000000e+03 3.500000000000000000e+00
5.436662127103660813e-01 3.500000000000000000e+03 3.500000000000000000e+00
4.512360482219778257e-01 3.600000000000000000e+03 3.500000000000000000e+00
4.096179395784371735e-01 3.700000000000000000e+03 3.500000000000000000e+00
4.754663925417677017e-01 3.800000000000000000e+03 3.500000000000000000e+00
6.144074511024338880e-01 3.900000000000000000e+03 3.500000000000000000e+00
8.177396572135712249e-01 4.000000000000000000e+03 3.500000000000000000e+00
1.063078962552608475e+00 4.100000000000000000e+03 3.500000000000000000e+00
1.310685833118040877e+00 4.200000000000000000e+03 3.500000000000000000e+00
1.628261963599648032e+00 4.300000000000000000e+03 3.500000000000000000e+00
1.971531013958560896e+00 4.400000000000000000e+03 3.500000000000000000e+00
1.402035015799479423e+00 2.500000000000000000e+03 4.000000000000000000e+00
1.348112517682976463e+00 2.600000000000000000e+03 4.000000000000000000e+00
1.290948970133468876e+00 2.700000000000000000e+03 4.000000000000000000e+00
1.220647944242466698e+00 2.800000000000000000e+03 4.000000000000000000e+00
1.141977576792139626e+00 2.900000000000000000e+03 4.000000000000000000e+00
1.061204414337477031e+00 3.000000000000000000e+03 4.000000000000000000e+00
9.734374714091297287e-01 3.100000000000000000e+03 4.000000000000000000e+00
8.735668604591541042e-01 3.200000000000000000e+03 4.000000000000000000e+00
7.709624885965015162e-01 3.300000000000000000e+03 4.000000000000000000e+00
6.719841161565848209e-01 3.400000000000000000e+03 4.000000000000000000e+00
5.646698150193639743e-01 3.500000000000000000e+03 4.000000000000000000e+00
4.880495450941145230e-01 3.600000000000000000e+03 4.000000000000000000e+00
4.557483698485125245e-01 3.700000000000000000e+03 4.000000000000000000e+00
5.047482390236901484e-01 3.800000000000000000e+03 4.000000000000000000e+00
6.272872418249272330e-01 3.900000000000000000e+03 4.000000000000000000e+00
8.288934838702742836e-01 4.000000000000000000e+03 4.000000000000000000e+00
1.083285443609680820e+00 4.100000000000000000e+03 4.000000000000000000e+00
1.341897527713437510e+00 4.200000000000000000e+03 4.000000000000000000e+00
1.644599247184329815e+00 4.300000000000000000e+03 4.000000000000000000e+00
1.958940736222203105e+00 4.400000000000000000e+03 4.000000000000000000e+00
1.395177153533784020e+00 2.500000000000000000e+03 4.500000000000000000e+00
1.344268604502362408e+00 2.600000000000000000e+03 4.500000000000000000e+00
1.284220315666727563e+00 2.700000000000000000e+03 4.500000000000000000e+00
1.218241438182098291e+00 2.800000000000000000e+03 4.500000000000000000e+00
1.144616977037956396e+00 2.900000000000000000e+03 4.500000000000000000e+00
1.062606276958985685e+00 3.000000000000000000e+03 4.500000000000000000e+00
9.691184716553737921e-01 3.100000000000000000e+03 4.500000000000000000e+00
8.718904548458417114e-01 3.200000000000000000e+03 4.500000000000000000e+00
7.755784559160775471e-01 3.300000000000000000e+03 4.500000000000000000e+00
6.776546012275088682e-01 3.400000000000000000e+03 4.500000000000000000e+00
5.863985717149443611e-01 3.500000000000000000e+03 4.500000000000000000e+00
5.234989473030388085e-01 3.600000000000000000e+03 4.500000000000000000e+00
5.046013840683021279e-01 3.700000000000000000e+03 4.500000000000000000e+00
5.486603378114689455e-01 3.800000000000000000e+03 4.500000000000000000e+00
6.610079039532554823e-01 3.900000000000000000e+03 4.500000000000000000e+00
8.218758530653802463e-01 4.000000000000000000e+03 4.500000000000000000e+00
1.043054700045630057e+00 4.100000000000000000e+03 4.500000000000000000e+00
1.281091653269256669e+00 4.200000000000000000e+03 4.500000000000000000e+00
1.626340716637272532e+00 4.300000000000000000e+03 4.500000000000000000e+00
1.962551698184073379e+00 4.400000000000000000e+03 4.500000000000000000e+00
