# # Chi square, temp, lg
6.370810130619758205e+00 3.500000000000000000e+03 3.500000000000000000e+00
6.236797918512122507e+00 3.600000000000000000e+03 3.500000000000000000e+00
6.088187019468365158e+00 3.700000000000000000e+03 3.500000000000000000e+00
5.897805316564223688e+00 3.800000000000000000e+03 3.500000000000000000e+00
5.695513399173198543e+00 3.900000000000000000e+03 3.500000000000000000e+00
5.464501696801387531e+00 4.000000000000000000e+03 3.500000000000000000e+00
5.207531154901152703e+00 4.100000000000000000e+03 3.500000000000000000e+00
4.954722328313581947e+00 4.200000000000000000e+03 3.500000000000000000e+00
4.634204242317359501e+00 4.300000000000000000e+03 3.500000000000000000e+00
4.292563429813883502e+00 4.400000000000000000e+03 3.500000000000000000e+00
3.925786376489978746e+00 4.500000000000000000e+03 3.500000000000000000e+00
3.499767618826867377e+00 4.600000000000000000e+03 3.500000000000000000e+00
3.086294064065344234e+00 4.700000000000000000e+03 3.500000000000000000e+00
2.619082170397949216e+00 4.800000000000000000e+03 3.500000000000000000e+00
2.146965837649751574e+00 4.900000000000000000e+03 3.500000000000000000e+00
1.645030071152720375e+00 5.000000000000000000e+03 3.500000000000000000e+00
1.166651463818140444e+00 5.100000000000000000e+03 3.500000000000000000e+00
7.971588834629090847e-01 5.200000000000000000e+03 3.500000000000000000e+00
9.353846736848516752e-01 5.300000000000000000e+03 3.500000000000000000e+00
1.472410603674473073e+00 5.400000000000000000e+03 3.500000000000000000e+00
6.330807654412824448e+00 3.500000000000000000e+03 4.000000000000000000e+00
6.199835796756349104e+00 3.600000000000000000e+03 4.000000000000000000e+00
6.049237407761992813e+00 3.700000000000000000e+03 4.000000000000000000e+00
5.880146566473566594e+00 3.800000000000000000e+03 4.000000000000000000e+00
5.683500329428066600e+00 3.900000000000000000e+03 4.000000000000000000e+00
5.450533288814837007e+00 4.000000000000000000e+03 4.000000000000000000e+00
5.186182497067149733e+00 4.100000000000000000e+03 4.000000000000000000e+00
4.924856932995046677e+00 4.200000000000000000e+03 4.000000000000000000e+00
4.635305768398064963e+00 4.300000000000000000e+03 4.000000000000000000e+00
4.313478596110941865e+00 4.400000000000000000e+03 4.000000000000000000e+00
3.933007833790414409e+00 4.500000000000000000e+03 4.000000000000000000e+00
3.522859720942227657e+00 4.600000000000000000e+03 4.000000000000000000e+00
3.090520819010457831e+00 4.700000000000000000e+03 4.000000000000000000e+00
2.631721873050683058e+00 4.800000000000000000e+03 4.000000000000000000e+00
2.116024772327587122e+00 4.900000000000000000e+03 4.000000000000000000e+00
1.611839799015825525e+00 5.000000000000000000e+03 4.000000000000000000e+00
1.132158829805572697e+00 5.100000000000000000e+03 4.000000000000000000e+00
8.553661280139979173e-01 5.200000000000000000e+03 4.000000000000000000e+00
1.029974086308312664e+00 5.300000000000000000e+03 4.000000000000000000e+00
1.605119641904807715e+00 5.400000000000000000e+03 4.000000000000000000e+00
6.313591218514429393e+00 3.500000000000000000e+03 4.500000000000000000e+00
6.181483515507288473e+00 3.600000000000000000e+03 4.500000000000000000e+00
6.035532930483020309e+00 3.700000000000000000e+03 4.500000000000000000e+00
5.866083866924354240e+00 3.800000000000000000e+03 4.500000000000000000e+00
5.679291405425701100e+00 3.900000000000000000e+03 4.500000000000000000e+00
5.480482621776004315e+00 4.000000000000000000e+03 4.500000000000000000e+00
5.234714208783958433e+00 4.100000000000000000e+03 4.500000000000000000e+00
4.995268548251187823e+00 4.200000000000000000e+03 4.500000000000000000e+00
4.655092757101977341e+00 4.300000000000000000e+03 4.500000000000000000e+00
4.319115940335653825e+00 4.400000000000000000e+03 4.500000000000000000e+00
3.950854002540006515e+00 4.500000000000000000e+03 4.500000000000000000e+00
3.528420822327065220e+00 4.600000000000000000e+03 4.500000000000000000e+00
3.115732946162084183e+00 4.700000000000000000e+03 4.500000000000000000e+00
2.625906586202531923e+00 4.800000000000000000e+03 4.500000000000000000e+00
2.148856277633969469e+00 4.900000000000000000e+03 4.500000000000000000e+00
1.655747422240606115e+00 5.000000000000000000e+03 4.500000000000000000e+00
1.198303501570456620e+00 5.100000000000000000e+03 4.500000000000000000e+00
8.765328067584521321e-01 5.200000000000000000e+03 4.500000000000000000e+00
1.046417921917738747e+00 5.300000000000000000e+03 4.500000000000000000e+00
1.514296915704251179e+00 5.400000000000000000e+03 4.500000000000000000e+00
