# # Chi square, temp, lg
8.895081863500848840e-01 3.500000000000000000e+03 3.500000000000000000e+00
7.383589948258990621e-01 3.600000000000000000e+03 3.500000000000000000e+00
5.783859943295325268e-01 3.700000000000000000e+03 3.500000000000000000e+00
3.748765788358189854e-01 3.800000000000000000e+03 3.500000000000000000e+00
1.967366939908430645e-01 3.900000000000000000e+03 3.500000000000000000e+00
1.937676859438903221e-01 4.000000000000000000e+03 3.500000000000000000e+00
4.206303997356981572e-01 4.100000000000000000e+03 3.500000000000000000e+00
6.786038540682642894e-01 4.200000000000000000e+03 3.500000000000000000e+00
1.010958197747456877e+00 4.300000000000000000e+03 3.500000000000000000e+00
1.357210711239906997e+00 4.400000000000000000e+03 3.500000000000000000e+00
1.728566070952260558e+00 4.500000000000000000e+03 3.500000000000000000e+00
2.153854722153929035e+00 4.600000000000000000e+03 3.500000000000000000e+00
2.576877811820741382e+00 4.700000000000000000e+03 3.500000000000000000e+00
3.061790992202961803e+00 4.800000000000000000e+03 3.500000000000000000e+00
3.570296338478624598e+00 4.900000000000000000e+03 3.500000000000000000e+00
4.112813577466518211e+00 5.000000000000000000e+03 3.500000000000000000e+00
4.674920375345961610e+00 5.100000000000000000e+03 3.500000000000000000e+00
5.356996280075384753e+00 5.200000000000000000e+03 3.500000000000000000e+00
5.988168286647539418e+00 5.300000000000000000e+03 3.500000000000000000e+00
6.698076344949509320e+00 5.400000000000000000e+03 3.500000000000000000e+00
8.576357916252529412e-01 3.500000000000000000e+03 4.000000000000000000e+00
7.135154634406314367e-01 3.600000000000000000e+03 4.000000000000000000e+00
5.473617347611228201e-01 3.700000000000000000e+03 4.000000000000000000e+00
3.637203375131154992e-01 3.800000000000000000e+03 4.000000000000000000e+00
1.888870304749044882e-01 3.900000000000000000e+03 4.000000000000000000e+00
1.998631904061788367e-01 4.000000000000000000e+03 4.000000000000000000e+00
4.457598961921738767e-01 4.100000000000000000e+03 4.000000000000000000e+00
7.155385786293525507e-01 4.200000000000000000e+03 4.000000000000000000e+00
1.018152336352267762e+00 4.300000000000000000e+03 4.000000000000000000e+00
1.352202778935664984e+00 4.400000000000000000e+03 4.000000000000000000e+00
1.743291834948840657e+00 4.500000000000000000e+03 4.000000000000000000e+00
2.163267830776133049e+00 4.600000000000000000e+03 4.000000000000000000e+00
2.610555485054445235e+00 4.700000000000000000e+03 4.000000000000000000e+00
3.094004467590200314e+00 4.800000000000000000e+03 4.000000000000000000e+00
3.619602599997746140e+00 4.900000000000000000e+03 4.000000000000000000e+00
4.194748641530201105e+00 5.000000000000000000e+03 4.000000000000000000e+00
4.787991578078059973e+00 5.100000000000000000e+03 4.000000000000000000e+00
5.405410940666596886e+00 5.200000000000000000e+03 4.000000000000000000e+00
6.096150718142482106e+00 5.300000000000000000e+03 4.000000000000000000e+00
6.819989997426525896e+00 5.400000000000000000e+03 4.000000000000000000e+00
8.526225566114844501e-01 3.500000000000000000e+03 4.500000000000000000e+00
7.055218357282293518e-01 3.600000000000000000e+03 4.500000000000000000e+00
5.435337363496129948e-01 3.700000000000000000e+03 4.500000000000000000e+00
3.755324663308401978e-01 3.800000000000000000e+03 4.500000000000000000e+00
2.077587753136099502e-01 3.900000000000000000e+03 4.500000000000000000e+00
1.925220197264834732e-01 4.000000000000000000e+03 4.500000000000000000e+00
4.002612933523583827e-01 4.100000000000000000e+03 4.500000000000000000e+00
6.432125478738579538e-01 4.200000000000000000e+03 4.500000000000000000e+00
9.998838224641174444e-01 4.300000000000000000e+03 4.500000000000000000e+00
1.357962705977137974e+00 4.400000000000000000e+03 4.500000000000000000e+00
1.742250772450869789e+00 4.500000000000000000e+03 4.500000000000000000e+00
2.174994090005077929e+00 4.600000000000000000e+03 4.500000000000000000e+00
2.616003291933552521e+00 4.700000000000000000e+03 4.500000000000000000e+00
3.125344687894986428e+00 4.800000000000000000e+03 4.500000000000000000e+00
3.631115317985911251e+00 4.900000000000000000e+03 4.500000000000000000e+00
4.179590894112192423e+00 5.000000000000000000e+03 4.500000000000000000e+00
4.777899093496071004e+00 5.100000000000000000e+03 4.500000000000000000e+00
5.411924997674129934e+00 5.200000000000000000e+03 4.500000000000000000e+00
6.106429134307773232e+00 5.300000000000000000e+03 4.500000000000000000e+00
6.721072151013883555e+00 5.400000000000000000e+03 4.500000000000000000e+00
