# # Chi square, temp, lg
7.315850335260893011e+00 2.500000000000000000e+03 3.500000000000000000e+00
7.279815461330168880e+00 2.600000000000000000e+03 3.500000000000000000e+00
7.231686491144955653e+00 2.700000000000000000e+03 3.500000000000000000e+00
7.179229464098190405e+00 2.800000000000000000e+03 3.500000000000000000e+00
7.112198437839842846e+00 2.900000000000000000e+03 3.500000000000000000e+00
7.037999439688512382e+00 3.000000000000000000e+03 3.500000000000000000e+00
6.958727137699784571e+00 3.100000000000000000e+03 3.500000000000000000e+00
6.874007522548335913e+00 3.200000000000000000e+03 3.500000000000000000e+00
6.772069486361075086e+00 3.300000000000000000e+03 3.500000000000000000e+00
6.656893365600324408e+00 3.400000000000000000e+03 3.500000000000000000e+00
6.531799886705123903e+00 3.500000000000000000e+03 3.500000000000000000e+00
6.380273058259029462e+00 3.600000000000000000e+03 3.500000000000000000e+00
6.213946881462099725e+00 3.700000000000000000e+03 3.500000000000000000e+00
6.001612904839894291e+00 3.800000000000000000e+03 3.500000000000000000e+00
5.789016642449128724e+00 3.900000000000000000e+03 3.500000000000000000e+00
5.537387682679133505e+00 4.000000000000000000e+03 3.500000000000000000e+00
5.272683363199701212e+00 4.100000000000000000e+03 3.500000000000000000e+00
5.012144444526867915e+00 4.200000000000000000e+03 3.500000000000000000e+00
4.687508626607257867e+00 4.300000000000000000e+03 3.500000000000000000e+00
4.347092568840849935e+00 4.400000000000000000e+03 3.500000000000000000e+00
7.309535534326959016e+00 2.500000000000000000e+03 4.000000000000000000e+00
7.268825431025788930e+00 2.600000000000000000e+03 4.000000000000000000e+00
7.223703955491647122e+00 2.700000000000000000e+03 4.000000000000000000e+00
7.166123104553808076e+00 2.800000000000000000e+03 4.000000000000000000e+00
7.099676185971444120e+00 2.900000000000000000e+03 4.000000000000000000e+00
7.027182506053369693e+00 3.000000000000000000e+03 4.000000000000000000e+00
6.945809860790497225e+00 3.100000000000000000e+03 4.000000000000000000e+00
6.852000279089508261e+00 3.200000000000000000e+03 4.000000000000000000e+00
6.748645699658703201e+00 3.300000000000000000e+03 4.000000000000000000e+00
6.636543708697765886e+00 3.400000000000000000e+03 4.000000000000000000e+00
6.496264272315891652e+00 3.500000000000000000e+03 4.000000000000000000e+00
6.350039173815244631e+00 3.600000000000000000e+03 4.000000000000000000e+00
6.184045362580672389e+00 3.700000000000000000e+03 4.000000000000000000e+00
5.992494815289126642e+00 3.800000000000000000e+03 4.000000000000000000e+00
5.779727252122870418e+00 3.900000000000000000e+03 4.000000000000000000e+00
5.525656244449068666e+00 4.000000000000000000e+03 4.000000000000000000e+00
5.244166006368932820e+00 4.100000000000000000e+03 4.000000000000000000e+00
4.965246287409636139e+00 4.200000000000000000e+03 4.000000000000000000e+00
4.664221361277591349e+00 4.300000000000000000e+03 4.000000000000000000e+00
4.339840007907898922e+00 4.400000000000000000e+03 4.000000000000000000e+00
7.305875407228595186e+00 2.500000000000000000e+03 4.500000000000000000e+00
7.267706367274211487e+00 2.600000000000000000e+03 4.500000000000000000e+00
7.221058834432311002e+00 2.700000000000000000e+03 4.500000000000000000e+00
7.167109182838550474e+00 2.800000000000000000e+03 4.500000000000000000e+00
7.101764677548535687e+00 2.900000000000000000e+03 4.500000000000000000e+00
7.028248556390833457e+00 3.000000000000000000e+03 4.500000000000000000e+00
6.937058271139100896e+00 3.100000000000000000e+03 4.500000000000000000e+00
6.840643477705099507e+00 3.200000000000000000e+03 4.500000000000000000e+00
6.736238843170367474e+00 3.300000000000000000e+03 4.500000000000000000e+00
6.617432894599281745e+00 3.400000000000000000e+03 4.500000000000000000e+00
6.484552399638746856e+00 3.500000000000000000e+03 4.500000000000000000e+00
6.337813514098995960e+00 3.600000000000000000e+03 4.500000000000000000e+00
6.171863239197859841e+00 3.700000000000000000e+03 4.500000000000000000e+00
5.990700615842420973e+00 3.800000000000000000e+03 4.500000000000000000e+00
5.784498848896790335e+00 3.900000000000000000e+03 4.500000000000000000e+00
5.562535512585036201e+00 4.000000000000000000e+03 4.500000000000000000e+00
5.299003654585511036e+00 4.100000000000000000e+03 4.500000000000000000e+00
5.041881315818724119e+00 4.200000000000000000e+03 4.500000000000000000e+00
4.676785002359368448e+00 4.300000000000000000e+03 4.500000000000000000e+00
4.334871088574303144e+00 4.400000000000000000e+03 4.500000000000000000e+00
