# # Chi square, temp, lg
2.319097817578276821e+00 2.500000000000000000e+03 3.500000000000000000e+00
2.279152348156665564e+00 2.600000000000000000e+03 3.500000000000000000e+00
2.227329180960936572e+00 2.700000000000000000e+03 3.500000000000000000e+00
2.171394228748083410e+00 2.800000000000000000e+03 3.500000000000000000e+00
2.099325919480576008e+00 2.900000000000000000e+03 3.500000000000000000e+00
2.021919531613119325e+00 3.000000000000000000e+03 3.500000000000000000e+00
1.940248603145880768e+00 3.100000000000000000e+03 3.500000000000000000e+00
1.851805959514416067e+00 3.200000000000000000e+03 3.500000000000000000e+00
1.750580984693794306e+00 3.300000000000000000e+03 3.500000000000000000e+00
1.634723005123571493e+00 3.400000000000000000e+03 3.500000000000000000e+00
1.510027419294896589e+00 3.500000000000000000e+03 3.500000000000000000e+00
1.357667361490446201e+00 3.600000000000000000e+03 3.500000000000000000e+00
1.200522868450995206e+00 3.700000000000000000e+03 3.500000000000000000e+00
9.921699026085456508e-01 3.800000000000000000e+03 3.500000000000000000e+00
7.849128343092519611e-01 3.900000000000000000e+03 3.500000000000000000e+00
5.442415296500632271e-01 4.000000000000000000e+03 3.500000000000000000e+00
3.187272136975456971e-01 4.100000000000000000e+03 3.500000000000000000e+00
2.247943018454958142e-01 4.200000000000000000e+03 3.500000000000000000e+00
4.303249044222534070e-01 4.300000000000000000e+03 3.500000000000000000e+00
7.610775669384181041e-01 4.400000000000000000e+03 3.500000000000000000e+00
2.311416194039074057e+00 2.500000000000000000e+03 4.000000000000000000e+00
2.267644270424598929e+00 2.600000000000000000e+03 4.000000000000000000e+00
2.217615393325430340e+00 2.700000000000000000e+03 4.000000000000000000e+00
2.156955935928987156e+00 2.800000000000000000e+03 4.000000000000000000e+00
2.085829652474499252e+00 2.900000000000000000e+03 4.000000000000000000e+00
2.012062251957726033e+00 3.000000000000000000e+03 4.000000000000000000e+00
1.927402209936196487e+00 3.100000000000000000e+03 4.000000000000000000e+00
1.831679343149918759e+00 3.200000000000000000e+03 4.000000000000000000e+00
1.726316838406995346e+00 3.300000000000000000e+03 4.000000000000000000e+00
1.611809833788978574e+00 3.400000000000000000e+03 4.000000000000000000e+00
1.475325203748116154e+00 3.500000000000000000e+03 4.000000000000000000e+00
1.329490456946092802e+00 3.600000000000000000e+03 4.000000000000000000e+00
1.163907164923464910e+00 3.700000000000000000e+03 4.000000000000000000e+00
9.749514518220352421e-01 3.800000000000000000e+03 4.000000000000000000e+00
7.679718187109533245e-01 3.900000000000000000e+03 4.000000000000000000e+00
5.362862128472616341e-01 4.000000000000000000e+03 4.000000000000000000e+00
2.962002968423625426e-01 4.100000000000000000e+03 4.000000000000000000e+00
2.359931195301763762e-01 4.200000000000000000e+03 4.000000000000000000e+00
4.593737740050451990e-01 4.300000000000000000e+03 4.000000000000000000e+00
7.587866901671950215e-01 4.400000000000000000e+03 4.000000000000000000e+00
2.307150320777425101e+00 2.500000000000000000e+03 4.500000000000000000e+00
2.265369513689715397e+00 2.600000000000000000e+03 4.500000000000000000e+00
2.214360664088154351e+00 2.700000000000000000e+03 4.500000000000000000e+00
2.155993784950111625e+00 2.800000000000000000e+03 4.500000000000000000e+00
2.088018858697260338e+00 2.900000000000000000e+03 4.500000000000000000e+00
2.011738815720919504e+00 3.000000000000000000e+03 4.500000000000000000e+00
1.917748387559004675e+00 3.100000000000000000e+03 4.500000000000000000e+00
1.818978422442292686e+00 3.200000000000000000e+03 4.500000000000000000e+00
1.712023815021310735e+00 3.300000000000000000e+03 4.500000000000000000e+00
1.594047107259691343e+00 3.400000000000000000e+03 4.500000000000000000e+00
1.462422330646718116e+00 3.500000000000000000e+03 4.500000000000000000e+00
1.316095576166017800e+00 3.600000000000000000e+03 4.500000000000000000e+00
1.152383641227386235e+00 3.700000000000000000e+03 4.500000000000000000e+00
9.752264917084572104e-01 3.800000000000000000e+03 4.500000000000000000e+00
7.759395482969800861e-01 3.900000000000000000e+03 4.500000000000000000e+00
5.653163434087560280e-01 4.000000000000000000e+03 4.500000000000000000e+00
3.352253215137003806e-01 4.100000000000000000e+03 4.500000000000000000e+00
2.249199085336274495e-01 4.200000000000000000e+03 4.500000000000000000e+00
4.420380877639957795e-01 4.300000000000000000e+03 4.500000000000000000e+00
7.700903357856023757e-01 4.400000000000000000e+03 4.500000000000000000e+00
