# # Chi square, temp, lg
9.933552756372840964e-01 2.000000000000000000e+03 3.500000000000000000e+00
9.734235635658171626e-01 2.100000000000000000e+03 3.500000000000000000e+00
9.406836914560378071e-01 2.200000000000000000e+03 3.500000000000000000e+00
9.001554376513097866e-01 2.300000000000000000e+03 3.500000000000000000e+00
8.648995119065039372e-01 2.400000000000000000e+03 3.500000000000000000e+00
8.197191390196754135e-01 2.500000000000000000e+03 3.500000000000000000e+00
7.728360840475985150e-01 2.600000000000000000e+03 3.500000000000000000e+00
7.126906116165956373e-01 2.700000000000000000e+03 3.500000000000000000e+00
6.481640777476930237e-01 2.800000000000000000e+03 3.500000000000000000e+00
5.658866290430335511e-01 2.900000000000000000e+03 3.500000000000000000e+00
4.778681681735359454e-01 3.000000000000000000e+03 3.500000000000000000e+00
3.866577006006747808e-01 3.100000000000000000e+03 3.500000000000000000e+00
2.873595177429973946e-01 3.200000000000000000e+03 3.500000000000000000e+00
1.753086569569682063e-01 3.300000000000000000e+03 3.500000000000000000e+00
7.029065945908447022e-02 3.400000000000000000e+03 3.500000000000000000e+00
1.182641167043608360e-01 3.500000000000000000e+03 3.500000000000000000e+00
2.708757424557925453e-01 3.600000000000000000e+03 3.500000000000000000e+00
4.359105881110214575e-01 3.700000000000000000e+03 3.500000000000000000e+00
6.421913927757575413e-01 3.800000000000000000e+03 3.500000000000000000e+00
8.544034655935700551e-01 3.900000000000000000e+03 3.500000000000000000e+00
9.847515793579503240e-01 2.000000000000000000e+03 4.000000000000000000e+00
9.715732638032524848e-01 2.100000000000000000e+03 4.000000000000000000e+00
9.390114534760132248e-01 2.200000000000000000e+03 4.000000000000000000e+00
8.994767880524173753e-01 2.300000000000000000e+03 4.000000000000000000e+00
8.562013205942686778e-01 2.400000000000000000e+03 4.000000000000000000e+00
8.106052341872593825e-01 2.500000000000000000e+03 4.000000000000000000e+00
7.577868144699626551e-01 2.600000000000000000e+03 4.000000000000000000e+00
7.013651150726010197e-01 2.700000000000000000e+03 4.000000000000000000e+00
6.311766717064398735e-01 2.800000000000000000e+03 4.000000000000000000e+00
5.513440121322736864e-01 2.900000000000000000e+03 4.000000000000000000e+00
4.693992615947518154e-01 3.000000000000000000e+03 4.000000000000000000e+00
3.796459207254468948e-01 3.100000000000000000e+03 4.000000000000000000e+00
2.762275256972013260e-01 3.200000000000000000e+03 4.000000000000000000e+00
1.703101665415200083e-01 3.300000000000000000e+03 4.000000000000000000e+00
8.824116238349863361e-02 3.400000000000000000e+03 4.000000000000000000e+00
1.504021986867593585e-01 3.500000000000000000e+03 4.000000000000000000e+00
2.896836971822405182e-01 3.600000000000000000e+03 4.000000000000000000e+00
4.592566288401511709e-01 3.700000000000000000e+03 4.000000000000000000e+00
6.506240918222339076e-01 3.800000000000000000e+03 4.000000000000000000e+00
8.650765552318652185e-01 3.900000000000000000e+03 4.000000000000000000e+00
1.001100338782690002e+00 2.000000000000000000e+03 4.500000000000000000e+00
9.668993277204828152e-01 2.100000000000000000e+03 4.500000000000000000e+00
9.360922444302317569e-01 2.200000000000000000e+03 4.500000000000000000e+00
8.904111451037464153e-01 2.300000000000000000e+03 4.500000000000000000e+00
8.489951943988858218e-01 2.400000000000000000e+03 4.500000000000000000e+00
8.050541378308593288e-01 2.500000000000000000e+03 4.500000000000000000e+00
7.548011782370348532e-01 2.600000000000000000e+03 4.500000000000000000e+00
6.959248368516335326e-01 2.700000000000000000e+03 4.500000000000000000e+00
6.293413424288211155e-01 2.800000000000000000e+03 4.500000000000000000e+00
5.539166444678644829e-01 2.900000000000000000e+03 4.500000000000000000e+00
4.700514395796581701e-01 3.000000000000000000e+03 4.500000000000000000e+00
3.732668651217324052e-01 3.100000000000000000e+03 4.500000000000000000e+00
2.712851676643614485e-01 3.200000000000000000e+03 4.500000000000000000e+00
1.729334807045825040e-01 3.300000000000000000e+03 4.500000000000000000e+00
1.118133763275637044e-01 3.400000000000000000e+03 4.500000000000000000e+00
1.725559980479450251e-01 3.500000000000000000e+03 4.500000000000000000e+00
3.084237375892837640e-01 3.600000000000000000e+03 4.500000000000000000e+00
4.699019563382829667e-01 3.700000000000000000e+03 4.500000000000000000e+00
6.501806903959143069e-01 3.800000000000000000e+03 4.500000000000000000e+00
8.589371536955304753e-01 3.900000000000000000e+03 4.500000000000000000e+00
