# # Chi square, temp, lg
1.906212327129634065e+00 2.500000000000000000e+03 3.500000000000000000e+00
1.858631036465480779e+00 2.600000000000000000e+03 3.500000000000000000e+00
1.797854108023936970e+00 2.700000000000000000e+03 3.500000000000000000e+00
1.732614045458954255e+00 2.800000000000000000e+03 3.500000000000000000e+00
1.649454074745407395e+00 2.900000000000000000e+03 3.500000000000000000e+00
1.560427078895478159e+00 3.000000000000000000e+03 3.500000000000000000e+00
1.468873671734739483e+00 3.100000000000000000e+03 3.500000000000000000e+00
1.368505521461189200e+00 3.200000000000000000e+03 3.500000000000000000e+00
1.253665472432969219e+00 3.300000000000000000e+03 3.500000000000000000e+00
1.129531824110839411e+00 3.400000000000000000e+03 3.500000000000000000e+00
1.000493119618801829e+00 3.500000000000000000e+03 3.500000000000000000e+00
8.657003573014991904e-01 3.600000000000000000e+03 3.500000000000000000e+00
7.430581435761749454e-01 3.700000000000000000e+03 3.500000000000000000e+00
6.512189320285677319e-01 3.800000000000000000e+03 3.500000000000000000e+00
6.253352961695370915e-01 3.900000000000000000e+03 3.500000000000000000e+00
7.038763634700025973e-01 4.000000000000000000e+03 3.500000000000000000e+00
8.691664594772143815e-01 4.100000000000000000e+03 3.500000000000000000e+00
1.077714396275263331e+00 4.200000000000000000e+03 3.500000000000000000e+00
1.372726826918957865e+00 4.300000000000000000e+03 3.500000000000000000e+00
1.708570895588054750e+00 4.400000000000000000e+03 3.500000000000000000e+00
1.896710970153417719e+00 2.500000000000000000e+03 4.000000000000000000e+00
1.843023614636152274e+00 2.600000000000000000e+03 4.000000000000000000e+00
1.786202559443508697e+00 2.700000000000000000e+03 4.000000000000000000e+00
1.715466080488772471e+00 2.800000000000000000e+03 4.000000000000000000e+00
1.635353437188013404e+00 2.900000000000000000e+03 4.000000000000000000e+00
1.553050548278031906e+00 3.000000000000000000e+03 4.000000000000000000e+00
1.463515744651785022e+00 3.100000000000000000e+03 4.000000000000000000e+00
1.359580155346672203e+00 3.200000000000000000e+03 4.000000000000000000e+00
1.249312997431915484e+00 3.300000000000000000e+03 4.000000000000000000e+00
1.136414514167414458e+00 3.400000000000000000e+03 4.000000000000000000e+00
1.005896598997281677e+00 3.500000000000000000e+03 4.000000000000000000e+00
8.840813665256582743e-01 3.600000000000000000e+03 4.000000000000000000e+00
7.644708079350274188e-01 3.700000000000000000e+03 4.000000000000000000e+00
6.751433888187537979e-01 3.800000000000000000e+03 4.000000000000000000e+00
6.401393331775306894e-01 3.900000000000000000e+03 4.000000000000000000e+00
7.049811684278030066e-01 4.000000000000000000e+03 4.000000000000000000e+00
8.892355484153171563e-01 4.100000000000000000e+03 4.000000000000000000e+00
1.108193928308403242e+00 4.200000000000000000e+03 4.000000000000000000e+00
1.386638687696650551e+00 4.300000000000000000e+03 4.000000000000000000e+00
1.704333035429342447e+00 4.400000000000000000e+03 4.000000000000000000e+00
1.890633144041152125e+00 2.500000000000000000e+03 4.500000000000000000e+00
1.839547381025131267e+00 2.600000000000000000e+03 4.500000000000000000e+00
1.780191166638354527e+00 2.700000000000000000e+03 4.500000000000000000e+00
1.713162769267104979e+00 2.800000000000000000e+03 4.500000000000000000e+00
1.637753178887026095e+00 2.900000000000000000e+03 4.500000000000000000e+00
1.553833969395537196e+00 3.000000000000000000e+03 4.500000000000000000e+00
1.457718729136477487e+00 3.100000000000000000e+03 4.500000000000000000e+00
1.354443308778337851e+00 3.200000000000000000e+03 4.500000000000000000e+00
1.248779574616530441e+00 3.300000000000000000e+03 4.500000000000000000e+00
1.136108016466270909e+00 3.400000000000000000e+03 4.500000000000000000e+00
1.019082906059755933e+00 3.500000000000000000e+03 4.500000000000000000e+00
9.052044654859824346e-01 3.600000000000000000e+03 4.500000000000000000e+00
8.018161059750359421e-01 3.700000000000000000e+03 4.500000000000000000e+00
7.273384432264214938e-01 3.800000000000000000e+03 4.500000000000000000e+00
6.915545063934569470e-01 3.900000000000000000e+03 4.500000000000000000e+00
7.276195477740861062e-01 4.000000000000000000e+03 4.500000000000000000e+00
8.627799434814937829e-01 4.100000000000000000e+03 4.500000000000000000e+00
1.053004740004526596e+00 4.200000000000000000e+03 4.500000000000000000e+00
1.366073376243740700e+00 4.300000000000000000e+03 4.500000000000000000e+00
1.693560477018424715e+00 4.400000000000000000e+03 4.500000000000000000e+00
