# # Chi square, temp, lg
6.806923898643345794e+00 2.500000000000000000e+03 3.500000000000000000e+00
6.777805376496782053e+00 2.600000000000000000e+03 3.500000000000000000e+00
6.737935748018095694e+00 2.700000000000000000e+03 3.500000000000000000e+00
6.695059889149378662e+00 2.800000000000000000e+03 3.500000000000000000e+00
6.639019805859637025e+00 2.900000000000000000e+03 3.500000000000000000e+00
6.577927333424563372e+00 3.000000000000000000e+03 3.500000000000000000e+00
6.511487633807274911e+00 3.100000000000000000e+03 3.500000000000000000e+00
6.439802603743819631e+00 3.200000000000000000e+03 3.500000000000000000e+00
6.355092401052694129e+00 3.300000000000000000e+03 3.500000000000000000e+00
6.255260855656341157e+00 3.400000000000000000e+03 3.500000000000000000e+00
6.149326721551433117e+00 3.500000000000000000e+03 3.500000000000000000e+00
6.013506977955699107e+00 3.600000000000000000e+03 3.500000000000000000e+00
5.868108961004288027e+00 3.700000000000000000e+03 3.500000000000000000e+00
5.670198620358337216e+00 3.800000000000000000e+03 3.500000000000000000e+00
5.467761635150438337e+00 3.900000000000000000e+03 3.500000000000000000e+00
5.233275979600829686e+00 4.000000000000000000e+03 3.500000000000000000e+00
4.969741763750948671e+00 4.100000000000000000e+03 3.500000000000000000e+00
4.721464699173544055e+00 4.200000000000000000e+03 3.500000000000000000e+00
4.402129317844790002e+00 4.300000000000000000e+03 3.500000000000000000e+00
4.066204202066387552e+00 4.400000000000000000e+03 3.500000000000000000e+00
6.801783648352081713e+00 2.500000000000000000e+03 4.000000000000000000e+00
6.769427679962681133e+00 2.600000000000000000e+03 4.000000000000000000e+00
6.731966879642508950e+00 2.700000000000000000e+03 4.000000000000000000e+00
6.684316642451344492e+00 2.800000000000000000e+03 4.000000000000000000e+00
6.628525207072585523e+00 2.900000000000000000e+03 4.000000000000000000e+00
6.568481277602610469e+00 3.000000000000000000e+03 4.000000000000000000e+00
6.497045272479438971e+00 3.100000000000000000e+03 4.000000000000000000e+00
6.418060917246299901e+00 3.200000000000000000e+03 4.000000000000000000e+00
6.327749757669279163e+00 3.300000000000000000e+03 4.000000000000000000e+00
6.229378199274767880e+00 3.400000000000000000e+03 4.000000000000000000e+00
6.107599120609919829e+00 3.500000000000000000e+03 4.000000000000000000e+00
5.976771892342571668e+00 3.600000000000000000e+03 4.000000000000000000e+00
5.825057587025441741e+00 3.700000000000000000e+03 4.000000000000000000e+00
5.649736992382423217e+00 3.800000000000000000e+03 4.000000000000000000e+00
5.456653514493596369e+00 3.900000000000000000e+03 4.000000000000000000e+00
5.221027601399952367e+00 4.000000000000000000e+03 4.000000000000000000e+00
4.954256240731171879e+00 4.100000000000000000e+03 4.000000000000000000e+00
4.691547187175149958e+00 4.200000000000000000e+03 4.000000000000000000e+00
4.391716090488758439e+00 4.300000000000000000e+03 4.000000000000000000e+00
4.071748220055600775e+00 4.400000000000000000e+03 4.000000000000000000e+00
6.799363913493902345e+00 2.500000000000000000e+03 4.500000000000000000e+00
6.768898220603869476e+00 2.600000000000000000e+03 4.500000000000000000e+00
6.731133362277978094e+00 2.700000000000000000e+03 4.500000000000000000e+00
6.686709692202355448e+00 2.800000000000000000e+03 4.500000000000000000e+00
6.631702836633054154e+00 2.900000000000000000e+03 4.500000000000000000e+00
6.567887902587559168e+00 3.000000000000000000e+03 4.500000000000000000e+00
6.488533738656119709e+00 3.100000000000000000e+03 4.500000000000000000e+00
6.405406611073780176e+00 3.200000000000000000e+03 4.500000000000000000e+00
6.313027239997935247e+00 3.300000000000000000e+03 4.500000000000000000e+00
6.208166322375212154e+00 3.400000000000000000e+03 4.500000000000000000e+00
6.090728278291326347e+00 3.500000000000000000e+03 4.500000000000000000e+00
5.956802229263820969e+00 3.600000000000000000e+03 4.500000000000000000e+00
5.805934115572481069e+00 3.700000000000000000e+03 4.500000000000000000e+00
5.643212554891142929e+00 3.800000000000000000e+03 4.500000000000000000e+00
5.451306874327076279e+00 3.900000000000000000e+03 4.500000000000000000e+00
5.248521983968898574e+00 4.000000000000000000e+03 4.500000000000000000e+00
5.003036681143433029e+00 4.100000000000000000e+03 4.500000000000000000e+00
4.762353997423533158e+00 4.200000000000000000e+03 4.500000000000000000e+00
4.421891941329890052e+00 4.300000000000000000e+03 4.500000000000000000e+00
4.076075124467450905e+00 4.400000000000000000e+03 4.500000000000000000e+00
