# # Chi square, temp, lg
1.527417762176573390e+01 2.500000000000000000e+03 3.500000000000000000e+00
1.524501835778750447e+01 2.600000000000000000e+03 3.500000000000000000e+00
1.520596275869912972e+01 2.700000000000000000e+03 3.500000000000000000e+00
1.516230032707916742e+01 2.800000000000000000e+03 3.500000000000000000e+00
1.510661701172826099e+01 2.900000000000000000e+03 3.500000000000000000e+00
1.504448436654170251e+01 3.000000000000000000e+03 3.500000000000000000e+00
1.497838117602860919e+01 3.100000000000000000e+03 3.500000000000000000e+00
1.490553403174844149e+01 3.200000000000000000e+03 3.500000000000000000e+00
1.481992463236733748e+01 3.300000000000000000e+03 3.500000000000000000e+00
1.471747418909131966e+01 3.400000000000000000e+03 3.500000000000000000e+00
1.460796391562505292e+01 3.500000000000000000e+03 3.500000000000000000e+00
1.447029110251888362e+01 3.600000000000000000e+03 3.500000000000000000e+00
1.432171983871151255e+01 3.700000000000000000e+03 3.500000000000000000e+00
1.412616143201143792e+01 3.800000000000000000e+03 3.500000000000000000e+00
1.392143731550934582e+01 3.900000000000000000e+03 3.500000000000000000e+00
1.368547964489556001e+01 4.000000000000000000e+03 3.500000000000000000e+00
1.342858467199338435e+01 4.100000000000000000e+03 3.500000000000000000e+00
1.318205044320514752e+01 4.200000000000000000e+03 3.500000000000000000e+00
1.285777705946206417e+01 4.300000000000000000e+03 3.500000000000000000e+00
1.249921461213019569e+01 4.400000000000000000e+03 3.500000000000000000e+00
1.526901256951206598e+01 2.500000000000000000e+03 4.000000000000000000e+00
1.523741932693720180e+01 2.600000000000000000e+03 4.000000000000000000e+00
1.520055068292418277e+01 2.700000000000000000e+03 4.000000000000000000e+00
1.515311419425535888e+01 2.800000000000000000e+03 4.000000000000000000e+00
1.509636186583995965e+01 2.900000000000000000e+03 4.000000000000000000e+00
1.503565796803525423e+01 3.000000000000000000e+03 4.000000000000000000e+00
1.496517675775312028e+01 3.100000000000000000e+03 4.000000000000000000e+00
1.488461766982934087e+01 3.200000000000000000e+03 4.000000000000000000e+00
1.479311595965405246e+01 3.300000000000000000e+03 4.000000000000000000e+00
1.469239577118448459e+01 3.400000000000000000e+03 4.000000000000000000e+00
1.456959050117609422e+01 3.500000000000000000e+03 4.000000000000000000e+00
1.444046487008979618e+01 3.600000000000000000e+03 4.000000000000000000e+00
1.428619236665504388e+01 3.700000000000000000e+03 4.000000000000000000e+00
1.410869037306185092e+01 3.800000000000000000e+03 4.000000000000000000e+00
1.391163228277018682e+01 3.900000000000000000e+03 4.000000000000000000e+00
1.367221354792350851e+01 4.000000000000000000e+03 4.000000000000000000e+00
1.340790602666060849e+01 4.100000000000000000e+03 4.000000000000000000e+00
1.313512079866010041e+01 4.200000000000000000e+03 4.000000000000000000e+00
1.283836681502772947e+01 4.300000000000000000e+03 4.000000000000000000e+00
1.252067363007881262e+01 4.400000000000000000e+03 4.000000000000000000e+00
1.526711943734017929e+01 2.500000000000000000e+03 4.500000000000000000e+00
1.523631417030212987e+01 2.600000000000000000e+03 4.500000000000000000e+00
1.519841405669832923e+01 2.700000000000000000e+03 4.500000000000000000e+00
1.515397731708209683e+01 2.800000000000000000e+03 4.500000000000000000e+00
1.509999516669791575e+01 2.900000000000000000e+03 4.500000000000000000e+00
1.503625902741627129e+01 3.000000000000000000e+03 4.500000000000000000e+00
1.495637253124335331e+01 3.100000000000000000e+03 4.500000000000000000e+00
1.487250846054265985e+01 3.200000000000000000e+03 4.500000000000000000e+00
1.477871029024460370e+01 3.300000000000000000e+03 4.500000000000000000e+00
1.467551734183830625e+01 3.400000000000000000e+03 4.500000000000000000e+00
1.455706976142858089e+01 3.500000000000000000e+03 4.500000000000000000e+00
1.442110548452821916e+01 3.600000000000000000e+03 4.500000000000000000e+00
1.426807848215075403e+01 3.700000000000000000e+03 4.500000000000000000e+00
1.410314550336679851e+01 3.800000000000000000e+03 4.500000000000000000e+00
1.391304918647414368e+01 3.900000000000000000e+03 4.500000000000000000e+00
1.370590424618026759e+01 4.000000000000000000e+03 4.500000000000000000e+00
1.346040420365822321e+01 4.100000000000000000e+03 4.500000000000000000e+00
1.321716603411840651e+01 4.200000000000000000e+03 4.500000000000000000e+00
1.287015539504520589e+01 4.300000000000000000e+03 4.500000000000000000e+00
1.252844924190002196e+01 4.400000000000000000e+03 4.500000000000000000e+00
