# # Chi square, temp, lg
2.406886750244971562e+00 3.500000000000000000e+03 3.500000000000000000e+00
2.261608974852082010e+00 3.600000000000000000e+03 3.500000000000000000e+00
2.101173407042930652e+00 3.700000000000000000e+03 3.500000000000000000e+00
1.894448831825368051e+00 3.800000000000000000e+03 3.500000000000000000e+00
1.684701830051142046e+00 3.900000000000000000e+03 3.500000000000000000e+00
1.436755361779324502e+00 4.000000000000000000e+03 3.500000000000000000e+00
1.174574973213924123e+00 4.100000000000000000e+03 3.500000000000000000e+00
9.197777638367482522e-01 4.200000000000000000e+03 3.500000000000000000e+00
6.167925538199336977e-01 4.300000000000000000e+03 3.500000000000000000e+00
3.676545700864662369e-01 4.400000000000000000e+03 3.500000000000000000e+00
3.997254109816031908e-01 4.500000000000000000e+03 3.500000000000000000e+00
7.289176062841745685e-01 4.600000000000000000e+03 3.500000000000000000e+00
1.129947587842825785e+00 4.700000000000000000e+03 3.500000000000000000e+00
1.618298420369757240e+00 4.800000000000000000e+03 3.500000000000000000e+00
2.131753838208465979e+00 4.900000000000000000e+03 3.500000000000000000e+00
2.683551008501131374e+00 5.000000000000000000e+03 3.500000000000000000e+00
3.274090083511255411e+00 5.100000000000000000e+03 3.500000000000000000e+00
3.902498104980121507e+00 5.200000000000000000e+03 3.500000000000000000e+00
4.592739275439619462e+00 5.300000000000000000e+03 3.500000000000000000e+00
5.303421006943174199e+00 5.400000000000000000e+03 3.500000000000000000e+00
2.367364954600623239e+00 3.500000000000000000e+03 4.000000000000000000e+00
2.225352651504143076e+00 3.600000000000000000e+03 4.000000000000000000e+00
2.064742454860780452e+00 3.700000000000000000e+03 4.000000000000000000e+00
1.879725260620163985e+00 3.800000000000000000e+03 4.000000000000000000e+00
1.671486794203655979e+00 3.900000000000000000e+03 4.000000000000000000e+00
1.425755429491536663e+00 4.000000000000000000e+03 4.000000000000000000e+00
1.149992693459001902e+00 4.100000000000000000e+03 4.000000000000000000e+00
8.901421035118038949e-01 4.200000000000000000e+03 4.000000000000000000e+00
6.096430019307607084e-01 4.300000000000000000e+03 4.000000000000000000e+00
3.801962943714101151e-01 4.400000000000000000e+03 4.000000000000000000e+00
4.147802195986232121e-01 4.500000000000000000e+03 4.000000000000000000e+00
7.523937462558636380e-01 4.600000000000000000e+03 4.000000000000000000e+00
1.170191622173576862e+00 4.700000000000000000e+03 4.000000000000000000e+00
1.660942844722046008e+00 4.800000000000000000e+03 4.000000000000000000e+00
2.194383137389557259e+00 4.900000000000000000e+03 4.000000000000000000e+00
2.762205269877448188e+00 5.000000000000000000e+03 4.000000000000000000e+00
3.361509238435451685e+00 5.100000000000000000e+03 4.000000000000000000e+00
3.984467590724849906e+00 5.200000000000000000e+03 4.000000000000000000e+00
4.688519368557352962e+00 5.300000000000000000e+03 4.000000000000000000e+00
5.417107291653435297e+00 5.400000000000000000e+03 4.000000000000000000e+00
2.354184249512776717e+00 3.500000000000000000e+03 4.500000000000000000e+00
2.209955721883483548e+00 3.600000000000000000e+03 4.500000000000000000e+00
2.047754054864633577e+00 3.700000000000000000e+03 4.500000000000000000e+00
1.870303067899580229e+00 3.800000000000000000e+03 4.500000000000000000e+00
1.667667383781664459e+00 3.900000000000000000e+03 4.500000000000000000e+00
1.453446733558271475e+00 4.000000000000000000e+03 4.500000000000000000e+00
1.199410365016312152e+00 4.100000000000000000e+03 4.500000000000000000e+00
9.535678433384203734e-01 4.200000000000000000e+03 4.500000000000000000e+00
6.196812295520274239e-01 4.300000000000000000e+03 4.500000000000000000e+00
3.925355861251585421e-01 4.400000000000000000e+03 4.500000000000000000e+00
4.237438393840415318e-01 4.500000000000000000e+03 4.500000000000000000e+00
7.591241435004195681e-01 4.600000000000000000e+03 4.500000000000000000e+00
1.173231900854248666e+00 4.700000000000000000e+03 4.500000000000000000e+00
1.697997253107310422e+00 4.800000000000000000e+03 4.500000000000000000e+00
2.188421513914805772e+00 4.900000000000000000e+03 4.500000000000000000e+00
2.751129797241348207e+00 5.000000000000000000e+03 4.500000000000000000e+00
3.338001144759762173e+00 5.100000000000000000e+03 4.500000000000000000e+00
3.987308184962445434e+00 5.200000000000000000e+03 4.500000000000000000e+00
4.668057940679852358e+00 5.300000000000000000e+03 4.500000000000000000e+00
5.320113865973456591e+00 5.400000000000000000e+03 4.500000000000000000e+00
