# # Chi square, temp, lg
1.510027419294896589e+00 3.500000000000000000e+03 3.500000000000000000e+00
1.357667361490446201e+00 3.600000000000000000e+03 3.500000000000000000e+00
1.200522868450995206e+00 3.700000000000000000e+03 3.500000000000000000e+00
9.921699026085456508e-01 3.800000000000000000e+03 3.500000000000000000e+00
7.849128343092519611e-01 3.900000000000000000e+03 3.500000000000000000e+00
5.442415296500632271e-01 4.000000000000000000e+03 3.500000000000000000e+00
3.187272136975456971e-01 4.100000000000000000e+03 3.500000000000000000e+00
2.247943018454958142e-01 4.200000000000000000e+03 3.500000000000000000e+00
4.303249044222534070e-01 4.300000000000000000e+03 3.500000000000000000e+00
7.610775669384181041e-01 4.400000000000000000e+03 3.500000000000000000e+00
1.123676313324131204e+00 4.500000000000000000e+03 3.500000000000000000e+00
1.542968712914511098e+00 4.600000000000000000e+03 3.500000000000000000e+00
1.992897879101638958e+00 4.700000000000000000e+03 3.500000000000000000e+00
2.482404886394683707e+00 4.800000000000000000e+03 3.500000000000000000e+00
2.969520506887987299e+00 4.900000000000000000e+03 3.500000000000000000e+00
3.527960109472870531e+00 5.000000000000000000e+03 3.500000000000000000e+00
4.126956413788667177e+00 5.100000000000000000e+03 3.500000000000000000e+00
4.799285027815859195e+00 5.200000000000000000e+03 3.500000000000000000e+00
5.468322687959923378e+00 5.300000000000000000e+03 3.500000000000000000e+00
6.170966527894936604e+00 5.400000000000000000e+03 3.500000000000000000e+00
1.475325203748116154e+00 3.500000000000000000e+03 4.000000000000000000e+00
1.329490456946092802e+00 3.600000000000000000e+03 4.000000000000000000e+00
1.163907164923464910e+00 3.700000000000000000e+03 4.000000000000000000e+00
9.749514518220352421e-01 3.800000000000000000e+03 4.000000000000000000e+00
7.679718187109533245e-01 3.900000000000000000e+03 4.000000000000000000e+00
5.362862128472616341e-01 4.000000000000000000e+03 4.000000000000000000e+00
2.962002968423625426e-01 4.100000000000000000e+03 4.000000000000000000e+00
2.359931195301763762e-01 4.200000000000000000e+03 4.000000000000000000e+00
4.593737740050451990e-01 4.300000000000000000e+03 4.000000000000000000e+00
7.587866901671950215e-01 4.400000000000000000e+03 4.000000000000000000e+00
1.145693201081680046e+00 4.500000000000000000e+03 4.000000000000000000e+00
1.568566652712364951e+00 4.600000000000000000e+03 4.000000000000000000e+00
2.021965438797116654e+00 4.700000000000000000e+03 4.000000000000000000e+00
2.518040076123789994e+00 4.800000000000000000e+03 4.000000000000000000e+00
3.030405943367394883e+00 4.900000000000000000e+03 4.000000000000000000e+00
3.616315158170158028e+00 5.000000000000000000e+03 4.000000000000000000e+00
4.233244236116717296e+00 5.100000000000000000e+03 4.000000000000000000e+00
4.854050646093770460e+00 5.200000000000000000e+03 4.000000000000000000e+00
5.569403363358379266e+00 5.300000000000000000e+03 4.000000000000000000e+00
6.296643767927239566e+00 5.400000000000000000e+03 4.000000000000000000e+00
1.462422330646718116e+00 3.500000000000000000e+03 4.500000000000000000e+00
1.316095576166017800e+00 3.600000000000000000e+03 4.500000000000000000e+00
1.152383641227386235e+00 3.700000000000000000e+03 4.500000000000000000e+00
9.752264917084572104e-01 3.800000000000000000e+03 4.500000000000000000e+00
7.759395482969800861e-01 3.900000000000000000e+03 4.500000000000000000e+00
5.653163434087560280e-01 4.000000000000000000e+03 4.500000000000000000e+00
3.352253215137003806e-01 4.100000000000000000e+03 4.500000000000000000e+00
2.249199085336274495e-01 4.200000000000000000e+03 4.500000000000000000e+00
4.420380877639957795e-01 4.300000000000000000e+03 4.500000000000000000e+00
7.700903357856023757e-01 4.400000000000000000e+03 4.500000000000000000e+00
1.145603673408899459e+00 4.500000000000000000e+03 4.500000000000000000e+00
1.581925347102610013e+00 4.600000000000000000e+03 4.500000000000000000e+00
2.029998450573695656e+00 4.700000000000000000e+03 4.500000000000000000e+00
2.523288964283426417e+00 4.800000000000000000e+03 4.500000000000000000e+00
3.043270535250567566e+00 4.900000000000000000e+03 4.500000000000000000e+00
3.615116631350341780e+00 5.000000000000000000e+03 4.500000000000000000e+00
4.209018627697135528e+00 5.100000000000000000e+03 4.500000000000000000e+00
4.843025519581130034e+00 5.200000000000000000e+03 4.500000000000000000e+00
5.529580650777766948e+00 5.300000000000000000e+03 4.500000000000000000e+00
6.171182220907943439e+00 5.400000000000000000e+03 4.500000000000000000e+00
