# # Chi square, temp, lg
5.471080674946218636e+00 3.500000000000000000e+03 3.500000000000000000e+00
5.331753953177057248e+00 3.600000000000000000e+03 3.500000000000000000e+00
5.181964348925919062e+00 3.700000000000000000e+03 3.500000000000000000e+00
4.983581891656798213e+00 3.800000000000000000e+03 3.500000000000000000e+00
4.771515135673072727e+00 3.900000000000000000e+03 3.500000000000000000e+00
4.533351943272901252e+00 4.000000000000000000e+03 3.500000000000000000e+00
4.267552605945002853e+00 4.100000000000000000e+03 3.500000000000000000e+00
4.014073839101240715e+00 4.200000000000000000e+03 3.500000000000000000e+00
3.690130276629760786e+00 4.300000000000000000e+03 3.500000000000000000e+00
3.333112147075088405e+00 4.400000000000000000e+03 3.500000000000000000e+00
2.967861268155228771e+00 4.500000000000000000e+03 3.500000000000000000e+00
2.549914734689536111e+00 4.600000000000000000e+03 3.500000000000000000e+00
2.139313945955508167e+00 4.700000000000000000e+03 3.500000000000000000e+00
1.670561486646132021e+00 4.800000000000000000e+03 3.500000000000000000e+00
1.185372724248487941e+00 4.900000000000000000e+03 3.500000000000000000e+00
7.784548045308042896e-01 5.000000000000000000e+03 3.500000000000000000e+00
6.805941753705982977e-01 5.100000000000000000e+03 3.500000000000000000e+00
1.064926682843139849e+00 5.200000000000000000e+03 3.500000000000000000e+00
1.672811295118197927e+00 5.300000000000000000e+03 3.500000000000000000e+00
2.378099387650447039e+00 5.400000000000000000e+03 3.500000000000000000e+00
5.430689350452746922e+00 3.500000000000000000e+03 4.000000000000000000e+00
5.298053167043328848e+00 3.600000000000000000e+03 4.000000000000000000e+00
5.143884604572869002e+00 3.700000000000000000e+03 4.000000000000000000e+00
4.965332403878649714e+00 3.800000000000000000e+03 4.000000000000000000e+00
4.763313514571886564e+00 3.900000000000000000e+03 4.000000000000000000e+00
4.521043616975948254e+00 4.000000000000000000e+03 4.000000000000000000e+00
4.245122885662249601e+00 4.100000000000000000e+03 4.000000000000000000e+00
3.978863814702000568e+00 4.200000000000000000e+03 4.000000000000000000e+00
3.674082580375356955e+00 4.300000000000000000e+03 4.000000000000000000e+00
3.335562617415726017e+00 4.400000000000000000e+03 4.000000000000000000e+00
2.972516930293365167e+00 4.500000000000000000e+03 4.000000000000000000e+00
2.554492241697053245e+00 4.600000000000000000e+03 4.000000000000000000e+00
2.122210787725188119e+00 4.700000000000000000e+03 4.000000000000000000e+00
1.655594323661506939e+00 4.800000000000000000e+03 4.000000000000000000e+00
1.201589524739858028e+00 4.900000000000000000e+03 4.000000000000000000e+00
7.914416900245091480e-01 5.000000000000000000e+03 4.000000000000000000e+00
7.264609405709848700e-01 5.100000000000000000e+03 4.000000000000000000e+00
1.106740221525806422e+00 5.200000000000000000e+03 4.000000000000000000e+00
1.752272448450092890e+00 5.300000000000000000e+03 4.000000000000000000e+00
2.442363385184998847e+00 5.400000000000000000e+03 4.000000000000000000e+00
5.414199250300319122e+00 3.500000000000000000e+03 4.500000000000000000e+00
5.277829876885535398e+00 3.600000000000000000e+03 4.500000000000000000e+00
5.122662795669469915e+00 3.700000000000000000e+03 4.500000000000000000e+00
4.953220854472894175e+00 3.800000000000000000e+03 4.500000000000000000e+00
4.758091644343910964e+00 3.900000000000000000e+03 4.500000000000000000e+00
4.552142781812559491e+00 4.000000000000000000e+03 4.500000000000000000e+00
4.296229244803244640e+00 4.100000000000000000e+03 4.500000000000000000e+00
4.046451279082502239e+00 4.200000000000000000e+03 4.500000000000000000e+00
3.690352328716954844e+00 4.300000000000000000e+03 4.500000000000000000e+00
3.358629203715939759e+00 4.400000000000000000e+03 4.500000000000000000e+00
2.977478231904817196e+00 4.500000000000000000e+03 4.500000000000000000e+00
2.555162595394758984e+00 4.600000000000000000e+03 4.500000000000000000e+00
2.127418799725157239e+00 4.700000000000000000e+03 4.500000000000000000e+00
1.649237943342770407e+00 4.800000000000000000e+03 4.500000000000000000e+00
1.198418329839525676e+00 4.900000000000000000e+03 4.500000000000000000e+00
8.168598873872687793e-01 5.000000000000000000e+03 4.500000000000000000e+00
7.612544340868333537e-01 5.100000000000000000e+03 4.500000000000000000e+00
1.123914512120284703e+00 5.200000000000000000e+03 4.500000000000000000e+00
1.728273005232304982e+00 5.300000000000000000e+03 4.500000000000000000e+00
2.336343802535196801e+00 5.400000000000000000e+03 4.500000000000000000e+00
