# # Chi square, temp, lg
3.169980101564550345e+00 2.500000000000000000e+03 3.500000000000000000e+00
3.133874984954483800e+00 2.600000000000000000e+03 3.500000000000000000e+00
3.086245753934273583e+00 2.700000000000000000e+03 3.500000000000000000e+00
3.033726202567267105e+00 2.800000000000000000e+03 3.500000000000000000e+00
2.967084070766708326e+00 2.900000000000000000e+03 3.500000000000000000e+00
2.895174136603864579e+00 3.000000000000000000e+03 3.500000000000000000e+00
2.817745432590792021e+00 3.100000000000000000e+03 3.500000000000000000e+00
2.735745816386991880e+00 3.200000000000000000e+03 3.500000000000000000e+00
2.637643051463750776e+00 3.300000000000000000e+03 3.500000000000000000e+00
2.527107332094201908e+00 3.400000000000000000e+03 3.500000000000000000e+00
2.406886750244971562e+00 3.500000000000000000e+03 3.500000000000000000e+00
2.261608974852082010e+00 3.600000000000000000e+03 3.500000000000000000e+00
2.101173407042930652e+00 3.700000000000000000e+03 3.500000000000000000e+00
1.894448831825368051e+00 3.800000000000000000e+03 3.500000000000000000e+00
1.684701830051142046e+00 3.900000000000000000e+03 3.500000000000000000e+00
1.436755361779324502e+00 4.000000000000000000e+03 3.500000000000000000e+00
1.174574973213924123e+00 4.100000000000000000e+03 3.500000000000000000e+00
9.197777638367482522e-01 4.200000000000000000e+03 3.500000000000000000e+00
6.167925538199336977e-01 4.300000000000000000e+03 3.500000000000000000e+00
3.676545700864662369e-01 4.400000000000000000e+03 3.500000000000000000e+00
3.164057287425606546e+00 2.500000000000000000e+03 4.000000000000000000e+00
3.123278849010984626e+00 2.600000000000000000e+03 4.000000000000000000e+00
3.078175824435450458e+00 2.700000000000000000e+03 4.000000000000000000e+00
3.020834471394133747e+00 2.800000000000000000e+03 4.000000000000000000e+00
2.955191558567797472e+00 2.900000000000000000e+03 4.000000000000000000e+00
2.884384125245103903e+00 3.000000000000000000e+03 4.000000000000000000e+00
2.804834242791466981e+00 3.100000000000000000e+03 4.000000000000000000e+00
2.713487116908777530e+00 3.200000000000000000e+03 4.000000000000000000e+00
2.613303901541440322e+00 3.300000000000000000e+03 4.000000000000000000e+00
2.504337606392611271e+00 3.400000000000000000e+03 4.000000000000000000e+00
2.367364954600623239e+00 3.500000000000000000e+03 4.000000000000000000e+00
2.225352651504143076e+00 3.600000000000000000e+03 4.000000000000000000e+00
2.064742454860780452e+00 3.700000000000000000e+03 4.000000000000000000e+00
1.879725260620163985e+00 3.800000000000000000e+03 4.000000000000000000e+00
1.671486794203655979e+00 3.900000000000000000e+03 4.000000000000000000e+00
1.425755429491536663e+00 4.000000000000000000e+03 4.000000000000000000e+00
1.149992693459001902e+00 4.100000000000000000e+03 4.000000000000000000e+00
8.901421035118038949e-01 4.200000000000000000e+03 4.000000000000000000e+00
6.096430019307607084e-01 4.300000000000000000e+03 4.000000000000000000e+00
3.801962943714101151e-01 4.400000000000000000e+03 4.000000000000000000e+00
3.160461054011683313e+00 2.500000000000000000e+03 4.500000000000000000e+00
3.122162567825769397e+00 2.600000000000000000e+03 4.500000000000000000e+00
3.075521711086560472e+00 2.700000000000000000e+03 4.500000000000000000e+00
3.022072530671628066e+00 2.800000000000000000e+03 4.500000000000000000e+00
2.957092914119706872e+00 2.900000000000000000e+03 4.500000000000000000e+00
2.885178646711691108e+00 3.000000000000000000e+03 4.500000000000000000e+00
2.795600971769256482e+00 3.100000000000000000e+03 4.500000000000000000e+00
2.701187409119278016e+00 3.200000000000000000e+03 4.500000000000000000e+00
2.599672767800495610e+00 3.300000000000000000e+03 4.500000000000000000e+00
2.483660048583058000e+00 3.400000000000000000e+03 4.500000000000000000e+00
2.354184249512776717e+00 3.500000000000000000e+03 4.500000000000000000e+00
2.209955721883483548e+00 3.600000000000000000e+03 4.500000000000000000e+00
2.047754054864633577e+00 3.700000000000000000e+03 4.500000000000000000e+00
1.870303067899580229e+00 3.800000000000000000e+03 4.500000000000000000e+00
1.667667383781664459e+00 3.900000000000000000e+03 4.500000000000000000e+00
1.453446733558271475e+00 4.000000000000000000e+03 4.500000000000000000e+00
1.199410365016312152e+00 4.100000000000000000e+03 4.500000000000000000e+00
9.535678433384203734e-01 4.200000000000000000e+03 4.500000000000000000e+00
6.196812295520274239e-01 4.300000000000000000e+03 4.500000000000000000e+00
3.925355861251585421e-01 4.400000000000000000e+03 4.500000000000000000e+00
