# # Chi square, temp, lg
4.596462592305280204e+00 3.500000000000000000e+03 3.500000000000000000e+00
4.441731120200548943e+00 3.600000000000000000e+03 3.500000000000000000e+00
4.275204222425172063e+00 3.700000000000000000e+03 3.500000000000000000e+00
4.065451986977594245e+00 3.800000000000000000e+03 3.500000000000000000e+00
3.854440959840005121e+00 3.900000000000000000e+03 3.500000000000000000e+00
3.609505245975274335e+00 4.000000000000000000e+03 3.500000000000000000e+00
3.352369508839903922e+00 4.100000000000000000e+03 3.500000000000000000e+00
3.102598240826554221e+00 4.200000000000000000e+03 3.500000000000000000e+00
2.800551845430405695e+00 4.300000000000000000e+03 3.500000000000000000e+00
2.503603638636397566e+00 4.400000000000000000e+03 3.500000000000000000e+00
2.206290984048104864e+00 4.500000000000000000e+03 3.500000000000000000e+00
1.906823546806578396e+00 4.600000000000000000e+03 3.500000000000000000e+00
1.680957396485871502e+00 4.700000000000000000e+03 3.500000000000000000e+00
1.548940889656618136e+00 4.800000000000000000e+03 3.500000000000000000e+00
1.596057324198738137e+00 4.900000000000000000e+03 3.500000000000000000e+00
1.816719473327379042e+00 5.000000000000000000e+03 3.500000000000000000e+00
2.204430046846782343e+00 5.100000000000000000e+03 3.500000000000000000e+00
2.694412373481248846e+00 5.200000000000000000e+03 3.500000000000000000e+00
3.310603887079038632e+00 5.300000000000000000e+03 3.500000000000000000e+00
3.965434211279360355e+00 5.400000000000000000e+03 3.500000000000000000e+00
4.566097323629431770e+00 3.500000000000000000e+03 4.000000000000000000e+00
4.417090967665835421e+00 3.600000000000000000e+03 4.000000000000000000e+00
4.248510551121210455e+00 3.700000000000000000e+03 4.000000000000000000e+00
4.057872695438306643e+00 3.800000000000000000e+03 4.000000000000000000e+00
3.843978462001319318e+00 3.900000000000000000e+03 4.000000000000000000e+00
3.597144262345148391e+00 4.000000000000000000e+03 4.000000000000000000e+00
3.322100983595546175e+00 4.100000000000000000e+03 4.000000000000000000e+00
3.058139004052535359e+00 4.200000000000000000e+03 4.000000000000000000e+00
2.773018084402647965e+00 4.300000000000000000e+03 4.000000000000000000e+00
2.480063189686022795e+00 4.400000000000000000e+03 4.000000000000000000e+00
2.165761782266971469e+00 4.500000000000000000e+03 4.000000000000000000e+00
1.874026799953740774e+00 4.600000000000000000e+03 4.000000000000000000e+00
1.637644061060475886e+00 4.700000000000000000e+03 4.000000000000000000e+00
1.513891349394014041e+00 4.800000000000000000e+03 4.000000000000000000e+00
1.580403945901721841e+00 4.900000000000000000e+03 4.000000000000000000e+00
1.824054213344517006e+00 5.000000000000000000e+03 4.000000000000000000e+00
2.237884391638912618e+00 5.100000000000000000e+03 4.000000000000000000e+00
2.744320345777923276e+00 5.200000000000000000e+03 4.000000000000000000e+00
3.382874000776164625e+00 5.300000000000000000e+03 4.000000000000000000e+00
4.071390158037536899e+00 5.400000000000000000e+03 4.000000000000000000e+00
4.559086595800748931e+00 3.500000000000000000e+03 4.500000000000000000e+00
4.408506026537486910e+00 3.600000000000000000e+03 4.500000000000000000e+00
4.242352900315823128e+00 3.700000000000000000e+03 4.500000000000000000e+00
4.062443072370941266e+00 3.800000000000000000e+03 4.500000000000000000e+00
3.854994941182300572e+00 3.900000000000000000e+03 4.500000000000000000e+00
3.636480637630409518e+00 4.000000000000000000e+03 4.500000000000000000e+00
3.378114449434900468e+00 4.100000000000000000e+03 4.500000000000000000e+00
3.128795538546655486e+00 4.200000000000000000e+03 4.500000000000000000e+00
2.781691583032185999e+00 4.300000000000000000e+03 4.500000000000000000e+00
2.469947455949309312e+00 4.400000000000000000e+03 4.500000000000000000e+00
2.155917764767820266e+00 4.500000000000000000e+03 4.500000000000000000e+00
1.845911674853186746e+00 4.600000000000000000e+03 4.500000000000000000e+00
1.603354194677948819e+00 4.700000000000000000e+03 4.500000000000000000e+00
1.483134396575248815e+00 4.800000000000000000e+03 4.500000000000000000e+00
1.528537036388229797e+00 4.900000000000000000e+03 4.500000000000000000e+00
1.786436263804477287e+00 5.000000000000000000e+03 4.500000000000000000e+00
2.178684245692275478e+00 5.100000000000000000e+03 4.500000000000000000e+00
2.725606006447579333e+00 5.200000000000000000e+03 4.500000000000000000e+00
3.337264578050232355e+00 5.300000000000000000e+03 4.500000000000000000e+00
3.942412086655056047e+00 5.400000000000000000e+03 4.500000000000000000e+00
