# # Chi square, temp, lg
7.908491851958846519e-01 3.000000000000000000e+03 3.500000000000000000e+00
7.014689310863970739e-01 3.100000000000000000e+03 3.500000000000000000e+00
6.035388720440509891e-01 3.200000000000000000e+03 3.500000000000000000e+00
4.909084085759504168e-01 3.300000000000000000e+03 3.500000000000000000e+00
3.663807368011999244e-01 3.400000000000000000e+03 3.500000000000000000e+00
2.398717764691754017e-01 3.500000000000000000e+03 3.500000000000000000e+00
1.133256138235073512e-01 3.600000000000000000e+03 3.500000000000000000e+00
1.444294837689960032e-01 3.700000000000000000e+03 3.500000000000000000e+00
3.339479937445979929e-01 3.800000000000000000e+03 3.500000000000000000e+00
5.465144400576563699e-01 3.900000000000000000e+03 3.500000000000000000e+00
7.932279762225804554e-01 4.000000000000000000e+03 3.500000000000000000e+00
1.064210680656263230e+00 4.100000000000000000e+03 3.500000000000000000e+00
1.325840754830243773e+00 4.200000000000000000e+03 3.500000000000000000e+00
1.655713542191551424e+00 4.300000000000000000e+03 3.500000000000000000e+00
2.007568264952080295e+00 4.400000000000000000e+03 3.500000000000000000e+00
2.374359937217310534e+00 4.500000000000000000e+03 3.500000000000000000e+00
2.790666535673574700e+00 4.600000000000000000e+03 3.500000000000000000e+00
3.222953015185693104e+00 4.700000000000000000e+03 3.500000000000000000e+00
3.703270153690651156e+00 4.800000000000000000e+03 3.500000000000000000e+00
4.196652704462785266e+00 4.900000000000000000e+03 3.500000000000000000e+00
7.826284390715678718e-01 3.000000000000000000e+03 4.000000000000000000e+00
6.916250070804810246e-01 3.100000000000000000e+03 4.000000000000000000e+00
5.877349098373688685e-01 3.200000000000000000e+03 4.000000000000000000e+00
4.772657982168243551e-01 3.300000000000000000e+03 4.000000000000000000e+00
3.598854006280560180e-01 3.400000000000000000e+03 4.000000000000000000e+00
2.242548014390847722e-01 3.500000000000000000e+03 4.000000000000000000e+00
1.224985220216062709e-01 3.600000000000000000e+03 4.000000000000000000e+00
1.766983298063686536e-01 3.700000000000000000e+03 4.000000000000000000e+00
3.499206461855183803e-01 3.800000000000000000e+03 4.000000000000000000e+00
5.595763611013314653e-01 3.900000000000000000e+03 4.000000000000000000e+00
8.062157063163627457e-01 4.000000000000000000e+03 4.000000000000000000e+00
1.094059280291892700e+00 4.100000000000000000e+03 4.000000000000000000e+00
1.377552288453932183e+00 4.200000000000000000e+03 4.000000000000000000e+00
1.682212777188326402e+00 4.300000000000000000e+03 4.000000000000000000e+00
2.016527506742814335e+00 4.400000000000000000e+03 4.000000000000000000e+00
2.393421528570646828e+00 4.500000000000000000e+03 4.000000000000000000e+00
2.810346236215558235e+00 4.600000000000000000e+03 4.000000000000000000e+00
3.255971956459362993e+00 4.700000000000000000e+03 4.000000000000000000e+00
3.751292673404283740e+00 4.800000000000000000e+03 4.000000000000000000e+00
4.266000901139837431e+00 4.900000000000000000e+03 4.000000000000000000e+00
7.832516991043777521e-01 3.000000000000000000e+03 4.500000000000000000e+00
6.841859475200272600e-01 3.100000000000000000e+03 4.500000000000000000e+00
5.791939487105807194e-01 3.200000000000000000e+03 4.500000000000000000e+00
4.722123854759818218e-01 3.300000000000000000e+03 4.500000000000000000e+00
3.549788168483232753e-01 3.400000000000000000e+03 4.500000000000000000e+00
2.378724993321238712e-01 3.500000000000000000e+03 4.500000000000000000e+00
1.567329174804456826e-01 3.600000000000000000e+03 4.500000000000000000e+00
2.117944241921488890e-01 3.700000000000000000e+03 4.500000000000000000e+00
3.609584554994510475e-01 3.800000000000000000e+03 4.500000000000000000e+00
5.605807370764213093e-01 3.900000000000000000e+03 4.500000000000000000e+00
7.772860388055521375e-01 4.000000000000000000e+03 4.500000000000000000e+00
1.037454951327624775e+00 4.100000000000000000e+03 4.500000000000000000e+00
1.292724488446006292e+00 4.200000000000000000e+03 4.500000000000000000e+00
1.659867558497269302e+00 4.300000000000000000e+03 4.500000000000000000e+00
2.020806035742401807e+00 4.400000000000000000e+03 4.500000000000000000e+00
2.400047122403458300e+00 4.500000000000000000e+03 4.500000000000000000e+00
2.828345323816523038e+00 4.600000000000000000e+03 4.500000000000000000e+00
3.263438530392813508e+00 4.700000000000000000e+03 4.500000000000000000e+00
3.771773558010493410e+00 4.800000000000000000e+03 4.500000000000000000e+00
4.265897200337900763e+00 4.900000000000000000e+03 4.500000000000000000e+00
