# # Chi square, temp, lg
1.025898229724905963e+00 2.000000000000000000e+03 3.500000000000000000e+00
1.003766480184988152e+00 2.100000000000000000e+03 3.500000000000000000e+00
9.685355817572927073e-01 2.200000000000000000e+03 3.500000000000000000e+00
9.250445142337004878e-01 2.300000000000000000e+03 3.500000000000000000e+00
8.876630092742409106e-01 2.400000000000000000e+03 3.500000000000000000e+00
8.418455252922166787e-01 2.500000000000000000e+03 3.500000000000000000e+00
7.932673733086399448e-01 2.600000000000000000e+03 3.500000000000000000e+00
7.320707497511935724e-01 2.700000000000000000e+03 3.500000000000000000e+00
6.683960740811241141e-01 2.800000000000000000e+03 3.500000000000000000e+00
5.875833797865824826e-01 2.900000000000000000e+03 3.500000000000000000e+00
5.020527495324174083e-01 3.000000000000000000e+03 3.500000000000000000e+00
4.185408231706496673e-01 3.100000000000000000e+03 3.500000000000000000e+00
3.331009178948274307e-01 3.200000000000000000e+03 3.500000000000000000e+00
2.518035685284801817e-01 3.300000000000000000e+03 3.500000000000000000e+00
2.183741814510564427e-01 3.400000000000000000e+03 3.500000000000000000e+00
2.600024144323260789e-01 3.500000000000000000e+03 3.500000000000000000e+00
3.787307382535044509e-01 3.600000000000000000e+03 3.500000000000000000e+00
5.312579985888993273e-01 3.700000000000000000e+03 3.500000000000000000e+00
7.315942494107851024e-01 3.800000000000000000e+03 3.500000000000000000e+00
9.437429161514654385e-01 3.900000000000000000e+03 3.500000000000000000e+00
1.016434076646960394e+00 2.000000000000000000e+03 4.000000000000000000e+00
1.002375719082036154e+00 2.100000000000000000e+03 4.000000000000000000e+00
9.673035719075802064e-01 2.200000000000000000e+03 4.000000000000000000e+00
9.236974190385621730e-01 2.300000000000000000e+03 4.000000000000000000e+00
8.797175778947449176e-01 2.400000000000000000e+03 4.000000000000000000e+00
8.314854221400476142e-01 2.500000000000000000e+03 4.000000000000000000e+00
7.775656954617834460e-01 2.600000000000000000e+03 4.000000000000000000e+00
7.204026944694847945e-01 2.700000000000000000e+03 4.000000000000000000e+00
6.516530875343912177e-01 2.800000000000000000e+03 4.000000000000000000e+00
5.765202536711142578e-01 2.900000000000000000e+03 4.000000000000000000e+00
4.988826463153884228e-01 3.000000000000000000e+03 4.000000000000000000e+00
4.201638011664015626e-01 3.100000000000000000e+03 4.000000000000000000e+00
3.380317949880555783e-01 3.200000000000000000e+03 4.000000000000000000e+00
2.713107984016985830e-01 3.300000000000000000e+03 4.000000000000000000e+00
2.517659245418849556e-01 3.400000000000000000e+03 4.000000000000000000e+00
3.040642960876399625e-01 3.500000000000000000e+03 4.000000000000000000e+00
4.132153235487930898e-01 3.600000000000000000e+03 4.000000000000000000e+00
5.605835163136082544e-01 3.700000000000000000e+03 4.000000000000000000e+00
7.449526034549860398e-01 3.800000000000000000e+03 4.000000000000000000e+00
9.498060696825154636e-01 3.900000000000000000e+03 4.000000000000000000e+00
1.034855304239635121e+00 2.000000000000000000e+03 4.500000000000000000e+00
9.973506484277785411e-01 2.100000000000000000e+03 4.500000000000000000e+00
9.641527526583107965e-01 2.200000000000000000e+03 4.500000000000000000e+00
9.145801358095659861e-01 2.300000000000000000e+03 4.500000000000000000e+00
8.714226215999899550e-01 2.400000000000000000e+03 4.500000000000000000e+00
8.246768620000793915e-01 2.500000000000000000e+03 4.500000000000000000e+00
7.733249035948271954e-01 2.600000000000000000e+03 4.500000000000000000e+00
7.153141566800779172e-01 2.700000000000000000e+03 4.500000000000000000e+00
6.507194202299620978e-01 2.800000000000000000e+03 4.500000000000000000e+00
5.785302009961760250e-01 2.900000000000000000e+03 4.500000000000000000e+00
5.008712065434548499e-01 3.000000000000000000e+03 4.500000000000000000e+00
4.187031441768810924e-01 3.100000000000000000e+03 4.500000000000000000e+00
3.420269883069186334e-01 3.200000000000000000e+03 4.500000000000000000e+00
2.858013404963669624e-01 3.300000000000000000e+03 4.500000000000000000e+00
2.775482474720268877e-01 3.400000000000000000e+03 4.500000000000000000e+00
3.300935519296243070e-01 3.500000000000000000e+03 4.500000000000000000e+00
4.393672156349283653e-01 3.600000000000000000e+03 4.500000000000000000e+00
5.826626946360615733e-01 3.700000000000000000e+03 4.500000000000000000e+00
7.506563976313318509e-01 3.800000000000000000e+03 4.500000000000000000e+00
9.515494122173190350e-01 3.900000000000000000e+03 4.500000000000000000e+00
