# # Chi square, temp, lg
9.784404394552288053e+00 3.500000000000000000e+03 3.500000000000000000e+00
9.637673309781003894e+00 3.600000000000000000e+03 3.500000000000000000e+00
9.480504330102037969e+00 3.700000000000000000e+03 3.500000000000000000e+00
9.273842292432814105e+00 3.800000000000000000e+03 3.500000000000000000e+00
9.060788774893151043e+00 3.900000000000000000e+03 3.500000000000000000e+00
8.816427065860612089e+00 4.000000000000000000e+03 3.500000000000000000e+00
8.546754978871870634e+00 4.100000000000000000e+03 3.500000000000000000e+00
8.290227266501908332e+00 4.200000000000000000e+03 3.500000000000000000e+00
7.963933905303128391e+00 4.300000000000000000e+03 3.500000000000000000e+00
7.612704202080593952e+00 4.400000000000000000e+03 3.500000000000000000e+00
7.246364416977501222e+00 4.500000000000000000e+03 3.500000000000000000e+00
6.826725591012541727e+00 4.600000000000000000e+03 3.500000000000000000e+00
6.406272908343652261e+00 4.700000000000000000e+03 3.500000000000000000e+00
5.944405404000316473e+00 4.800000000000000000e+03 3.500000000000000000e+00
5.460091711707515394e+00 4.900000000000000000e+03 3.500000000000000000e+00
4.962403294133323151e+00 5.000000000000000000e+03 3.500000000000000000e+00
4.466655827498977160e+00 5.100000000000000000e+03 3.500000000000000000e+00
3.949475170613190311e+00 5.200000000000000000e+03 3.500000000000000000e+00
3.463778254741507912e+00 5.300000000000000000e+03 3.500000000000000000e+00
3.051586843427757767e+00 5.400000000000000000e+03 3.500000000000000000e+00
9.746049878161294089e+00 3.500000000000000000e+03 4.000000000000000000e+00
9.605423661209536945e+00 3.600000000000000000e+03 4.000000000000000000e+00
9.441194823152546434e+00 3.700000000000000000e+03 4.000000000000000000e+00
9.257715531991467017e+00 3.800000000000000000e+03 4.000000000000000000e+00
9.049141659164599005e+00 3.900000000000000000e+03 4.000000000000000000e+00
8.802521351793517468e+00 4.000000000000000000e+03 4.000000000000000000e+00
8.524512370887002533e+00 4.100000000000000000e+03 4.000000000000000000e+00
8.248515065025880943e+00 4.200000000000000000e+03 4.000000000000000000e+00
7.944227468040330642e+00 4.300000000000000000e+03 4.000000000000000000e+00
7.603389535711242431e+00 4.400000000000000000e+03 4.000000000000000000e+00
7.233392578214585811e+00 4.500000000000000000e+03 4.000000000000000000e+00
6.818826043067559795e+00 4.600000000000000000e+03 4.000000000000000000e+00
6.386707797526486097e+00 4.700000000000000000e+03 4.000000000000000000e+00
5.896050967278861243e+00 4.800000000000000000e+03 4.000000000000000000e+00
5.431603771149373650e+00 4.900000000000000000e+03 4.000000000000000000e+00
4.902681909012238215e+00 5.000000000000000000e+03 4.000000000000000000e+00
4.367650248612114261e+00 5.100000000000000000e+03 4.000000000000000000e+00
3.872028267484533437e+00 5.200000000000000000e+03 4.000000000000000000e+00
3.381781673948909717e+00 5.300000000000000000e+03 4.000000000000000000e+00
2.969177933780803080e+00 5.400000000000000000e+03 4.000000000000000000e+00
9.731737835428830863e+00 3.500000000000000000e+03 4.500000000000000000e+00
9.589612253306933454e+00 3.600000000000000000e+03 4.500000000000000000e+00
9.427131992840466879e+00 3.700000000000000000e+03 4.500000000000000000e+00
9.254171290313193410e+00 3.800000000000000000e+03 4.500000000000000000e+00
9.051465732548782839e+00 3.900000000000000000e+03 4.500000000000000000e+00
8.834639434937534119e+00 4.000000000000000000e+03 4.500000000000000000e+00
8.573073386654799677e+00 4.100000000000000000e+03 4.500000000000000000e+00
8.318894549287318085e+00 4.200000000000000000e+03 4.500000000000000000e+00
7.961296072769509458e+00 4.300000000000000000e+03 4.500000000000000000e+00
7.607994531251642378e+00 4.400000000000000000e+03 4.500000000000000000e+00
7.221966185460320098e+00 4.500000000000000000e+03 4.500000000000000000e+00
6.802635047463851059e+00 4.600000000000000000e+03 4.500000000000000000e+00
6.369223185484065297e+00 4.700000000000000000e+03 4.500000000000000000e+00
5.877379424717093848e+00 4.800000000000000000e+03 4.500000000000000000e+00
5.408104809629248777e+00 4.900000000000000000e+03 4.500000000000000000e+00
4.889805229623628513e+00 5.000000000000000000e+03 4.500000000000000000e+00
4.372006018421247475e+00 5.100000000000000000e+03 4.500000000000000000e+00
3.853951839436526416e+00 5.200000000000000000e+03 4.500000000000000000e+00
3.350744906708927662e+00 5.300000000000000000e+03 4.500000000000000000e+00
2.954368155356302150e+00 5.400000000000000000e+03 4.500000000000000000e+00
