# # Chi square, temp, lg
8.197191390196754135e-01 2.500000000000000000e+03 3.500000000000000000e+00
7.728360840475985150e-01 2.600000000000000000e+03 3.500000000000000000e+00
7.126906116165956373e-01 2.700000000000000000e+03 3.500000000000000000e+00
6.481640777476930237e-01 2.800000000000000000e+03 3.500000000000000000e+00
5.658866290430335511e-01 2.900000000000000000e+03 3.500000000000000000e+00
4.778681681735359454e-01 3.000000000000000000e+03 3.500000000000000000e+00
3.866577006006747808e-01 3.100000000000000000e+03 3.500000000000000000e+00
2.873595177429973946e-01 3.200000000000000000e+03 3.500000000000000000e+00
1.753086569569682063e-01 3.300000000000000000e+03 3.500000000000000000e+00
7.029065945908447022e-02 3.400000000000000000e+03 3.500000000000000000e+00
1.182641167043608360e-01 3.500000000000000000e+03 3.500000000000000000e+00
2.708757424557925453e-01 3.600000000000000000e+03 3.500000000000000000e+00
4.359105881110214575e-01 3.700000000000000000e+03 3.500000000000000000e+00
6.421913927757575413e-01 3.800000000000000000e+03 3.500000000000000000e+00
8.544034655935700551e-01 3.900000000000000000e+03 3.500000000000000000e+00
1.105960416738699159e+00 4.000000000000000000e+03 3.500000000000000000e+00
1.370736962416700955e+00 4.100000000000000000e+03 3.500000000000000000e+00
1.633029913867029226e+00 4.200000000000000000e+03 3.500000000000000000e+00
1.960812441276731599e+00 4.300000000000000000e+03 3.500000000000000000e+00
2.312533116788910714e+00 4.400000000000000000e+03 3.500000000000000000e+00
8.106052341872593825e-01 2.500000000000000000e+03 4.000000000000000000e+00
7.577868144699626551e-01 2.600000000000000000e+03 4.000000000000000000e+00
7.013651150726010197e-01 2.700000000000000000e+03 4.000000000000000000e+00
6.311766717064398735e-01 2.800000000000000000e+03 4.000000000000000000e+00
5.513440121322736864e-01 2.900000000000000000e+03 4.000000000000000000e+00
4.693992615947518154e-01 3.000000000000000000e+03 4.000000000000000000e+00
3.796459207254468948e-01 3.100000000000000000e+03 4.000000000000000000e+00
2.762275256972013260e-01 3.200000000000000000e+03 4.000000000000000000e+00
1.703101665415200083e-01 3.300000000000000000e+03 4.000000000000000000e+00
8.824116238349863361e-02 3.400000000000000000e+03 4.000000000000000000e+00
1.504021986867593585e-01 3.500000000000000000e+03 4.000000000000000000e+00
2.896836971822405182e-01 3.600000000000000000e+03 4.000000000000000000e+00
4.592566288401511709e-01 3.700000000000000000e+03 4.000000000000000000e+00
6.506240918222339076e-01 3.800000000000000000e+03 4.000000000000000000e+00
8.650765552318652185e-01 3.900000000000000000e+03 4.000000000000000000e+00
1.115215778318515927e+00 4.000000000000000000e+03 4.000000000000000000e+00
1.406548212837245737e+00 4.100000000000000000e+03 4.000000000000000000e+00
1.684764305532683970e+00 4.200000000000000000e+03 4.000000000000000000e+00
1.990023231331901288e+00 4.300000000000000000e+03 4.000000000000000000e+00
2.322557272207352419e+00 4.400000000000000000e+03 4.000000000000000000e+00
8.050541378308593288e-01 2.500000000000000000e+03 4.500000000000000000e+00
7.548011782370348532e-01 2.600000000000000000e+03 4.500000000000000000e+00
6.959248368516335326e-01 2.700000000000000000e+03 4.500000000000000000e+00
6.293413424288211155e-01 2.800000000000000000e+03 4.500000000000000000e+00
5.539166444678644829e-01 2.900000000000000000e+03 4.500000000000000000e+00
4.700514395796581701e-01 3.000000000000000000e+03 4.500000000000000000e+00
3.732668651217324052e-01 3.100000000000000000e+03 4.500000000000000000e+00
2.712851676643614485e-01 3.200000000000000000e+03 4.500000000000000000e+00
1.729334807045825040e-01 3.300000000000000000e+03 4.500000000000000000e+00
1.118133763275637044e-01 3.400000000000000000e+03 4.500000000000000000e+00
1.725559980479450251e-01 3.500000000000000000e+03 4.500000000000000000e+00
3.084237375892837640e-01 3.600000000000000000e+03 4.500000000000000000e+00
4.699019563382829667e-01 3.700000000000000000e+03 4.500000000000000000e+00
6.501806903959143069e-01 3.800000000000000000e+03 4.500000000000000000e+00
8.589371536955304753e-01 3.900000000000000000e+03 4.500000000000000000e+00
1.077190405630530368e+00 4.000000000000000000e+03 4.500000000000000000e+00
1.347233858518558369e+00 4.100000000000000000e+03 4.500000000000000000e+00
1.608568727326876280e+00 4.200000000000000000e+03 4.500000000000000000e+00
1.973228599382812698e+00 4.300000000000000000e+03 4.500000000000000000e+00
2.322451942820467075e+00 4.400000000000000000e+03 4.500000000000000000e+00
