# # Chi square, temp, lg
1.424440344925943291e+00 3.000000000000000000e+03 3.500000000000000000e+00
1.337227420863591920e+00 3.100000000000000000e+03 3.500000000000000000e+00
1.244950209083067527e+00 3.200000000000000000e+03 3.500000000000000000e+00
1.139617294523577185e+00 3.300000000000000000e+03 3.500000000000000000e+00
1.016799127660985125e+00 3.400000000000000000e+03 3.500000000000000000e+00
8.895081863500848840e-01 3.500000000000000000e+03 3.500000000000000000e+00
7.383589948258990621e-01 3.600000000000000000e+03 3.500000000000000000e+00
5.783859943295325268e-01 3.700000000000000000e+03 3.500000000000000000e+00
3.748765788358189854e-01 3.800000000000000000e+03 3.500000000000000000e+00
1.967366939908430645e-01 3.900000000000000000e+03 3.500000000000000000e+00
1.937676859438903221e-01 4.000000000000000000e+03 3.500000000000000000e+00
4.206303997356981572e-01 4.100000000000000000e+03 3.500000000000000000e+00
6.786038540682642894e-01 4.200000000000000000e+03 3.500000000000000000e+00
1.010958197747456877e+00 4.300000000000000000e+03 3.500000000000000000e+00
1.357210711239906997e+00 4.400000000000000000e+03 3.500000000000000000e+00
1.728566070952260558e+00 4.500000000000000000e+03 3.500000000000000000e+00
2.153854722153929035e+00 4.600000000000000000e+03 3.500000000000000000e+00
2.576877811820741382e+00 4.700000000000000000e+03 3.500000000000000000e+00
3.061790992202961803e+00 4.800000000000000000e+03 3.500000000000000000e+00
3.570296338478624598e+00 4.900000000000000000e+03 3.500000000000000000e+00
1.414456393612572693e+00 3.000000000000000000e+03 4.000000000000000000e+00
1.326232824499664398e+00 3.100000000000000000e+03 4.000000000000000000e+00
1.227425513771035259e+00 3.200000000000000000e+03 4.000000000000000000e+00
1.116999116657908520e+00 3.300000000000000000e+03 4.000000000000000000e+00
1.000543318524432346e+00 3.400000000000000000e+03 4.000000000000000000e+00
8.576357916252529412e-01 3.500000000000000000e+03 4.000000000000000000e+00
7.135154634406314367e-01 3.600000000000000000e+03 4.000000000000000000e+00
5.473617347611228201e-01 3.700000000000000000e+03 4.000000000000000000e+00
3.637203375131154992e-01 3.800000000000000000e+03 4.000000000000000000e+00
1.888870304749044882e-01 3.900000000000000000e+03 4.000000000000000000e+00
1.998631904061788367e-01 4.000000000000000000e+03 4.000000000000000000e+00
4.457598961921738767e-01 4.100000000000000000e+03 4.000000000000000000e+00
7.155385786293525507e-01 4.200000000000000000e+03 4.000000000000000000e+00
1.018152336352267762e+00 4.300000000000000000e+03 4.000000000000000000e+00
1.352202778935664984e+00 4.400000000000000000e+03 4.000000000000000000e+00
1.743291834948840657e+00 4.500000000000000000e+03 4.000000000000000000e+00
2.163267830776133049e+00 4.600000000000000000e+03 4.000000000000000000e+00
2.610555485054445235e+00 4.700000000000000000e+03 4.000000000000000000e+00
3.094004467590200314e+00 4.800000000000000000e+03 4.000000000000000000e+00
3.619602599997746140e+00 4.900000000000000000e+03 4.000000000000000000e+00
1.414713129811162151e+00 3.000000000000000000e+03 4.500000000000000000e+00
1.316866551704023225e+00 3.100000000000000000e+03 4.500000000000000000e+00
1.216264805808333849e+00 3.200000000000000000e+03 4.500000000000000000e+00
1.107056850999107001e+00 3.300000000000000000e+03 4.500000000000000000e+00
9.843400379475414352e-01 3.400000000000000000e+03 4.500000000000000000e+00
8.526225566114844501e-01 3.500000000000000000e+03 4.500000000000000000e+00
7.055218357282293518e-01 3.600000000000000000e+03 4.500000000000000000e+00
5.435337363496129948e-01 3.700000000000000000e+03 4.500000000000000000e+00
3.755324663308401978e-01 3.800000000000000000e+03 4.500000000000000000e+00
2.077587753136099502e-01 3.900000000000000000e+03 4.500000000000000000e+00
1.925220197264834732e-01 4.000000000000000000e+03 4.500000000000000000e+00
4.002612933523583827e-01 4.100000000000000000e+03 4.500000000000000000e+00
6.432125478738579538e-01 4.200000000000000000e+03 4.500000000000000000e+00
9.998838224641174444e-01 4.300000000000000000e+03 4.500000000000000000e+00
1.357962705977137974e+00 4.400000000000000000e+03 4.500000000000000000e+00
1.742250772450869789e+00 4.500000000000000000e+03 4.500000000000000000e+00
2.174994090005077929e+00 4.600000000000000000e+03 4.500000000000000000e+00
2.616003291933552521e+00 4.700000000000000000e+03 4.500000000000000000e+00
3.125344687894986428e+00 4.800000000000000000e+03 4.500000000000000000e+00
3.631115317985911251e+00 4.900000000000000000e+03 4.500000000000000000e+00
