# # Chi square, temp, lg
1.825831826368667921e-02 4.000000000000000000e+03 3.500000000000000000e+00
2.116580249257524887e-02 4.100000000000000000e+03 3.500000000000000000e+00
2.402225019965387870e-02 4.200000000000000000e+03 3.500000000000000000e+00
2.762224999021944266e-02 4.300000000000000000e+03 3.500000000000000000e+00
3.145330346488722090e-02 4.400000000000000000e+03 3.500000000000000000e+00
3.553165687573046211e-02 4.500000000000000000e+03 3.500000000000000000e+00
4.018096253712986898e-02 4.600000000000000000e+03 3.500000000000000000e+00
4.496335395666307966e-02 4.700000000000000000e+03 3.500000000000000000e+00
5.034730331598018249e-02 4.800000000000000000e+03 3.500000000000000000e+00
5.595729413560061177e-02 4.900000000000000000e+03 3.500000000000000000e+00
1.837707958261441260e-02 4.000000000000000000e+03 4.000000000000000000e+00
2.147131917316620273e-02 4.100000000000000000e+03 4.000000000000000000e+00
2.454466864750392413e-02 4.200000000000000000e+03 4.000000000000000000e+00
2.790225555003037275e-02 4.300000000000000000e+03 4.000000000000000000e+00
3.154367401613981936e-02 4.400000000000000000e+03 4.000000000000000000e+00
3.578801625653067059e-02 4.500000000000000000e+03 4.000000000000000000e+00
4.041007814715420060e-02 4.600000000000000000e+03 4.000000000000000000e+00
4.531346577257629876e-02 4.700000000000000000e+03 4.000000000000000000e+00
5.073671556310006825e-02 4.800000000000000000e+03 4.000000000000000000e+00
5.650279599102729644e-02 4.900000000000000000e+03 4.000000000000000000e+00
1.784785456638498732e-02 4.000000000000000000e+03 4.500000000000000000e+00
2.077375141418492943e-02 4.100000000000000000e+03 4.500000000000000000e+00
2.362754341158656776e-02 4.200000000000000000e+03 4.500000000000000000e+00
2.766586590358777881e-02 4.300000000000000000e+03 4.500000000000000000e+00
3.157643215971882994e-02 4.400000000000000000e+03 4.500000000000000000e+00
3.577537852054979428e-02 4.500000000000000000e+03 4.500000000000000000e+00
4.052141055467702035e-02 4.600000000000000000e+03 4.500000000000000000e+00
4.539279646589882561e-02 4.700000000000000000e+03 4.500000000000000000e+00
5.096080897065716209e-02 4.800000000000000000e+03 4.500000000000000000e+00
5.654606440295284475e-02 4.900000000000000000e+03 4.500000000000000000e+00
