# # Chi square, temp, lg
3.700471618649368022e+00 2.500000000000000000e+03 3.500000000000000000e+00
3.665887151366279184e+00 2.600000000000000000e+03 3.500000000000000000e+00
3.619652228004820227e+00 2.700000000000000000e+03 3.500000000000000000e+00
3.569385855773112404e+00 2.800000000000000000e+03 3.500000000000000000e+00
3.505364780742374009e+00 2.900000000000000000e+03 3.500000000000000000e+00
3.434859221088427894e+00 3.000000000000000000e+03 3.500000000000000000e+00
3.359467780839403339e+00 3.100000000000000000e+03 3.500000000000000000e+00
3.279760472882795153e+00 3.200000000000000000e+03 3.500000000000000000e+00
3.183966042573640465e+00 3.300000000000000000e+03 3.500000000000000000e+00
3.075578409079101849e+00 3.400000000000000000e+03 3.500000000000000000e+00
2.957948189957221530e+00 3.500000000000000000e+03 3.500000000000000000e+00
2.813596545454459363e+00 3.600000000000000000e+03 3.500000000000000000e+00
2.653821179270166475e+00 3.700000000000000000e+03 3.500000000000000000e+00
2.445559064592509824e+00 3.800000000000000000e+03 3.500000000000000000e+00
2.236738859511476996e+00 3.900000000000000000e+03 3.500000000000000000e+00
1.987360700096865385e+00 4.000000000000000000e+03 3.500000000000000000e+00
1.723683342773717042e+00 4.100000000000000000e+03 3.500000000000000000e+00
1.465708417024811583e+00 4.200000000000000000e+03 3.500000000000000000e+00
1.143395605208501031e+00 4.300000000000000000e+03 3.500000000000000000e+00
8.111037182653586530e-01 4.400000000000000000e+03 3.500000000000000000e+00
3.694524120327638883e+00 2.500000000000000000e+03 4.000000000000000000e+00
3.655503721688259322e+00 2.600000000000000000e+03 4.000000000000000000e+00
3.612140782266489047e+00 2.700000000000000000e+03 4.000000000000000000e+00
3.556944855474073908e+00 2.800000000000000000e+03 4.000000000000000000e+00
3.493257551622809931e+00 2.900000000000000000e+03 4.000000000000000000e+00
3.423857936453230444e+00 3.000000000000000000e+03 4.000000000000000000e+00
3.345924160639813127e+00 3.100000000000000000e+03 4.000000000000000000e+00
3.256573493492677329e+00 3.200000000000000000e+03 4.000000000000000000e+00
3.158270433895134399e+00 3.300000000000000000e+03 4.000000000000000000e+00
3.051084834077450125e+00 3.400000000000000000e+03 4.000000000000000000e+00
2.917140454751184997e+00 3.500000000000000000e+03 4.000000000000000000e+00
2.776757111339914541e+00 3.600000000000000000e+03 4.000000000000000000e+00
2.617343621475490600e+00 3.700000000000000000e+03 4.000000000000000000e+00
2.431535196175976576e+00 3.800000000000000000e+03 4.000000000000000000e+00
2.225383308826927031e+00 3.900000000000000000e+03 4.000000000000000000e+00
1.975983719808394934e+00 4.000000000000000000e+03 4.000000000000000000e+00
1.699937096040909035e+00 4.100000000000000000e+03 4.000000000000000000e+00
1.426356438041352259e+00 4.200000000000000000e+03 4.000000000000000000e+00
1.132094037118254848e+00 4.300000000000000000e+03 4.000000000000000000e+00
8.244065749511380048e-01 4.400000000000000000e+03 4.000000000000000000e+00
3.691217636445819572e+00 2.500000000000000000e+03 4.500000000000000000e+00
3.654638458801190648e+00 2.600000000000000000e+03 4.500000000000000000e+00
3.609902561031800072e+00 2.700000000000000000e+03 4.500000000000000000e+00
3.558144849178023872e+00 2.800000000000000000e+03 4.500000000000000000e+00
3.495402786298095421e+00 2.900000000000000000e+03 4.500000000000000000e+00
3.424881527608716336e+00 3.000000000000000000e+03 4.500000000000000000e+00
3.337002174641113594e+00 3.100000000000000000e+03 4.500000000000000000e+00
3.244713443526614949e+00 3.200000000000000000e+03 4.500000000000000000e+00
3.144467402871993222e+00 3.300000000000000000e+03 4.500000000000000000e+00
3.030092449949855826e+00 3.400000000000000000e+03 4.500000000000000000e+00
2.902078849555971729e+00 3.500000000000000000e+03 4.500000000000000000e+00
2.759954196760495027e+00 3.600000000000000000e+03 4.500000000000000000e+00
2.598627000983610991e+00 3.700000000000000000e+03 4.500000000000000000e+00
2.421410816048477965e+00 3.800000000000000000e+03 4.500000000000000000e+00
2.220819960988022590e+00 3.900000000000000000e+03 4.500000000000000000e+00
2.004667109307922246e+00 4.000000000000000000e+03 4.500000000000000000e+00
1.749314951520505312e+00 4.100000000000000000e+03 4.500000000000000000e+00
1.498552063278195901e+00 4.200000000000000000e+03 4.500000000000000000e+00
1.146078673657474623e+00 4.300000000000000000e+03 4.500000000000000000e+00
8.294838110615404547e-01 4.400000000000000000e+03 4.500000000000000000e+00
