# # Chi square, temp, lg
8.662686939071521097e-01 2.500000000000000000e+03 3.500000000000000000e+00
8.176814767699104314e-01 2.600000000000000000e+03 3.500000000000000000e+00
7.564248773092840938e-01 2.700000000000000000e+03 3.500000000000000000e+00
6.926543123834207893e-01 2.800000000000000000e+03 3.500000000000000000e+00
6.116487035433488817e-01 2.900000000000000000e+03 3.500000000000000000e+00
5.257678983189995048e-01 3.000000000000000000e+03 3.500000000000000000e+00
4.415324145227637609e-01 3.100000000000000000e+03 3.500000000000000000e+00
3.545485637298984583e-01 3.200000000000000000e+03 3.500000000000000000e+00
2.691475922322227876e-01 3.300000000000000000e+03 3.500000000000000000e+00
2.246653870953597698e-01 3.400000000000000000e+03 3.500000000000000000e+00
2.528322184124512373e-01 3.500000000000000000e+03 3.500000000000000000e+00
3.641589738034402557e-01 3.600000000000000000e+03 3.500000000000000000e+00
5.139619990639286984e-01 3.700000000000000000e+03 3.500000000000000000e+00
7.133916017058228309e-01 3.800000000000000000e+03 3.500000000000000000e+00
9.252379645571368050e-01 3.900000000000000000e+03 3.500000000000000000e+00
1.165331364655424862e+00 4.000000000000000000e+03 3.500000000000000000e+00
1.431450970985925775e+00 4.100000000000000000e+03 3.500000000000000000e+00
1.688256112158209366e+00 4.200000000000000000e+03 3.500000000000000000e+00
2.013378148179695071e+00 4.300000000000000000e+03 3.500000000000000000e+00
2.370709045617248378e+00 4.400000000000000000e+03 3.500000000000000000e+00
8.559211714933715465e-01 2.500000000000000000e+03 4.000000000000000000e+00
8.019830878288889409e-01 2.600000000000000000e+03 4.000000000000000000e+00
7.447495634973729794e-01 2.700000000000000000e+03 4.000000000000000000e+00
6.758691561904469625e-01 2.800000000000000000e+03 4.000000000000000000e+00
6.004782193058121331e-01 2.900000000000000000e+03 4.000000000000000000e+00
5.223982289821651470e-01 3.000000000000000000e+03 4.000000000000000000e+00
4.427283045497112379e-01 3.100000000000000000e+03 4.000000000000000000e+00
3.585507678622856798e-01 3.200000000000000000e+03 4.000000000000000000e+00
2.868693959906457036e-01 3.300000000000000000e+03 4.000000000000000000e+00
2.576514550740978682e-01 3.400000000000000000e+03 4.000000000000000000e+00
2.975728972122365645e-01 3.500000000000000000e+03 4.000000000000000000e+00
4.001629614333750973e-01 3.600000000000000000e+03 4.000000000000000000e+00
5.442907815019885076e-01 3.700000000000000000e+03 4.000000000000000000e+00
7.272498084571600296e-01 3.800000000000000000e+03 4.000000000000000000e+00
9.314572852234895839e-01 3.900000000000000000e+03 4.000000000000000000e+00
1.174700302890510750e+00 4.000000000000000000e+03 4.000000000000000000e+00
1.460209715320780255e+00 4.100000000000000000e+03 4.000000000000000000e+00
1.732389376470941489e+00 4.200000000000000000e+03 4.000000000000000000e+00
2.034181562834403767e+00 4.300000000000000000e+03 4.000000000000000000e+00
2.368578309351019762e+00 4.400000000000000000e+03 4.000000000000000000e+00
8.491234157042506503e-01 2.500000000000000000e+03 4.500000000000000000e+00
7.977510772363668456e-01 2.600000000000000000e+03 4.500000000000000000e+00
7.396703638797266223e-01 2.700000000000000000e+03 4.500000000000000000e+00
6.749408242171108796e-01 2.800000000000000000e+03 4.500000000000000000e+00
6.024882348472679894e-01 2.900000000000000000e+03 4.500000000000000000e+00
5.243273067790512609e-01 3.000000000000000000e+03 4.500000000000000000e+00
4.409881819441607842e-01 3.100000000000000000e+03 4.500000000000000000e+00
3.618863143701197549e-01 3.200000000000000000e+03 4.500000000000000000e+00
3.003312996447922156e-01 3.300000000000000000e+03 4.500000000000000000e+00
2.825319836461227530e-01 3.400000000000000000e+03 4.500000000000000000e+00
3.247010177657324026e-01 3.500000000000000000e+03 4.500000000000000000e+00
4.277237676309276759e-01 3.600000000000000000e+03 4.500000000000000000e+00
5.677765907638311349e-01 3.700000000000000000e+03 4.500000000000000000e+00
7.340940354011153968e-01 3.800000000000000000e+03 4.500000000000000000e+00
9.341179450044300170e-01 3.900000000000000000e+03 4.500000000000000000e+00
1.148002726532271200e+00 4.000000000000000000e+03 4.500000000000000000e+00
1.401377095957778485e+00 4.100000000000000000e+03 4.500000000000000000e+00
1.656423085496272929e+00 4.200000000000000000e+03 4.500000000000000000e+00
2.017796258861751291e+00 4.300000000000000000e+03 4.500000000000000000e+00
2.362692614546443970e+00 4.400000000000000000e+03 4.500000000000000000e+00
