# # Chi square, temp, lg
2.561982166823338347e-01 2.500000000000000000e+03 3.500000000000000000e+00
2.084028394666476436e-01 2.600000000000000000e+03 3.500000000000000000e+00
1.471433972335959572e-01 2.700000000000000000e+03 3.500000000000000000e+00
8.398315940576624172e-02 2.800000000000000000e+03 3.500000000000000000e+00
3.102945259188640004e-02 2.900000000000000000e+03 3.500000000000000000e+00
9.988346942308498622e-02 3.000000000000000000e+03 3.500000000000000000e+00
1.895970634250276343e-01 3.100000000000000000e+03 3.500000000000000000e+00
2.909106178768527950e-01 3.200000000000000000e+03 3.500000000000000000e+00
4.059692351423050405e-01 3.300000000000000000e+03 3.500000000000000000e+00
5.342622237005868469e-01 3.400000000000000000e+03 3.500000000000000000e+00
6.695262691086684148e-01 3.500000000000000000e+03 3.500000000000000000e+00
8.228371826646349030e-01 3.600000000000000000e+03 3.500000000000000000e+00
9.824888293663693872e-01 3.700000000000000000e+03 3.500000000000000000e+00
1.180074917293200576e+00 3.800000000000000000e+03 3.500000000000000000e+00
1.381830447012444729e+00 3.900000000000000000e+03 3.500000000000000000e+00
1.618761960617422391e+00 4.000000000000000000e+03 3.500000000000000000e+00
1.878025680578039536e+00 4.100000000000000000e+03 3.500000000000000000e+00
2.126764886780297736e+00 4.200000000000000000e+03 3.500000000000000000e+00
2.446183694794491714e+00 4.300000000000000000e+03 3.500000000000000000e+00
2.785414466971704250e+00 4.400000000000000000e+03 3.500000000000000000e+00
2.465538922239756681e-01 2.500000000000000000e+03 4.000000000000000000e+00
1.937052956398991888e-01 2.600000000000000000e+03 4.000000000000000000e+00
1.361094293960180002e-01 2.700000000000000000e+03 4.000000000000000000e+00
6.852652786711684041e-02 2.800000000000000000e+03 4.000000000000000000e+00
3.788550503695867905e-02 2.900000000000000000e+03 4.000000000000000000e+00
1.081950141114686598e-01 3.000000000000000000e+03 4.000000000000000000e+00
1.976916652504699667e-01 3.100000000000000000e+03 4.000000000000000000e+00
3.036721736189096910e-01 3.200000000000000000e+03 4.000000000000000000e+00
4.164560877888736634e-01 3.300000000000000000e+03 4.000000000000000000e+00
5.359965762411365020e-01 3.400000000000000000e+03 4.000000000000000000e+00
6.818870047840475124e-01 3.500000000000000000e+03 4.000000000000000000e+00
8.279716313816625206e-01 3.600000000000000000e+03 4.000000000000000000e+00
9.977241357756423401e-01 3.700000000000000000e+03 4.000000000000000000e+00
1.183982491380200175e+00 3.800000000000000000e+03 4.000000000000000000e+00
1.388084894666215430e+00 3.900000000000000000e+03 4.000000000000000000e+00
1.630899922453070250e+00 4.000000000000000000e+03 4.000000000000000000e+00
1.905243728378154699e+00 4.100000000000000000e+03 4.000000000000000000e+00
2.174869594084635427e+00 4.200000000000000000e+03 4.000000000000000000e+00
2.473395466367941165e+00 4.300000000000000000e+03 4.000000000000000000e+00
2.793517725398194429e+00 4.400000000000000000e+03 4.000000000000000000e+00
2.408360218305247713e-01 2.500000000000000000e+03 4.500000000000000000e+00
1.905301385170197759e-01 2.600000000000000000e+03 4.500000000000000000e+00
1.314283243108940180e-01 2.700000000000000000e+03 4.500000000000000000e+00
6.941574816145518190e-02 2.800000000000000000e+03 4.500000000000000000e+00
3.847339574063571299e-02 2.900000000000000000e+03 4.500000000000000000e+00
1.086436695878943010e-01 3.000000000000000000e+03 4.500000000000000000e+00
2.064667654540540687e-01 3.100000000000000000e+03 4.500000000000000000e+00
3.119064406455315241e-01 3.200000000000000000e+03 4.500000000000000000e+00
4.237575502192172938e-01 3.300000000000000000e+03 4.500000000000000000e+00
5.484750797390989252e-01 3.400000000000000000e+03 4.500000000000000000e+00
6.819876365754106162e-01 3.500000000000000000e+03 4.500000000000000000e+00
8.287531695603160831e-01 3.600000000000000000e+03 4.500000000000000000e+00
9.922966695278829796e-01 3.700000000000000000e+03 4.500000000000000000e+00
1.169911900352485157e+00 3.800000000000000000e+03 4.500000000000000000e+00
1.369290836878396256e+00 3.900000000000000000e+03 4.500000000000000000e+00
1.586476869661608724e+00 4.000000000000000000e+03 4.500000000000000000e+00
1.846628987256796695e+00 4.100000000000000000e+03 4.500000000000000000e+00
2.100697909562758703e+00 4.200000000000000000e+03 4.500000000000000000e+00
2.457624435620941572e+00 4.300000000000000000e+03 4.500000000000000000e+00
2.801288192962771539e+00 4.400000000000000000e+03 4.500000000000000000e+00
