# # Chi square, temp, lg
6.257161383656195675e+00 2.500000000000000000e+03 3.500000000000000000e+00
6.219459215881903091e+00 2.600000000000000000e+03 3.500000000000000000e+00
6.169745274317474326e+00 2.700000000000000000e+03 3.500000000000000000e+00
6.114818982898550637e+00 2.800000000000000000e+03 3.500000000000000000e+00
6.044866213639258135e+00 2.900000000000000000e+03 3.500000000000000000e+00
5.968990906556348897e+00 3.000000000000000000e+03 3.500000000000000000e+00
5.887383664628479174e+00 3.100000000000000000e+03 3.500000000000000000e+00
5.799917295205326617e+00 3.200000000000000000e+03 3.500000000000000000e+00
5.695194619579345918e+00 3.300000000000000000e+03 3.500000000000000000e+00
5.577361344995366288e+00 3.400000000000000000e+03 3.500000000000000000e+00
5.449099861198807737e+00 3.500000000000000000e+03 3.500000000000000000e+00
5.296180566172760784e+00 3.600000000000000000e+03 3.500000000000000000e+00
5.129327020725904518e+00 3.700000000000000000e+03 3.500000000000000000e+00
4.919014381905554067e+00 3.800000000000000000e+03 3.500000000000000000e+00
4.706442157757903644e+00 3.900000000000000000e+03 3.500000000000000000e+00
4.457073290487011619e+00 4.000000000000000000e+03 3.500000000000000000e+00
4.194902012700270078e+00 4.100000000000000000e+03 3.500000000000000000e+00
3.937882962564756451e+00 4.200000000000000000e+03 3.500000000000000000e+00
3.621810942764972285e+00 4.300000000000000000e+03 3.500000000000000000e+00
3.301340305294713673e+00 4.400000000000000000e+03 3.500000000000000000e+00
6.250829613653769989e+00 2.500000000000000000e+03 4.000000000000000000e+00
6.208164832247016207e+00 2.600000000000000000e+03 4.000000000000000000e+00
6.161148733914566300e+00 2.700000000000000000e+03 4.000000000000000000e+00
6.101180455146265835e+00 2.800000000000000000e+03 4.000000000000000000e+00
6.032573911638133168e+00 2.900000000000000000e+03 4.000000000000000000e+00
5.958449273414790248e+00 3.000000000000000000e+03 4.000000000000000000e+00
5.875264788855636411e+00 3.100000000000000000e+03 4.000000000000000000e+00
5.779129699257385511e+00 3.200000000000000000e+03 4.000000000000000000e+00
5.673661603048016033e+00 3.300000000000000000e+03 4.000000000000000000e+00
5.559510172802479389e+00 3.400000000000000000e+03 4.000000000000000000e+00
5.415951891720851563e+00 3.500000000000000000e+03 4.000000000000000000e+00
5.268087744894516256e+00 3.600000000000000000e+03 4.000000000000000000e+00
5.100805676556397827e+00 3.700000000000000000e+03 4.000000000000000000e+00
4.910303621908444605e+00 3.800000000000000000e+03 4.000000000000000000e+00
4.695905703052880575e+00 3.900000000000000000e+03 4.000000000000000000e+00
4.445657254136924585e+00 4.000000000000000000e+03 4.000000000000000000e+00
4.165738669083884460e+00 4.100000000000000000e+03 4.000000000000000000e+00
3.895036411892863537e+00 4.200000000000000000e+03 4.000000000000000000e+00
3.597472773118124412e+00 4.300000000000000000e+03 4.000000000000000000e+00
3.283923746377786834e+00 4.400000000000000000e+03 4.000000000000000000e+00
6.246834571701001870e+00 2.500000000000000000e+03 4.500000000000000000e+00
6.206753013545021957e+00 2.600000000000000000e+03 4.500000000000000000e+00
6.158030393819160508e+00 2.700000000000000000e+03 4.500000000000000000e+00
6.102191887321913200e+00 2.800000000000000000e+03 4.500000000000000000e+00
6.034414768107622784e+00 2.900000000000000000e+03 4.500000000000000000e+00
5.959299276336971651e+00 3.000000000000000000e+03 4.500000000000000000e+00
5.866243561341728530e+00 3.100000000000000000e+03 4.500000000000000000e+00
5.767500521632621613e+00 3.200000000000000000e+03 4.500000000000000000e+00
5.661591015962454954e+00 3.300000000000000000e+03 4.500000000000000000e+00
5.541064920697286844e+00 3.400000000000000000e+03 4.500000000000000000e+00
5.406635871922442327e+00 3.500000000000000000e+03 4.500000000000000000e+00
5.257963768197977394e+00 3.600000000000000000e+03 4.500000000000000000e+00
5.091726270569917112e+00 3.700000000000000000e+03 4.500000000000000000e+00
4.910716321919642802e+00 3.800000000000000000e+03 4.500000000000000000e+00
4.703282595232918695e+00 3.900000000000000000e+03 4.500000000000000000e+00
4.483282399636911997e+00 4.000000000000000000e+03 4.500000000000000000e+00
4.221142939026501395e+00 4.100000000000000000e+03 4.500000000000000000e+00
3.967070193195666672e+00 4.200000000000000000e+03 4.500000000000000000e+00
3.607590960713577655e+00 4.300000000000000000e+03 4.500000000000000000e+00
3.278948991997001627e+00 4.400000000000000000e+03 4.500000000000000000e+00
