# # Chi square, temp, lg
5.728580805455505853e+00 3.500000000000000000e+03 3.500000000000000000e+00
5.576240633426283289e+00 3.600000000000000000e+03 3.500000000000000000e+00
5.409735776878801694e+00 3.700000000000000000e+03 3.500000000000000000e+00
5.199444860608408270e+00 3.800000000000000000e+03 3.500000000000000000e+00
4.986685554036957235e+00 3.900000000000000000e+03 3.500000000000000000e+00
4.736730048051813746e+00 4.000000000000000000e+03 3.500000000000000000e+00
4.473497103366673500e+00 4.100000000000000000e+03 3.500000000000000000e+00
4.214962151859239725e+00 4.200000000000000000e+03 3.500000000000000000e+00
3.896097899781912677e+00 4.300000000000000000e+03 3.500000000000000000e+00
3.571182626894164880e+00 4.400000000000000000e+03 3.500000000000000000e+00
3.233140945949709799e+00 4.500000000000000000e+03 3.500000000000000000e+00
2.865218639014813995e+00 4.600000000000000000e+03 3.500000000000000000e+00
2.528037764262859977e+00 4.700000000000000000e+03 3.500000000000000000e+00
2.190887972047300458e+00 4.800000000000000000e+03 3.500000000000000000e+00
1.935378011642842067e+00 4.900000000000000000e+03 3.500000000000000000e+00
1.793528324183831124e+00 5.000000000000000000e+03 3.500000000000000000e+00
1.855187554977647757e+00 5.100000000000000000e+03 3.500000000000000000e+00
2.097704015303743397e+00 5.200000000000000000e+03 3.500000000000000000e+00
2.565983770995865942e+00 5.300000000000000000e+03 3.500000000000000000e+00
3.127728504058447268e+00 5.400000000000000000e+03 3.500000000000000000e+00
5.694807139872470891e+00 3.500000000000000000e+03 4.000000000000000000e+00
5.547434735545868634e+00 3.600000000000000000e+03 4.000000000000000000e+00
5.380593694068648070e+00 3.700000000000000000e+03 4.000000000000000000e+00
5.190309565307625661e+00 3.800000000000000000e+03 4.000000000000000000e+00
4.976015992129023680e+00 3.900000000000000000e+03 4.000000000000000000e+00
4.725435726321132179e+00 4.000000000000000000e+03 4.000000000000000000e+00
4.444614987946287066e+00 4.100000000000000000e+03 4.000000000000000000e+00
4.172638825542287933e+00 4.200000000000000000e+03 4.000000000000000000e+00
3.872559462413893261e+00 4.300000000000000000e+03 4.000000000000000000e+00
3.555211376364487919e+00 4.400000000000000000e+03 4.000000000000000000e+00
3.199733621972025155e+00 4.500000000000000000e+03 4.000000000000000000e+00
2.835014306973738130e+00 4.600000000000000000e+03 4.000000000000000000e+00
2.478900155841404551e+00 4.700000000000000000e+03 4.000000000000000000e+00
2.135024532213489312e+00 4.800000000000000000e+03 4.000000000000000000e+00
1.878430427599935948e+00 4.900000000000000000e+03 4.000000000000000000e+00
1.744676589183035587e+00 5.000000000000000000e+03 4.000000000000000000e+00
1.828379482894442631e+00 5.100000000000000000e+03 4.000000000000000000e+00
2.113848423119705888e+00 5.200000000000000000e+03 4.000000000000000000e+00
2.595415696676264261e+00 5.300000000000000000e+03 4.000000000000000000e+00
3.197747032653829091e+00 5.400000000000000000e+03 4.000000000000000000e+00
5.685081136337253760e+00 3.500000000000000000e+03 4.500000000000000000e+00
5.536751844935449363e+00 3.600000000000000000e+03 4.500000000000000000e+00
5.370747495019625894e+00 3.700000000000000000e+03 4.500000000000000000e+00
5.189881501618202719e+00 3.800000000000000000e+03 4.500000000000000000e+00
4.982514441358325996e+00 3.900000000000000000e+03 4.500000000000000000e+00
4.762452274451492329e+00 4.000000000000000000e+03 4.500000000000000000e+00
4.499895810169420862e+00 4.100000000000000000e+03 4.500000000000000000e+00
4.244947918173622270e+00 4.200000000000000000e+03 4.500000000000000000e+00
3.883277210482730002e+00 4.300000000000000000e+03 4.500000000000000000e+00
3.551177682978485795e+00 4.400000000000000000e+03 4.500000000000000000e+00
3.197279944063994961e+00 4.500000000000000000e+03 4.500000000000000000e+00
2.813845005520672959e+00 4.600000000000000000e+03 4.500000000000000000e+00
2.450832038779428679e+00 4.700000000000000000e+03 4.500000000000000000e+00
2.094410505896191932e+00 4.800000000000000000e+03 4.500000000000000000e+00
1.836313382149746376e+00 4.900000000000000000e+03 4.500000000000000000e+00
1.707803928976043384e+00 5.000000000000000000e+03 4.500000000000000000e+00
1.761249839615907309e+00 5.100000000000000000e+03 4.500000000000000000e+00
2.068937692542637041e+00 5.200000000000000000e+03 4.500000000000000000e+00
2.535775955641133450e+00 5.300000000000000000e+03 4.500000000000000000e+00
3.064431516048878645e+00 5.400000000000000000e+03 4.500000000000000000e+00
