# # Chi square, temp, lg
1.596596496352091776e+00 3.500000000000000000e+03 3.500000000000000000e+00
1.447323210234840563e+00 3.600000000000000000e+03 3.500000000000000000e+00
1.302162332252917665e+00 3.700000000000000000e+03 3.500000000000000000e+00
1.142153345812749521e+00 3.800000000000000000e+03 3.500000000000000000e+00
1.002166407440590934e+00 3.900000000000000000e+03 3.500000000000000000e+00
8.982952147997212977e-01 4.000000000000000000e+03 3.500000000000000000e+00
8.731196318723014604e-01 4.100000000000000000e+03 3.500000000000000000e+00
9.265110234764313279e-01 4.200000000000000000e+03 3.500000000000000000e+00
1.098785444953143564e+00 4.300000000000000000e+03 3.500000000000000000e+00
1.358233270054901354e+00 4.400000000000000000e+03 3.500000000000000000e+00
1.661261928998627013e+00 4.500000000000000000e+03 3.500000000000000000e+00
2.037009574899797393e+00 4.600000000000000000e+03 3.500000000000000000e+00
2.446606092075566341e+00 4.700000000000000000e+03 3.500000000000000000e+00
2.909919971922456661e+00 4.800000000000000000e+03 3.500000000000000000e+00
3.399708026798625937e+00 4.900000000000000000e+03 3.500000000000000000e+00
3.942535913421001847e+00 5.000000000000000000e+03 3.500000000000000000e+00
4.515960426277052520e+00 5.100000000000000000e+03 3.500000000000000000e+00
5.158143772586623044e+00 5.200000000000000000e+03 3.500000000000000000e+00
5.862928829934696218e+00 5.300000000000000000e+03 3.500000000000000000e+00
6.581435722007539901e+00 5.400000000000000000e+03 3.500000000000000000e+00
1.589253536483997031e+00 3.500000000000000000e+03 4.000000000000000000e+00
1.452080433634074685e+00 3.600000000000000000e+03 4.000000000000000000e+00
1.301850567865278530e+00 3.700000000000000000e+03 4.000000000000000000e+00
1.151934837688759927e+00 3.800000000000000000e+03 4.000000000000000000e+00
1.008137525834876591e+00 3.900000000000000000e+03 4.000000000000000000e+00
8.977764237201092401e-01 4.000000000000000000e+03 4.000000000000000000e+00
8.659273140932841617e-01 4.100000000000000000e+03 4.000000000000000000e+00
9.314862427872200312e-01 4.200000000000000000e+03 4.000000000000000000e+00
1.095239513494562500e+00 4.300000000000000000e+03 4.000000000000000000e+00
1.344808042748673937e+00 4.400000000000000000e+03 4.000000000000000000e+00
1.663069872841620445e+00 4.500000000000000000e+03 4.000000000000000000e+00
2.045498824551831962e+00 4.600000000000000000e+03 4.000000000000000000e+00
2.469099816849734896e+00 4.700000000000000000e+03 4.000000000000000000e+00
2.952256778624127165e+00 4.800000000000000000e+03 4.000000000000000000e+00
3.460254270974007174e+00 4.900000000000000000e+03 4.000000000000000000e+00
4.018839844617786206e+00 5.000000000000000000e+03 4.000000000000000000e+00
4.606845513038615891e+00 5.100000000000000000e+03 4.000000000000000000e+00
5.222486263630820247e+00 5.200000000000000000e+03 4.000000000000000000e+00
5.927719143035524496e+00 5.300000000000000000e+03 4.000000000000000000e+00
6.645982767158534976e+00 5.400000000000000000e+03 4.000000000000000000e+00
1.598170093675973957e+00 3.500000000000000000e+03 4.500000000000000000e+00
1.463577764731299968e+00 3.600000000000000000e+03 4.500000000000000000e+00
1.325033196865338603e+00 3.700000000000000000e+03 4.500000000000000000e+00
1.191282633210738018e+00 3.800000000000000000e+03 4.500000000000000000e+00
1.053955336068746362e+00 3.900000000000000000e+03 4.500000000000000000e+00
9.458508134031849979e-01 4.000000000000000000e+03 4.500000000000000000e+00
8.822577164981214581e-01 4.100000000000000000e+03 4.500000000000000000e+00
9.087945840414592968e-01 4.200000000000000000e+03 4.500000000000000000e+00
1.074461461638218651e+00 4.300000000000000000e+03 4.500000000000000000e+00
1.333949291075014365e+00 4.400000000000000000e+03 4.500000000000000000e+00
1.658576880307833790e+00 4.500000000000000000e+03 4.500000000000000000e+00
2.051123525300978301e+00 4.600000000000000000e+03 4.500000000000000000e+00
2.464291593924888168e+00 4.700000000000000000e+03 4.500000000000000000e+00
2.961648997455276877e+00 4.800000000000000000e+03 4.500000000000000000e+00
3.450231816589467648e+00 4.900000000000000000e+03 4.500000000000000000e+00
3.999571196648801230e+00 5.000000000000000000e+03 4.500000000000000000e+00
4.577848319302423974e+00 5.100000000000000000e+03 4.500000000000000000e+00
5.209025114562532366e+00 5.200000000000000000e+03 4.500000000000000000e+00
5.910549330011662050e+00 5.300000000000000000e+03 4.500000000000000000e+00
6.560439084896614759e+00 5.400000000000000000e+03 4.500000000000000000e+00
