# # Chi square, temp, lg
9.854219836613624731e-03 3.000000000000000000e+03 3.500000000000000000e+00
7.800785562602943583e-03 3.100000000000000000e+03 3.500000000000000000e+00
5.574298940027823043e-03 3.200000000000000000e+03 3.500000000000000000e+00
3.145166430805991595e-03 3.300000000000000000e+03 3.500000000000000000e+00
7.217649977264516516e-04 3.400000000000000000e+03 3.500000000000000000e+00
1.844649118229794733e-03 3.500000000000000000e+03 3.500000000000000000e+00
4.470590198890291370e-03 3.600000000000000000e+03 3.500000000000000000e+00
7.174927551248597331e-03 3.700000000000000000e+03 3.500000000000000000e+00
1.025641678989874621e-02 3.800000000000000000e+03 3.500000000000000000e+00
1.338607372136297290e-02 3.900000000000000000e+03 3.500000000000000000e+00
1.685130554661026792e-02 4.000000000000000000e+03 3.500000000000000000e+00
2.044103145746314909e-02 4.100000000000000000e+03 3.500000000000000000e+00
2.384105820414448434e-02 4.200000000000000000e+03 3.500000000000000000e+00
2.804878822862915885e-02 4.300000000000000000e+03 3.500000000000000000e+00
3.237530329090435033e-02 4.400000000000000000e+03 3.500000000000000000e+00
3.689599810612267938e-02 4.500000000000000000e+03 3.500000000000000000e+00
4.188061924234730976e-02 4.600000000000000000e+03 3.500000000000000000e+00
4.676066848881637456e-02 4.700000000000000000e+03 3.500000000000000000e+00
5.200614313416259543e-02 4.800000000000000000e+03 3.500000000000000000e+00
5.713114182880977415e-02 4.900000000000000000e+03 3.500000000000000000e+00
9.804863129225084226e-03 3.000000000000000000e+03 4.000000000000000000e+00
7.747730314529390795e-03 3.100000000000000000e+03 4.000000000000000000e+00
5.391145289435060085e-03 3.200000000000000000e+03 4.000000000000000000e+00
2.967824969850391820e-03 3.300000000000000000e+03 4.000000000000000000e+00
6.823318260825400432e-04 3.400000000000000000e+03 4.000000000000000000e+00
2.216956922777689725e-03 3.500000000000000000e+03 4.000000000000000000e+00
4.809424793493906510e-03 3.600000000000000000e+03 4.000000000000000000e+00
7.642069519631042654e-03 3.700000000000000000e+03 4.000000000000000000e+00
1.057724810939038654e-02 3.800000000000000000e+03 4.000000000000000000e+00
1.381401275952618725e-02 3.900000000000000000e+03 4.000000000000000000e+00
1.748102265378409514e-02 4.000000000000000000e+03 4.000000000000000000e+00
2.140713224652642313e-02 4.100000000000000000e+03 4.000000000000000000e+00
2.517969661919104013e-02 4.200000000000000000e+03 4.000000000000000000e+00
2.900860856432934190e-02 4.300000000000000000e+03 4.000000000000000000e+00
3.306886435324127294e-02 4.400000000000000000e+03 4.000000000000000000e+00
3.770959286403272048e-02 4.500000000000000000e+03 4.000000000000000000e+00
4.263346237542551403e-02 4.600000000000000000e+03 4.000000000000000000e+00
4.763568763828310987e-02 4.700000000000000000e+03 4.000000000000000000e+00
5.289227077690721035e-02 4.800000000000000000e+03 4.000000000000000000e+00
5.822155585566667763e-02 4.900000000000000000e+03 4.000000000000000000e+00
9.947891648974501247e-03 3.000000000000000000e+03 4.500000000000000000e+00
7.745956239755440349e-03 3.100000000000000000e+03 4.500000000000000000e+00
5.366253043481363991e-03 3.200000000000000000e+03 4.500000000000000000e+00
2.996036891561400326e-03 3.300000000000000000e+03 4.500000000000000000e+00
6.230676290412394966e-04 3.400000000000000000e+03 4.500000000000000000e+00
2.174065855947192229e-03 3.500000000000000000e+03 4.500000000000000000e+00
4.807910610040610350e-03 3.600000000000000000e+03 4.500000000000000000e+00
7.586840912971166626e-03 3.700000000000000000e+03 4.500000000000000000e+00
1.039484960671684805e-02 3.800000000000000000e+03 4.500000000000000000e+00
1.360703971579653275e-02 3.900000000000000000e+03 4.500000000000000000e+00
1.693905087218809669e-02 4.000000000000000000e+03 4.500000000000000000e+00
2.086653401756754372e-02 4.100000000000000000e+03 4.500000000000000000e+00
2.446843597898384556e-02 4.200000000000000000e+03 4.500000000000000000e+00
2.938700310308701644e-02 4.300000000000000000e+03 4.500000000000000000e+00
3.363231415520253481e-02 4.400000000000000000e+03 4.500000000000000000e+00
3.829769980526481071e-02 4.500000000000000000e+03 4.500000000000000000e+00
4.334425753893332567e-02 4.600000000000000000e+03 4.500000000000000000e+00
4.831567837163155965e-02 4.700000000000000000e+03 4.500000000000000000e+00
5.379578265536037046e-02 4.800000000000000000e+03 4.500000000000000000e+00
5.892047459369927770e-02 4.900000000000000000e+03 4.500000000000000000e+00
