# # Chi square, temp, lg
2.850075547272540866e-01 3.500000000000000000e+03 3.500000000000000000e+00
4.155232130451049777e-01 3.600000000000000000e+03 3.500000000000000000e+00
5.697186975748548265e-01 3.700000000000000000e+03 3.500000000000000000e+00
7.759817518748600707e-01 3.800000000000000000e+03 3.500000000000000000e+00
9.857718481326719351e-01 3.900000000000000000e+03 3.500000000000000000e+00
1.233220397262110746e+00 4.000000000000000000e+03 3.500000000000000000e+00
1.504664104717350570e+00 4.100000000000000000e+03 3.500000000000000000e+00
1.762247574746492962e+00 4.200000000000000000e+03 3.500000000000000000e+00
2.093837959316407815e+00 4.300000000000000000e+03 3.500000000000000000e+00
2.443628169440907438e+00 4.400000000000000000e+03 3.500000000000000000e+00
2.806772579376783483e+00 4.500000000000000000e+03 3.500000000000000000e+00
3.238389802480984070e+00 4.600000000000000000e+03 3.500000000000000000e+00
3.675068794677427864e+00 4.700000000000000000e+03 3.500000000000000000e+00
4.166651568632198988e+00 4.800000000000000000e+03 3.500000000000000000e+00
4.635827630338078542e+00 4.900000000000000000e+03 3.500000000000000000e+00
5.182467118381778981e+00 5.000000000000000000e+03 3.500000000000000000e+00
5.765471115565887317e+00 5.100000000000000000e+03 3.500000000000000000e+00
6.422533900557816366e+00 5.200000000000000000e+03 3.500000000000000000e+00
7.084281130528845338e+00 5.300000000000000000e+03 3.500000000000000000e+00
7.763503980103434010e+00 5.400000000000000000e+03 3.500000000000000000e+00
3.271666737265271907e-01 3.500000000000000000e+03 4.000000000000000000e+00
4.459136636303303591e-01 3.600000000000000000e+03 4.000000000000000000e+00
6.045911319120302885e-01 3.700000000000000000e+03 4.000000000000000000e+00
7.913987917051840126e-01 3.800000000000000000e+03 4.000000000000000000e+00
9.968562424494665786e-01 3.900000000000000000e+03 4.000000000000000000e+00
1.245581729513879132e+00 4.000000000000000000e+03 4.000000000000000000e+00
1.529965287179041011e+00 4.100000000000000000e+03 4.000000000000000000e+00
1.807040815868637740e+00 4.200000000000000000e+03 4.000000000000000000e+00
2.116449747098169798e+00 4.300000000000000000e+03 4.000000000000000000e+00
2.446902210292725588e+00 4.400000000000000000e+03 4.000000000000000000e+00
2.839328838196301330e+00 4.500000000000000000e+03 4.000000000000000000e+00
3.246858435974735002e+00 4.600000000000000000e+03 4.000000000000000000e+00
3.706351559061390244e+00 4.700000000000000000e+03 4.000000000000000000e+00
4.184123689740275154e+00 4.800000000000000000e+03 4.000000000000000000e+00
4.713176954978886890e+00 4.900000000000000000e+03 4.000000000000000000e+00
5.278136448540582393e+00 5.000000000000000000e+03 4.000000000000000000e+00
5.868468962956727708e+00 5.100000000000000000e+03 4.000000000000000000e+00
6.475474306673568492e+00 5.200000000000000000e+03 4.000000000000000000e+00
7.190919168806648720e+00 5.300000000000000000e+03 4.000000000000000000e+00
7.894223224643534209e+00 5.400000000000000000e+03 4.000000000000000000e+00
3.502748182430738266e-01 3.500000000000000000e+03 4.500000000000000000e+00
4.687631545881325579e-01 3.600000000000000000e+03 4.500000000000000000e+00
6.203891855252150478e-01 3.700000000000000000e+03 4.500000000000000000e+00
7.950888136706270037e-01 3.800000000000000000e+03 4.500000000000000000e+00
9.922507244415204042e-01 3.900000000000000000e+03 4.500000000000000000e+00
1.210365548156912219e+00 4.000000000000000000e+03 4.500000000000000000e+00
1.473784058028196897e+00 4.100000000000000000e+03 4.500000000000000000e+00
1.733281723136085306e+00 4.200000000000000000e+03 4.500000000000000000e+00
2.098754166705150137e+00 4.300000000000000000e+03 4.500000000000000000e+00
2.451605013064340977e+00 4.400000000000000000e+03 4.500000000000000000e+00
2.835810151877484753e+00 4.500000000000000000e+03 4.500000000000000000e+00
3.262169803328356821e+00 4.600000000000000000e+03 4.500000000000000000e+00
3.702951684704991031e+00 4.700000000000000000e+03 4.500000000000000000e+00
4.213337026504047067e+00 4.800000000000000000e+03 4.500000000000000000e+00
4.710392188651345791e+00 4.900000000000000000e+03 4.500000000000000000e+00
5.263165002623662048e+00 5.000000000000000000e+03 4.500000000000000000e+00
5.845864923553026671e+00 5.100000000000000000e+03 4.500000000000000000e+00
6.481967813434485137e+00 5.200000000000000000e+03 4.500000000000000000e+00
7.164051071310105101e+00 5.300000000000000000e+03 4.500000000000000000e+00
7.792329419964947768e+00 5.400000000000000000e+03 4.500000000000000000e+00
