# # Chi square, temp, lg
1.418309029604817084e+00 2.500000000000000000e+03 3.500000000000000000e+00
1.374084190100809622e+00 2.600000000000000000e+03 3.500000000000000000e+00
1.316977551171977234e+00 2.700000000000000000e+03 3.500000000000000000e+00
1.255543946549513956e+00 2.800000000000000000e+03 3.500000000000000000e+00
1.178322347002388470e+00 2.900000000000000000e+03 3.500000000000000000e+00
1.093734933774827223e+00 3.000000000000000000e+03 3.500000000000000000e+00
1.004406144996489392e+00 3.100000000000000000e+03 3.500000000000000000e+00
9.101574826879873514e-01 3.200000000000000000e+03 3.500000000000000000e+00
7.994832338187097820e-01 3.300000000000000000e+03 3.500000000000000000e+00
6.756341329051870348e-01 3.400000000000000000e+03 3.500000000000000000e+00
5.481155070743000124e-01 3.500000000000000000e+03 3.500000000000000000e+00
3.985220346202799635e-01 3.600000000000000000e+03 3.500000000000000000e+00
2.458280150496085226e-01 3.700000000000000000e+03 3.500000000000000000e+00
1.192660095193492781e-01 3.800000000000000000e+03 3.500000000000000000e+00
2.500371052075707756e-01 3.900000000000000000e+03 3.500000000000000000e+00
4.831988129577987068e-01 4.000000000000000000e+03 3.500000000000000000e+00
7.484653401706445885e-01 4.100000000000000000e+03 3.500000000000000000e+00
1.011729096082932378e+00 4.200000000000000000e+03 3.500000000000000000e+00
1.344413783229249537e+00 4.300000000000000000e+03 3.500000000000000000e+00
1.698277511647776183e+00 4.400000000000000000e+03 3.500000000000000000e+00
1.410616003358029280e+00 2.500000000000000000e+03 4.000000000000000000e+00
1.361368001648403769e+00 2.600000000000000000e+03 4.000000000000000000e+00
1.307011710596249543e+00 2.700000000000000000e+03 4.000000000000000000e+00
1.241207643387751469e+00 2.800000000000000000e+03 4.000000000000000000e+00
1.164504451683589847e+00 2.900000000000000000e+03 4.000000000000000000e+00
1.084310598933929670e+00 3.000000000000000000e+03 4.000000000000000000e+00
9.952054689354042916e-01 3.100000000000000000e+03 4.000000000000000000e+00
8.931313698349808705e-01 3.200000000000000000e+03 4.000000000000000000e+00
7.810096491139874031e-01 3.300000000000000000e+03 4.000000000000000000e+00
6.647314771584826865e-01 3.400000000000000000e+03 4.000000000000000000e+00
5.225964028476230983e-01 3.500000000000000000e+03 4.000000000000000000e+00
3.765360534527051328e-01 3.600000000000000000e+03 4.000000000000000000e+00
2.257128100279287564e-01 3.700000000000000000e+03 4.000000000000000000e+00
1.316986956130916375e-01 3.800000000000000000e+03 4.000000000000000000e+00
2.562502352442918574e-01 3.900000000000000000e+03 4.000000000000000000e+00
5.008308679924772244e-01 4.000000000000000000e+03 4.000000000000000000e+00
7.792126730469001172e-01 4.100000000000000000e+03 4.000000000000000000e+00
1.055820810742640781e+00 4.200000000000000000e+03 4.000000000000000000e+00
1.366448768611074671e+00 4.300000000000000000e+03 4.000000000000000000e+00
1.699751217372410750e+00 4.400000000000000000e+03 4.000000000000000000e+00
1.405707988878340364e+00 2.500000000000000000e+03 4.500000000000000000e+00
1.358909079383887608e+00 2.600000000000000000e+03 4.500000000000000000e+00
1.303271749142502989e+00 2.700000000000000000e+03 4.500000000000000000e+00
1.240291139916930296e+00 2.800000000000000000e+03 4.500000000000000000e+00
1.166858877169229425e+00 2.900000000000000000e+03 4.500000000000000000e+00
1.084160049072549592e+00 3.000000000000000000e+03 4.500000000000000000e+00
9.870000349545475782e-01 3.100000000000000000e+03 4.500000000000000000e+00
8.834022522590637694e-01 3.200000000000000000e+03 4.500000000000000000e+00
7.732160115370833031e-01 3.300000000000000000e+03 4.500000000000000000e+00
6.520691441151307277e-01 3.400000000000000000e+03 4.500000000000000000e+00
5.191657090720156464e-01 3.500000000000000000e+03 4.500000000000000000e+00
3.784282563428281176e-01 3.600000000000000000e+03 4.500000000000000000e+00
2.371855927710271872e-01 3.700000000000000000e+03 4.500000000000000000e+00
1.648827036969073845e-01 3.800000000000000000e+03 4.500000000000000000e+00
2.711453061123337838e-01 3.900000000000000000e+03 4.500000000000000000e+00
4.714333220756608545e-01 4.000000000000000000e+03 4.500000000000000000e+00
7.306602742938628214e-01 4.100000000000000000e+03 4.500000000000000000e+00
9.908987661191014373e-01 4.200000000000000000e+03 4.500000000000000000e+00
1.351762643006822806e+00 4.300000000000000000e+03 4.500000000000000000e+00
1.700405763986519547e+00 4.400000000000000000e+03 4.500000000000000000e+00
