# # Chi square, temp, lg
4.996297424198044901e+00 2.000000000000000000e+03 3.500000000000000000e+00
4.979675420571060052e+00 2.100000000000000000e+03 3.500000000000000000e+00
4.952996003934614144e+00 2.200000000000000000e+03 3.500000000000000000e+00
4.919728189667194052e+00 2.300000000000000000e+03 3.500000000000000000e+00
4.889290868634784459e+00 2.400000000000000000e+03 3.500000000000000000e+00
4.850937470145714414e+00 2.500000000000000000e+03 3.500000000000000000e+00
4.809782067029245489e+00 2.600000000000000000e+03 3.500000000000000000e+00
4.756406658226810080e+00 2.700000000000000000e+03 3.500000000000000000e+00
4.698597078748975697e+00 2.800000000000000000e+03 3.500000000000000000e+00
4.623847315891860710e+00 2.900000000000000000e+03 3.500000000000000000e+00
4.543043271188085264e+00 3.000000000000000000e+03 3.500000000000000000e+00
4.457856141504346503e+00 3.100000000000000000e+03 3.500000000000000000e+00
4.364595266977899790e+00 3.200000000000000000e+03 3.500000000000000000e+00
4.257241482828347579e+00 3.300000000000000000e+03 3.500000000000000000e+00
4.134693213516003496e+00 3.400000000000000000e+03 3.500000000000000000e+00
4.002346309148406611e+00 3.500000000000000000e+03 3.500000000000000000e+00
3.844186868406712865e+00 3.600000000000000000e+03 3.500000000000000000e+00
3.681134640986555961e+00 3.700000000000000000e+03 3.500000000000000000e+00
3.472701524451428767e+00 3.800000000000000000e+03 3.500000000000000000e+00
3.265845590626012207e+00 3.900000000000000000e+03 3.500000000000000000e+00
4.988863206796961158e+00 2.000000000000000000e+03 4.000000000000000000e+00
4.978301486363758244e+00 2.100000000000000000e+03 4.000000000000000000e+00
4.951640285676841557e+00 2.200000000000000000e+03 4.000000000000000000e+00
4.918531203683438768e+00 2.300000000000000000e+03 4.000000000000000000e+00
4.882421706495065017e+00 2.400000000000000000e+03 4.000000000000000000e+00
4.842912473713846921e+00 2.500000000000000000e+03 4.000000000000000000e+00
4.797701885505968988e+00 2.600000000000000000e+03 4.000000000000000000e+00
4.746228323004809013e+00 2.700000000000000000e+03 4.000000000000000000e+00
4.683539089634555452e+00 2.800000000000000000e+03 4.000000000000000000e+00
4.610078372096266364e+00 2.900000000000000000e+03 4.000000000000000000e+00
4.533611356359943834e+00 3.000000000000000000e+03 4.000000000000000000e+00
4.446127312950501675e+00 3.100000000000000000e+03 4.000000000000000000e+00
4.346359247303453799e+00 3.200000000000000000e+03 4.000000000000000000e+00
4.236385509152531093e+00 3.300000000000000000e+03 4.000000000000000000e+00
4.117834133753619952e+00 3.400000000000000000e+03 4.000000000000000000e+00
3.975537777924909033e+00 3.500000000000000000e+03 4.000000000000000000e+00
3.825640743043162484e+00 3.600000000000000000e+03 4.000000000000000000e+00
3.655574881263054632e+00 3.700000000000000000e+03 4.000000000000000000e+00
3.463701858658838173e+00 3.800000000000000000e+03 4.000000000000000000e+00
3.253612755203817208e+00 3.900000000000000000e+03 4.000000000000000000e+00
5.002276547253963201e+00 2.000000000000000000e+03 4.500000000000000000e+00
4.974484923614032716e+00 2.100000000000000000e+03 4.500000000000000000e+00
4.948857245659405990e+00 2.200000000000000000e+03 4.500000000000000000e+00
4.911739754951402581e+00 2.300000000000000000e+03 4.500000000000000000e+00
4.876403959596527393e+00 2.400000000000000000e+03 4.500000000000000000e+00
4.838290203889315855e+00 2.500000000000000000e+03 4.500000000000000000e+00
4.795125630259673422e+00 2.600000000000000000e+03 4.500000000000000000e+00
4.742557167041224098e+00 2.700000000000000000e+03 4.500000000000000000e+00
4.682277077081595351e+00 2.800000000000000000e+03 4.500000000000000000e+00
4.612241719201998436e+00 2.900000000000000000e+03 4.500000000000000000e+00
4.533332502110817508e+00 3.000000000000000000e+03 4.500000000000000000e+00
4.436819937496593091e+00 3.100000000000000000e+03 4.500000000000000000e+00
4.334545490607689011e+00 3.200000000000000000e+03 4.500000000000000000e+00
4.224103886053754309e+00 3.300000000000000000e+03 4.500000000000000000e+00
4.102809955473102121e+00 3.400000000000000000e+03 4.500000000000000000e+00
3.967425482225616751e+00 3.500000000000000000e+03 4.500000000000000000e+00
3.818433052003072259e+00 3.600000000000000000e+03 4.500000000000000000e+00
3.652825825745467103e+00 3.700000000000000000e+03 4.500000000000000000e+00
3.474907840298417927e+00 3.800000000000000000e+03 4.500000000000000000e+00
3.272690338406930799e+00 3.900000000000000000e+03 4.500000000000000000e+00
