# # Chi square, temp, lg
9.726923051249893870e-01 2.500000000000000000e+03 3.500000000000000000e+00
9.237579550729309030e-01 2.600000000000000000e+03 3.500000000000000000e+00
8.623132547533275405e-01 2.700000000000000000e+03 3.500000000000000000e+00
7.969972490369967577e-01 2.800000000000000000e+03 3.500000000000000000e+00
7.148315513612106820e-01 2.900000000000000000e+03 3.500000000000000000e+00
6.266594047379071553e-01 3.000000000000000000e+03 3.500000000000000000e+00
5.385409709071875550e-01 3.100000000000000000e+03 3.500000000000000000e+00
4.447417763472774066e-01 3.200000000000000000e+03 3.500000000000000000e+00
3.460647423948456369e-01 3.300000000000000000e+03 3.500000000000000000e+00
2.594399556440565302e-01 3.400000000000000000e+03 3.500000000000000000e+00
2.304164464296918624e-01 3.500000000000000000e+03 3.500000000000000000e+00
3.008783288557595470e-01 3.600000000000000000e+03 3.500000000000000000e+00
4.328013833738447724e-01 3.700000000000000000e+03 3.500000000000000000e+00
6.293841048147261752e-01 3.800000000000000000e+03 3.500000000000000000e+00
8.349003445601774764e-01 3.900000000000000000e+03 3.500000000000000000e+00
1.076206475665810736e+00 4.000000000000000000e+03 3.500000000000000000e+00
1.340577550184678390e+00 4.100000000000000000e+03 3.500000000000000000e+00
1.599805041433885799e+00 4.200000000000000000e+03 3.500000000000000000e+00
1.923691438913837093e+00 4.300000000000000000e+03 3.500000000000000000e+00
2.270605800176554112e+00 4.400000000000000000e+03 3.500000000000000000e+00
9.626092638722487660e-01 2.500000000000000000e+03 4.000000000000000000e+00
9.081784718177084992e-01 2.600000000000000000e+03 4.000000000000000000e+00
8.508025691435459059e-01 2.700000000000000000e+03 4.000000000000000000e+00
7.805094566044987747e-01 2.800000000000000000e+03 4.000000000000000000e+00
7.023373229837237552e-01 2.900000000000000000e+03 4.000000000000000000e+00
6.228619036835831846e-01 3.000000000000000000e+03 4.000000000000000000e+00
5.381510859096512167e-01 3.100000000000000000e+03 4.000000000000000000e+00
4.448890414026847040e-01 3.200000000000000000e+03 4.000000000000000000e+00
3.575269642003774395e-01 3.300000000000000000e+03 4.000000000000000000e+00
2.943294670537431323e-01 3.400000000000000000e+03 4.000000000000000000e+00
2.791223751859910895e-01 3.500000000000000000e+03 4.000000000000000000e+00
3.458756009041398238e-01 3.600000000000000000e+03 4.000000000000000000e+00
4.748363683510810618e-01 3.700000000000000000e+03 4.000000000000000000e+00
6.473449139366531657e-01 3.800000000000000000e+03 4.000000000000000000e+00
8.462295971748833301e-01 3.900000000000000000e+03 4.000000000000000000e+00
1.090691705054728233e+00 4.000000000000000000e+03 4.000000000000000000e+00
1.366744365043089049e+00 4.100000000000000000e+03 4.000000000000000000e+00
1.638098834832628636e+00 4.200000000000000000e+03 4.000000000000000000e+00
1.945888350508938158e+00 4.300000000000000000e+03 4.000000000000000000e+00
2.264578172389219990e+00 4.400000000000000000e+03 4.000000000000000000e+00
9.555916768367906933e-01 2.500000000000000000e+03 4.500000000000000000e+00
9.042481297153557307e-01 2.600000000000000000e+03 4.500000000000000000e+00
8.439183356937705049e-01 2.700000000000000000e+03 4.500000000000000000e+00
7.779800178789569864e-01 2.800000000000000000e+03 4.500000000000000000e+00
7.051298823431024765e-01 2.900000000000000000e+03 4.500000000000000000e+00
6.246422501259449866e-01 3.000000000000000000e+03 4.500000000000000000e+00
5.356523925511634809e-01 3.100000000000000000e+03 4.500000000000000000e+00
4.467148928131571273e-01 3.200000000000000000e+03 4.500000000000000000e+00
3.688795668950776707e-01 3.300000000000000000e+03 4.500000000000000000e+00
3.145643305016331270e-01 3.400000000000000000e+03 4.500000000000000000e+00
3.095219197757103080e-01 3.500000000000000000e+03 4.500000000000000000e+00
3.795264102253578797e-01 3.600000000000000000e+03 4.500000000000000000e+00
5.047193019610951570e-01 3.700000000000000000e+03 4.500000000000000000e+00
6.603543266997602412e-01 3.800000000000000000e+03 4.500000000000000000e+00
8.528731756288759902e-01 3.900000000000000000e+03 4.500000000000000000e+00
1.062461081289291620e+00 4.000000000000000000e+03 4.500000000000000000e+00
1.316684440901332964e+00 4.100000000000000000e+03 4.500000000000000000e+00
1.570864532790283707e+00 4.200000000000000000e+03 4.500000000000000000e+00
1.929433395510654181e+00 4.300000000000000000e+03 4.500000000000000000e+00
2.272387741798240324e+00 4.400000000000000000e+03 4.500000000000000000e+00
