# # Chi square, temp, lg
4.386489279056223767e-01 2.000000000000000000e+03 3.500000000000000000e+00
4.171443454420609154e-01 2.100000000000000000e+03 3.500000000000000000e+00
3.821620996448871210e-01 2.200000000000000000e+03 3.500000000000000000e+00
3.397676070007572546e-01 2.300000000000000000e+03 3.500000000000000000e+00
3.018139851041020116e-01 2.400000000000000000e+03 3.500000000000000000e+00
2.561982166823338347e-01 2.500000000000000000e+03 3.500000000000000000e+00
2.084028394666476436e-01 2.600000000000000000e+03 3.500000000000000000e+00
1.471433972335959572e-01 2.700000000000000000e+03 3.500000000000000000e+00
8.398315940576624172e-02 2.800000000000000000e+03 3.500000000000000000e+00
3.102945259188640004e-02 2.900000000000000000e+03 3.500000000000000000e+00
9.988346942308498622e-02 3.000000000000000000e+03 3.500000000000000000e+00
1.895970634250276343e-01 3.100000000000000000e+03 3.500000000000000000e+00
2.909106178768527950e-01 3.200000000000000000e+03 3.500000000000000000e+00
4.059692351423050405e-01 3.300000000000000000e+03 3.500000000000000000e+00
5.342622237005868469e-01 3.400000000000000000e+03 3.500000000000000000e+00
6.695262691086684148e-01 3.500000000000000000e+03 3.500000000000000000e+00
8.228371826646349030e-01 3.600000000000000000e+03 3.500000000000000000e+00
9.824888293663693872e-01 3.700000000000000000e+03 3.500000000000000000e+00
1.180074917293200576e+00 3.800000000000000000e+03 3.500000000000000000e+00
1.381830447012444729e+00 3.900000000000000000e+03 3.500000000000000000e+00
4.294600466350729229e-01 2.000000000000000000e+03 4.000000000000000000e+00
4.156175740276479291e-01 2.100000000000000000e+03 4.000000000000000000e+00
3.808002189782509483e-01 2.200000000000000000e+03 4.000000000000000000e+00
3.382028896245321548e-01 2.300000000000000000e+03 4.000000000000000000e+00
2.939262531501308229e-01 2.400000000000000000e+03 4.000000000000000000e+00
2.465538922239756681e-01 2.500000000000000000e+03 4.000000000000000000e+00
1.937052956398991888e-01 2.600000000000000000e+03 4.000000000000000000e+00
1.361094293960180002e-01 2.700000000000000000e+03 4.000000000000000000e+00
6.852652786711684041e-02 2.800000000000000000e+03 4.000000000000000000e+00
3.788550503695867905e-02 2.900000000000000000e+03 4.000000000000000000e+00
1.081950141114686598e-01 3.000000000000000000e+03 4.000000000000000000e+00
1.976916652504699667e-01 3.100000000000000000e+03 4.000000000000000000e+00
3.036721736189096910e-01 3.200000000000000000e+03 4.000000000000000000e+00
4.164560877888736634e-01 3.300000000000000000e+03 4.000000000000000000e+00
5.359965762411365020e-01 3.400000000000000000e+03 4.000000000000000000e+00
6.818870047840475124e-01 3.500000000000000000e+03 4.000000000000000000e+00
8.279716313816625206e-01 3.600000000000000000e+03 4.000000000000000000e+00
9.977241357756423401e-01 3.700000000000000000e+03 4.000000000000000000e+00
1.183982491380200175e+00 3.800000000000000000e+03 4.000000000000000000e+00
1.388084894666215430e+00 3.900000000000000000e+03 4.000000000000000000e+00
4.475378547147127462e-01 2.000000000000000000e+03 4.500000000000000000e+00
4.111381884895812799e-01 2.100000000000000000e+03 4.500000000000000000e+00
3.778343787509885754e-01 2.200000000000000000e+03 4.500000000000000000e+00
3.295489228473483800e-01 2.300000000000000000e+03 4.500000000000000000e+00
2.866929172189754960e-01 2.400000000000000000e+03 4.500000000000000000e+00
2.408360218305247713e-01 2.500000000000000000e+03 4.500000000000000000e+00
1.905301385170197759e-01 2.600000000000000000e+03 4.500000000000000000e+00
1.314283243108940180e-01 2.700000000000000000e+03 4.500000000000000000e+00
6.941574816145518190e-02 2.800000000000000000e+03 4.500000000000000000e+00
3.847339574063571299e-02 2.900000000000000000e+03 4.500000000000000000e+00
1.086436695878943010e-01 3.000000000000000000e+03 4.500000000000000000e+00
2.064667654540540687e-01 3.100000000000000000e+03 4.500000000000000000e+00
3.119064406455315241e-01 3.200000000000000000e+03 4.500000000000000000e+00
4.237575502192172938e-01 3.300000000000000000e+03 4.500000000000000000e+00
5.484750797390989252e-01 3.400000000000000000e+03 4.500000000000000000e+00
6.819876365754106162e-01 3.500000000000000000e+03 4.500000000000000000e+00
8.287531695603160831e-01 3.600000000000000000e+03 4.500000000000000000e+00
9.922966695278829796e-01 3.700000000000000000e+03 4.500000000000000000e+00
1.169911900352485157e+00 3.800000000000000000e+03 4.500000000000000000e+00
1.369290836878396256e+00 3.900000000000000000e+03 4.500000000000000000e+00
