# # Chi square, temp, lg
1.974196644386920843e-02 4.000000000000000000e+03 3.500000000000000000e+00
1.664184691286436577e-02 4.100000000000000000e+03 3.500000000000000000e+00
1.363757029525986333e-02 4.200000000000000000e+03 3.500000000000000000e+00
9.820802107789546390e-03 4.300000000000000000e+03 3.500000000000000000e+00
5.751883078802992079e-03 4.400000000000000000e+03 3.500000000000000000e+00
1.494260807218872767e-03 4.500000000000000000e+03 3.500000000000000000e+00
3.597760704094186794e-03 4.600000000000000000e+03 3.500000000000000000e+00
8.651656077640935971e-03 4.700000000000000000e+03 3.500000000000000000e+00
1.433606477576791771e-02 4.800000000000000000e+03 3.500000000000000000e+00
2.024027259024642131e-02 4.900000000000000000e+03 3.500000000000000000e+00
1.964191606240354993e-02 4.000000000000000000e+03 4.000000000000000000e+00
1.644463616694395725e-02 4.100000000000000000e+03 4.000000000000000000e+00
1.330997427340305760e-02 4.200000000000000000e+03 4.000000000000000000e+00
9.794433079027281205e-03 4.300000000000000000e+03 4.000000000000000000e+00
5.999382138369336974e-03 4.400000000000000000e+03 4.000000000000000000e+00
1.718003018485664670e-03 4.500000000000000000e+03 4.000000000000000000e+00
3.578890196983276848e-03 4.600000000000000000e+03 4.000000000000000000e+00
8.698726588706644572e-03 4.700000000000000000e+03 4.000000000000000000e+00
1.442541250941448659e-02 4.800000000000000000e+03 4.000000000000000000e+00
2.048776066717934718e-02 4.900000000000000000e+03 4.000000000000000000e+00
2.004830653204292892e-02 4.000000000000000000e+03 4.500000000000000000e+00
1.715748697622888896e-02 4.100000000000000000e+03 4.500000000000000000e+00
1.429726824835790729e-02 4.200000000000000000e+03 4.500000000000000000e+00
1.028929165015071874e-02 4.300000000000000000e+03 4.500000000000000000e+00
6.423020568453789887e-03 4.400000000000000000e+03 4.500000000000000000e+00
2.747826660994986264e-03 4.500000000000000000e+03 4.500000000000000000e+00
3.988958730858643484e-03 4.600000000000000000e+03 4.500000000000000000e+00
8.764225011604826962e-03 4.700000000000000000e+03 4.500000000000000000e+00
1.452547660049074291e-02 4.800000000000000000e+03 4.500000000000000000e+00
2.036073255962723288e-02 4.900000000000000000e+03 4.500000000000000000e+00
