# # Chi square, temp, lg
3.163171488857307700e+00 3.000000000000000000e+03 3.500000000000000000e+00
3.086725278165692643e+00 3.100000000000000000e+03 3.500000000000000000e+00
3.005898836154788700e+00 3.200000000000000000e+03 3.500000000000000000e+00
2.908899022612604135e+00 3.300000000000000000e+03 3.500000000000000000e+00
2.799410306958453720e+00 3.400000000000000000e+03 3.500000000000000000e+00
2.680719251792175406e+00 3.500000000000000000e+03 3.500000000000000000e+00
2.535426867002829265e+00 3.600000000000000000e+03 3.500000000000000000e+00
2.374862117058570199e+00 3.700000000000000000e+03 3.500000000000000000e+00
2.165869481850097866e+00 3.800000000000000000e+03 3.500000000000000000e+00
1.956646851462018999e+00 3.900000000000000000e+03 3.500000000000000000e+00
1.707079318677411361e+00 4.000000000000000000e+03 3.500000000000000000e+00
1.443906436316181541e+00 4.100000000000000000e+03 3.500000000000000000e+00
1.187752241015771038e+00 4.200000000000000000e+03 3.500000000000000000e+00
8.713211454690499291e-01 4.300000000000000000e+03 3.500000000000000000e+00
5.606799573891154687e-01 4.400000000000000000e+03 3.500000000000000000e+00
3.741700593765931449e-01 4.500000000000000000e+03 3.500000000000000000e+00
5.253417938550251076e-01 4.600000000000000000e+03 3.500000000000000000e+00
8.930120878278982044e-01 4.700000000000000000e+03 3.500000000000000000e+00
1.370133446515772402e+00 4.800000000000000000e+03 3.500000000000000000e+00
1.883748204402030169e+00 4.900000000000000000e+03 3.500000000000000000e+00
3.152135372744111930e+00 3.000000000000000000e+03 4.000000000000000000e+00
3.073236621651481482e+00 3.100000000000000000e+03 4.000000000000000000e+00
2.982841004782287975e+00 3.200000000000000000e+03 4.000000000000000000e+00
2.883482428787175866e+00 3.300000000000000000e+03 4.000000000000000000e+00
2.775360983290555250e+00 3.400000000000000000e+03 4.000000000000000000e+00
2.640342569136824746e+00 3.500000000000000000e+03 4.000000000000000000e+00
2.498992726989962332e+00 3.600000000000000000e+03 4.000000000000000000e+00
2.338615917465964866e+00 3.700000000000000000e+03 4.000000000000000000e+00
2.151949605495395268e+00 3.800000000000000000e+03 4.000000000000000000e+00
1.945039087412176793e+00 3.900000000000000000e+03 4.000000000000000000e+00
1.695328263580335060e+00 4.000000000000000000e+03 4.000000000000000000e+00
1.419817774240767605e+00 4.100000000000000000e+03 4.000000000000000000e+00
1.148400995534431202e+00 4.200000000000000000e+03 4.000000000000000000e+00
8.607611414022390273e-01 4.300000000000000000e+03 4.000000000000000000e+00
5.748127838659502498e-01 4.400000000000000000e+03 4.000000000000000000e+00
3.690349474566056998e-01 4.500000000000000000e+03 4.000000000000000000e+00
5.466117071924702087e-01 4.600000000000000000e+03 4.000000000000000000e+00
9.304534554804125834e-01 4.700000000000000000e+03 4.000000000000000000e+00
1.404652013515342412e+00 4.800000000000000000e+03 4.000000000000000000e+00
1.936123839786588086e+00 4.900000000000000000e+03 4.000000000000000000e+00
3.153139104090339373e+00 3.000000000000000000e+03 4.500000000000000000e+00
3.064286066726925828e+00 3.100000000000000000e+03 4.500000000000000000e+00
2.971008697033766133e+00 3.200000000000000000e+03 4.500000000000000000e+00
2.869843132459128032e+00 3.300000000000000000e+03 4.500000000000000000e+00
2.754540133746375297e+00 3.400000000000000000e+03 4.500000000000000000e+00
2.625631491509435644e+00 3.500000000000000000e+03 4.500000000000000000e+00
2.482663811855120972e+00 3.600000000000000000e+03 4.500000000000000000e+00
2.320486318975477857e+00 3.700000000000000000e+03 4.500000000000000000e+00
2.142467244076487365e+00 3.800000000000000000e+03 4.500000000000000000e+00
1.941039128339876241e+00 3.900000000000000000e+03 4.500000000000000000e+00
1.724258371726606898e+00 4.000000000000000000e+03 4.500000000000000000e+00
1.468729559958543263e+00 4.100000000000000000e+03 4.500000000000000000e+00
1.218995454387905353e+00 4.200000000000000000e+03 4.500000000000000000e+00
8.726739235825778929e-01 4.300000000000000000e+03 4.500000000000000000e+00
5.787689452424062964e-01 4.400000000000000000e+03 4.500000000000000000e+00
3.830700221346218237e-01 4.500000000000000000e+03 4.500000000000000000e+00
5.444604497547236299e-01 4.600000000000000000e+03 4.500000000000000000e+00
9.301124182133589935e-01 4.700000000000000000e+03 4.500000000000000000e+00
1.446072869042537734e+00 4.800000000000000000e+03 4.500000000000000000e+00
1.935550998649087084e+00 4.900000000000000000e+03 4.500000000000000000e+00
