# # Chi square, temp, lg
2.895174136603864579e+00 3.000000000000000000e+03 3.500000000000000000e+00
2.817745432590792021e+00 3.100000000000000000e+03 3.500000000000000000e+00
2.735745816386991880e+00 3.200000000000000000e+03 3.500000000000000000e+00
2.637643051463750776e+00 3.300000000000000000e+03 3.500000000000000000e+00
2.527107332094201908e+00 3.400000000000000000e+03 3.500000000000000000e+00
2.406886750244971562e+00 3.500000000000000000e+03 3.500000000000000000e+00
2.261608974852082010e+00 3.600000000000000000e+03 3.500000000000000000e+00
2.101173407042930652e+00 3.700000000000000000e+03 3.500000000000000000e+00
1.894448831825368051e+00 3.800000000000000000e+03 3.500000000000000000e+00
1.684701830051142046e+00 3.900000000000000000e+03 3.500000000000000000e+00
1.436755361779324502e+00 4.000000000000000000e+03 3.500000000000000000e+00
1.174574973213924123e+00 4.100000000000000000e+03 3.500000000000000000e+00
9.197777638367482522e-01 4.200000000000000000e+03 3.500000000000000000e+00
6.167925538199336977e-01 4.300000000000000000e+03 3.500000000000000000e+00
3.676545700864662369e-01 4.400000000000000000e+03 3.500000000000000000e+00
3.997254109816031908e-01 4.500000000000000000e+03 3.500000000000000000e+00
7.289176062841745685e-01 4.600000000000000000e+03 3.500000000000000000e+00
1.129947587842825785e+00 4.700000000000000000e+03 3.500000000000000000e+00
1.618298420369757240e+00 4.800000000000000000e+03 3.500000000000000000e+00
2.131753838208465979e+00 4.900000000000000000e+03 3.500000000000000000e+00
2.884384125245103903e+00 3.000000000000000000e+03 4.000000000000000000e+00
2.804834242791466981e+00 3.100000000000000000e+03 4.000000000000000000e+00
2.713487116908777530e+00 3.200000000000000000e+03 4.000000000000000000e+00
2.613303901541440322e+00 3.300000000000000000e+03 4.000000000000000000e+00
2.504337606392611271e+00 3.400000000000000000e+03 4.000000000000000000e+00
2.367364954600623239e+00 3.500000000000000000e+03 4.000000000000000000e+00
2.225352651504143076e+00 3.600000000000000000e+03 4.000000000000000000e+00
2.064742454860780452e+00 3.700000000000000000e+03 4.000000000000000000e+00
1.879725260620163985e+00 3.800000000000000000e+03 4.000000000000000000e+00
1.671486794203655979e+00 3.900000000000000000e+03 4.000000000000000000e+00
1.425755429491536663e+00 4.000000000000000000e+03 4.000000000000000000e+00
1.149992693459001902e+00 4.100000000000000000e+03 4.000000000000000000e+00
8.901421035118038949e-01 4.200000000000000000e+03 4.000000000000000000e+00
6.096430019307607084e-01 4.300000000000000000e+03 4.000000000000000000e+00
3.801962943714101151e-01 4.400000000000000000e+03 4.000000000000000000e+00
4.147802195986232121e-01 4.500000000000000000e+03 4.000000000000000000e+00
7.523937462558636380e-01 4.600000000000000000e+03 4.000000000000000000e+00
1.170191622173576862e+00 4.700000000000000000e+03 4.000000000000000000e+00
1.660942844722046008e+00 4.800000000000000000e+03 4.000000000000000000e+00
2.194383137389557259e+00 4.900000000000000000e+03 4.000000000000000000e+00
2.885178646711691108e+00 3.000000000000000000e+03 4.500000000000000000e+00
2.795600971769256482e+00 3.100000000000000000e+03 4.500000000000000000e+00
2.701187409119278016e+00 3.200000000000000000e+03 4.500000000000000000e+00
2.599672767800495610e+00 3.300000000000000000e+03 4.500000000000000000e+00
2.483660048583058000e+00 3.400000000000000000e+03 4.500000000000000000e+00
2.354184249512776717e+00 3.500000000000000000e+03 4.500000000000000000e+00
2.209955721883483548e+00 3.600000000000000000e+03 4.500000000000000000e+00
2.047754054864633577e+00 3.700000000000000000e+03 4.500000000000000000e+00
1.870303067899580229e+00 3.800000000000000000e+03 4.500000000000000000e+00
1.667667383781664459e+00 3.900000000000000000e+03 4.500000000000000000e+00
1.453446733558271475e+00 4.000000000000000000e+03 4.500000000000000000e+00
1.199410365016312152e+00 4.100000000000000000e+03 4.500000000000000000e+00
9.535678433384203734e-01 4.200000000000000000e+03 4.500000000000000000e+00
6.196812295520274239e-01 4.300000000000000000e+03 4.500000000000000000e+00
3.925355861251585421e-01 4.400000000000000000e+03 4.500000000000000000e+00
4.237438393840415318e-01 4.500000000000000000e+03 4.500000000000000000e+00
7.591241435004195681e-01 4.600000000000000000e+03 4.500000000000000000e+00
1.173231900854248666e+00 4.700000000000000000e+03 4.500000000000000000e+00
1.697997253107310422e+00 4.800000000000000000e+03 4.500000000000000000e+00
2.188421513914805772e+00 4.900000000000000000e+03 4.500000000000000000e+00
