# # Chi square, temp, lg
5.685955483296675217e-01 2.500000000000000000e+03 3.500000000000000000e+00
5.205128263559216650e-01 2.600000000000000000e+03 3.500000000000000000e+00
4.597675330905047764e-01 2.700000000000000000e+03 3.500000000000000000e+00
3.946525691347980702e-01 2.800000000000000000e+03 3.500000000000000000e+00
3.127010979897245080e-01 2.900000000000000000e+03 3.500000000000000000e+00
2.242043472993643649e-01 3.000000000000000000e+03 3.500000000000000000e+00
1.352647423485650313e-01 3.100000000000000000e+03 3.500000000000000000e+00
5.351846600393826703e-02 3.200000000000000000e+03 3.500000000000000000e+00
1.039548571409568689e-01 3.300000000000000000e+03 3.500000000000000000e+00
2.255744560461076798e-01 3.400000000000000000e+03 3.500000000000000000e+00
3.590084629113788894e-01 3.500000000000000000e+03 3.500000000000000000e+00
5.139788976744547044e-01 3.600000000000000000e+03 3.500000000000000000e+00
6.762136135304073203e-01 3.700000000000000000e+03 3.500000000000000000e+00
8.759800013216981762e-01 3.800000000000000000e+03 3.500000000000000000e+00
1.079792073103185812e+00 3.900000000000000000e+03 3.500000000000000000e+00
1.316432255656841521e+00 4.000000000000000000e+03 3.500000000000000000e+00
1.573266749594931957e+00 4.100000000000000000e+03 3.500000000000000000e+00
1.826211912348499888e+00 4.200000000000000000e+03 3.500000000000000000e+00
2.140647942207645205e+00 4.300000000000000000e+03 3.500000000000000000e+00
2.477699155727086655e+00 4.400000000000000000e+03 3.500000000000000000e+00
5.590904278578981978e-01 2.500000000000000000e+03 4.000000000000000000e+00
5.057852413948137338e-01 2.600000000000000000e+03 4.000000000000000000e+00
4.487419029500055445e-01 2.700000000000000000e+03 4.000000000000000000e+00
3.783132179468277068e-01 2.800000000000000000e+03 4.000000000000000000e+00
2.993402628992402614e-01 2.900000000000000000e+03 4.000000000000000000e+00
2.186961004958020982e-01 3.000000000000000000e+03 4.000000000000000000e+00
1.341953857530992777e-01 3.100000000000000000e+03 4.000000000000000000e+00
6.533932982254382626e-02 3.200000000000000000e+03 4.000000000000000000e+00
1.249407589727701690e-01 3.300000000000000000e+03 4.000000000000000000e+00
2.355165135254407571e-01 3.400000000000000000e+03 4.000000000000000000e+00
3.787450721862737901e-01 3.500000000000000000e+03 4.000000000000000000e+00
5.265647078668270753e-01 3.600000000000000000e+03 4.000000000000000000e+00
6.947240104898475543e-01 3.700000000000000000e+03 4.000000000000000000e+00
8.825181219120636911e-01 3.800000000000000000e+03 4.000000000000000000e+00
1.087815780852984915e+00 3.900000000000000000e+03 4.000000000000000000e+00
1.331027443260111243e+00 4.000000000000000000e+03 4.000000000000000000e+00
1.601683057735341142e+00 4.100000000000000000e+03 4.000000000000000000e+00
1.867672252193494753e+00 4.200000000000000000e+03 4.000000000000000000e+00
2.166430693729451296e+00 4.300000000000000000e+03 4.000000000000000000e+00
2.477052614237564843e+00 4.400000000000000000e+03 4.000000000000000000e+00
5.528545662280494044e-01 2.500000000000000000e+03 4.500000000000000000e+00
5.024900819319612078e-01 2.600000000000000000e+03 4.500000000000000000e+00
4.425508132967104769e-01 2.700000000000000000e+03 4.500000000000000000e+00
3.764255543716010788e-01 2.800000000000000000e+03 4.500000000000000000e+00
3.021339530861312239e-01 2.900000000000000000e+03 4.500000000000000000e+00
2.201750852384674606e-01 3.000000000000000000e+03 4.500000000000000000e+00
1.316082622594398899e-01 3.100000000000000000e+03 4.500000000000000000e+00
8.069866405613221327e-02 3.200000000000000000e+03 4.500000000000000000e+00
1.416158926176072363e-01 3.300000000000000000e+03 4.500000000000000000e+00
2.560590564389170765e-01 3.400000000000000000e+03 4.500000000000000000e+00
3.866236472499364751e-01 3.500000000000000000e+03 4.500000000000000000e+00
5.338089158233649822e-01 3.600000000000000000e+03 4.500000000000000000e+00
6.990521379669482060e-01 3.700000000000000000e+03 4.500000000000000000e+00
8.738199101445662809e-01 3.800000000000000000e+03 4.500000000000000000e+00
1.076951066754261221e+00 3.900000000000000000e+03 4.500000000000000000e+00
1.291621574471625733e+00 4.000000000000000000e+03 4.500000000000000000e+00
1.547439749696030376e+00 4.100000000000000000e+03 4.500000000000000000e+00
1.798487232706260652e+00 4.200000000000000000e+03 4.500000000000000000e+00
2.151357394729007222e+00 4.300000000000000000e+03 4.500000000000000000e+00
2.487669923887009471e+00 4.400000000000000000e+03 4.500000000000000000e+00
