# # Chi square, temp, lg
7.345557151581512123e-01 3.000000000000000000e+03 3.500000000000000000e+00
6.455144385845894561e-01 3.100000000000000000e+03 3.500000000000000000e+00
5.500334336560057658e-01 3.200000000000000000e+03 3.500000000000000000e+00
4.464296091598796701e-01 3.300000000000000000e+03 3.500000000000000000e+00
3.452485888980454942e-01 3.400000000000000000e+03 3.500000000000000000e+00
2.766329469316899381e-01 3.500000000000000000e+03 3.500000000000000000e+00
2.869173742604952393e-01 3.600000000000000000e+03 3.500000000000000000e+00
3.828683439102435471e-01 3.700000000000000000e+03 3.500000000000000000e+00
5.643237969780702246e-01 3.800000000000000000e+03 3.500000000000000000e+00
7.634043167161456145e-01 3.900000000000000000e+03 3.500000000000000000e+00
1.001079780201295399e+00 4.000000000000000000e+03 3.500000000000000000e+00
1.263892512646543453e+00 4.100000000000000000e+03 3.500000000000000000e+00
1.522126886320311678e+00 4.200000000000000000e+03 3.500000000000000000e+00
1.845805933022595324e+00 4.300000000000000000e+03 3.500000000000000000e+00
2.192797423289407188e+00 4.400000000000000000e+03 3.500000000000000000e+00
2.562952721085166363e+00 4.500000000000000000e+03 3.500000000000000000e+00
2.990173438754092583e+00 4.600000000000000000e+03 3.500000000000000000e+00
3.424932547860782162e+00 4.700000000000000000e+03 3.500000000000000000e+00
3.917919735444243656e+00 4.800000000000000000e+03 3.500000000000000000e+00
4.410370308702417752e+00 4.900000000000000000e+03 3.500000000000000000e+00
7.302981171901739010e-01 3.000000000000000000e+03 4.000000000000000000e+00
6.441648910631090352e-01 3.100000000000000000e+03 4.000000000000000000e+00
5.479244083145689004e-01 3.200000000000000000e+03 4.000000000000000000e+00
4.534904757056635871e-01 3.300000000000000000e+03 4.000000000000000000e+00
3.733542749654228943e-01 3.400000000000000000e+03 4.000000000000000000e+00
3.163628381764383435e-01 3.500000000000000000e+03 4.000000000000000000e+00
3.341571149752330938e-01 3.600000000000000000e+03 4.000000000000000000e+00
4.291672005545264512e-01 3.700000000000000000e+03 4.000000000000000000e+00
5.847992629285376776e-01 3.800000000000000000e+03 4.000000000000000000e+00
7.748059341061759309e-01 3.900000000000000000e+03 4.000000000000000000e+00
1.014744458272647254e+00 4.000000000000000000e+03 4.000000000000000000e+00
1.288741002014365034e+00 4.100000000000000000e+03 4.000000000000000000e+00
1.558872515736557496e+00 4.200000000000000000e+03 4.000000000000000000e+00
1.866677253766092726e+00 4.300000000000000000e+03 4.000000000000000000e+00
2.185188073903117090e+00 4.400000000000000000e+03 4.000000000000000000e+00
2.587243208344699230e+00 4.500000000000000000e+03 4.000000000000000000e+00
2.991327865188177615e+00 4.600000000000000000e+03 4.000000000000000000e+00
3.442968166230158999e+00 4.700000000000000000e+03 4.000000000000000000e+00
3.933797664029505370e+00 4.800000000000000000e+03 4.000000000000000000e+00
4.454564594539649036e+00 4.900000000000000000e+03 4.000000000000000000e+00
7.319245213219737201e-01 3.000000000000000000e+03 4.500000000000000000e+00
6.409197216087885174e-01 3.100000000000000000e+03 4.500000000000000000e+00
5.482115445422190980e-01 3.200000000000000000e+03 4.500000000000000000e+00
4.619628743511360325e-01 3.300000000000000000e+03 4.500000000000000000e+00
3.875638202183145364e-01 3.400000000000000000e+03 4.500000000000000000e+00
3.452670808804985114e-01 3.500000000000000000e+03 4.500000000000000000e+00
3.720483063798794010e-01 3.600000000000000000e+03 4.500000000000000000e+00
4.658564765983436162e-01 3.700000000000000000e+03 4.500000000000000000e+00
6.043936314879067018e-01 3.800000000000000000e+03 4.500000000000000000e+00
7.864072984067638217e-01 3.900000000000000000e+03 4.500000000000000000e+00
9.899968657599739208e-01 4.000000000000000000e+03 4.500000000000000000e+00
1.240097523844257088e+00 4.100000000000000000e+03 4.500000000000000000e+00
1.492455577141813317e+00 4.200000000000000000e+03 4.500000000000000000e+00
1.849576108084422854e+00 4.300000000000000000e+03 4.500000000000000000e+00
2.192042821666851715e+00 4.400000000000000000e+03 4.500000000000000000e+00
2.569571441551427693e+00 4.500000000000000000e+03 4.500000000000000000e+00
3.005582916473752420e+00 4.600000000000000000e+03 4.500000000000000000e+00
3.443313776932794834e+00 4.700000000000000000e+03 4.500000000000000000e+00
3.941863490232419220e+00 4.800000000000000000e+03 4.500000000000000000e+00
4.439819479004150971e+00 4.900000000000000000e+03 4.500000000000000000e+00
