# # Chi square, temp, lg
2.592209497024933196e-01 3.500000000000000000e+03 3.500000000000000000e+00
2.869958163372706705e-01 3.600000000000000000e+03 3.500000000000000000e+00
3.951790351870995699e-01 3.700000000000000000e+03 3.500000000000000000e+00
5.821013599778472880e-01 3.800000000000000000e+03 3.500000000000000000e+00
7.834226033263548272e-01 3.900000000000000000e+03 3.500000000000000000e+00
1.022274853925875471e+00 4.000000000000000000e+03 3.500000000000000000e+00
1.285528579918001180e+00 4.100000000000000000e+03 3.500000000000000000e+00
1.543990999248907592e+00 4.200000000000000000e+03 3.500000000000000000e+00
1.867610915913002767e+00 4.300000000000000000e+03 3.500000000000000000e+00
2.214415255681998929e+00 4.400000000000000000e+03 3.500000000000000000e+00
2.584464083426365466e+00 4.500000000000000000e+03 3.500000000000000000e+00
3.011459373035746623e+00 4.600000000000000000e+03 3.500000000000000000e+00
3.445945653384548280e+00 4.700000000000000000e+03 3.500000000000000000e+00
3.938661429169780792e+00 4.800000000000000000e+03 3.500000000000000000e+00
4.430843454291214734e+00 4.900000000000000000e+03 3.500000000000000000e+00
4.986712108022198109e+00 5.000000000000000000e+03 3.500000000000000000e+00
5.561005175589377458e+00 5.100000000000000000e+03 3.500000000000000000e+00
6.215478360724095097e+00 5.200000000000000000e+03 3.500000000000000000e+00
6.896592343367337286e+00 5.300000000000000000e+03 3.500000000000000000e+00
7.620468340822986519e+00 5.400000000000000000e+03 3.500000000000000000e+00
3.018739537629265279e-01 3.500000000000000000e+03 4.000000000000000000e+00
3.340571996418832956e-01 3.600000000000000000e+03 4.000000000000000000e+00
4.403500014781782101e-01 3.700000000000000000e+03 4.000000000000000000e+00
6.018053307260776696e-01 3.800000000000000000e+03 4.000000000000000000e+00
7.947859228040244917e-01 3.900000000000000000e+03 4.000000000000000000e+00
1.036170401497785054e+00 4.000000000000000000e+03 4.000000000000000000e+00
1.310771496442623141e+00 4.100000000000000000e+03 4.000000000000000000e+00
1.581188090138438085e+00 4.200000000000000000e+03 4.000000000000000000e+00
1.888868412831606225e+00 4.300000000000000000e+03 4.000000000000000000e+00
2.207285538183508145e+00 4.400000000000000000e+03 4.000000000000000000e+00
2.609024175609102159e+00 4.500000000000000000e+03 4.000000000000000000e+00
3.012934172797703258e+00 4.600000000000000000e+03 4.000000000000000000e+00
3.464274073929785480e+00 4.700000000000000000e+03 4.000000000000000000e+00
3.954820343127224636e+00 4.800000000000000000e+03 4.000000000000000000e+00
4.475246662998854319e+00 4.900000000000000000e+03 4.000000000000000000e+00
5.049417989968375764e+00 5.000000000000000000e+03 4.000000000000000000e+00
5.657880081843833509e+00 5.100000000000000000e+03 4.000000000000000000e+00
6.288783459362242034e+00 5.200000000000000000e+03 4.000000000000000000e+00
6.959377737379519147e+00 5.300000000000000000e+03 4.000000000000000000e+00
7.674975591238310635e+00 5.400000000000000000e+03 4.000000000000000000e+00
3.314879616358964998e-01 3.500000000000000000e+03 4.500000000000000000e+00
3.710684538033570679e-01 3.600000000000000000e+03 4.500000000000000000e+00
4.750867997258741982e-01 3.700000000000000000e+03 4.500000000000000000e+00
6.193616605738907488e-01 3.800000000000000000e+03 4.500000000000000000e+00
8.048414318024935676e-01 3.900000000000000000e+03 4.500000000000000000e+00
1.010356963130366159e+00 4.000000000000000000e+03 4.500000000000000000e+00
1.261699430606063821e+00 4.100000000000000000e+03 4.500000000000000000e+00
1.514545239936430532e+00 4.200000000000000000e+03 4.500000000000000000e+00
1.871957030470615457e+00 4.300000000000000000e+03 4.500000000000000000e+00
2.214422796514618152e+00 4.400000000000000000e+03 4.500000000000000000e+00
2.591713198080279668e+00 4.500000000000000000e+03 4.500000000000000000e+00
3.027440585056353495e+00 4.600000000000000000e+03 4.500000000000000000e+00
3.464909400946022178e+00 4.700000000000000000e+03 4.500000000000000000e+00
3.963116793252562164e+00 4.800000000000000000e+03 4.500000000000000000e+00
4.460784303640337178e+00 4.900000000000000000e+03 4.500000000000000000e+00
5.029226008950255178e+00 5.000000000000000000e+03 4.500000000000000000e+00
5.618158073780970874e+00 5.100000000000000000e+03 4.500000000000000000e+00
6.256026490097599257e+00 5.200000000000000000e+03 4.500000000000000000e+00
6.956946499258042316e+00 5.300000000000000000e+03 4.500000000000000000e+00
7.621146209410055938e+00 5.400000000000000000e+03 4.500000000000000000e+00
