# # Chi square, temp, lg
6.297597284348336322e-01 3.500000000000000000e+03 3.500000000000000000e+00
7.822323827532416951e-01 3.600000000000000000e+03 3.500000000000000000e+00
9.433597506261176546e-01 3.700000000000000000e+03 3.500000000000000000e+00
1.137813505690763227e+00 3.800000000000000000e+03 3.500000000000000000e+00
1.342187340669676043e+00 3.900000000000000000e+03 3.500000000000000000e+00
1.573820864908267225e+00 4.000000000000000000e+03 3.500000000000000000e+00
1.828608652212971641e+00 4.100000000000000000e+03 3.500000000000000000e+00
2.075411607896086696e+00 4.200000000000000000e+03 3.500000000000000000e+00
2.389267926357016236e+00 4.300000000000000000e+03 3.500000000000000000e+00
2.735401307687123307e+00 4.400000000000000000e+03 3.500000000000000000e+00
3.079240342994221002e+00 4.500000000000000000e+03 3.500000000000000000e+00
3.482351698253283612e+00 4.600000000000000000e+03 3.500000000000000000e+00
3.888550401362320663e+00 4.700000000000000000e+03 3.500000000000000000e+00
4.358047084677139971e+00 4.800000000000000000e+03 3.500000000000000000e+00
4.869381448625533793e+00 4.900000000000000000e+03 3.500000000000000000e+00
5.394383819778128419e+00 5.000000000000000000e+03 3.500000000000000000e+00
5.947665356117409985e+00 5.100000000000000000e+03 3.500000000000000000e+00
6.571803439749179354e+00 5.200000000000000000e+03 3.500000000000000000e+00
7.222221659002536320e+00 5.300000000000000000e+03 3.500000000000000000e+00
7.937055145277539303e+00 5.400000000000000000e+03 3.500000000000000000e+00
6.424062511613093385e-01 3.500000000000000000e+03 4.000000000000000000e+00
7.883321369081208729e-01 3.600000000000000000e+03 4.000000000000000000e+00
9.528716295876845654e-01 3.700000000000000000e+03 4.000000000000000000e+00
1.140774931754270360e+00 3.800000000000000000e+03 4.000000000000000000e+00
1.344329109868872774e+00 3.900000000000000000e+03 4.000000000000000000e+00
1.582605435644926617e+00 4.000000000000000000e+03 4.000000000000000000e+00
1.858731706788179672e+00 4.100000000000000000e+03 4.000000000000000000e+00
2.123799330435753863e+00 4.200000000000000000e+03 4.000000000000000000e+00
2.415543324304288308e+00 4.300000000000000000e+03 4.000000000000000000e+00
2.738938778323169121e+00 4.400000000000000000e+03 4.000000000000000000e+00
3.105171620846123304e+00 4.500000000000000000e+03 4.000000000000000000e+00
3.505021547008499994e+00 4.600000000000000000e+03 4.000000000000000000e+00
3.935945439303556892e+00 4.700000000000000000e+03 4.000000000000000000e+00
4.409786979995905298e+00 4.800000000000000000e+03 4.000000000000000000e+00
4.894683375427121952e+00 4.900000000000000000e+03 4.000000000000000000e+00
5.459496388171726444e+00 5.000000000000000000e+03 4.000000000000000000e+00
6.042614230711812695e+00 5.100000000000000000e+03 4.000000000000000000e+00
6.625516538125276078e+00 5.200000000000000000e+03 4.000000000000000000e+00
7.282914112617895341e+00 5.300000000000000000e+03 4.000000000000000000e+00
8.000686571812456904e+00 5.400000000000000000e+03 4.000000000000000000e+00
6.431852117077286879e-01 3.500000000000000000e+03 4.500000000000000000e+00
7.897231030351111736e-01 3.600000000000000000e+03 4.500000000000000000e+00
9.505922014300827172e-01 3.700000000000000000e+03 4.500000000000000000e+00
1.126108913690341717e+00 3.800000000000000000e+03 4.500000000000000000e+00
1.328607900955322441e+00 3.900000000000000000e+03 4.500000000000000000e+00
1.544922190142802521e+00 4.000000000000000000e+03 4.500000000000000000e+00
1.798082162506832837e+00 4.100000000000000000e+03 4.500000000000000000e+00
2.047273212757672489e+00 4.200000000000000000e+03 4.500000000000000000e+00
2.400708941555940168e+00 4.300000000000000000e+03 4.500000000000000000e+00
2.737404622739427307e+00 4.400000000000000000e+03 4.500000000000000000e+00
3.107057463020269417e+00 4.500000000000000000e+03 4.500000000000000000e+00
3.527919506033706742e+00 4.600000000000000000e+03 4.500000000000000000e+00
3.952343447376974961e+00 4.700000000000000000e+03 4.500000000000000000e+00
4.438379191878854435e+00 4.800000000000000000e+03 4.500000000000000000e+00
4.924871206902497356e+00 4.900000000000000000e+03 4.500000000000000000e+00
5.460359821794702917e+00 5.000000000000000000e+03 4.500000000000000000e+00
6.025038272584420262e+00 5.100000000000000000e+03 4.500000000000000000e+00
6.638467663420650311e+00 5.200000000000000000e+03 4.500000000000000000e+00
7.297375238033114719e+00 5.300000000000000000e+03 4.500000000000000000e+00
7.920689787713184771e+00 5.400000000000000000e+03 4.500000000000000000e+00
