# # Chi square, temp, lg
3.079681818001577032e+00 2.500000000000000000e+03 3.500000000000000000e+00
3.034383725970519308e+00 2.600000000000000000e+03 3.500000000000000000e+00
2.975931588810452499e+00 2.700000000000000000e+03 3.500000000000000000e+00
2.912981712952394719e+00 2.800000000000000000e+03 3.500000000000000000e+00
2.833581381730254645e+00 2.900000000000000000e+03 3.500000000000000000e+00
2.746265794494157308e+00 3.000000000000000000e+03 3.500000000000000000e+00
2.654521902161606217e+00 3.100000000000000000e+03 3.500000000000000000e+00
2.556292755352969959e+00 3.200000000000000000e+03 3.500000000000000000e+00
2.440788356130734638e+00 3.300000000000000000e+03 3.500000000000000000e+00
2.312172533340471681e+00 3.400000000000000000e+03 3.500000000000000000e+00
2.178986401996425126e+00 3.500000000000000000e+03 3.500000000000000000e+00
2.024420472078729105e+00 3.600000000000000000e+03 3.500000000000000000e+00
1.863937934668495444e+00 3.700000000000000000e+03 3.500000000000000000e+00
1.676028296525439387e+00 3.800000000000000000e+03 3.500000000000000000e+00
1.498989203742452370e+00 3.900000000000000000e+03 3.500000000000000000e+00
1.315434485068940562e+00 4.000000000000000000e+03 3.500000000000000000e+00
1.153761228769047742e+00 4.100000000000000000e+03 3.500000000000000000e+00
1.049330831849959011e+00 4.200000000000000000e+03 3.500000000000000000e+00
1.021453073339317896e+00 4.300000000000000000e+03 3.500000000000000000e+00
1.115741861364455412e+00 4.400000000000000000e+03 3.500000000000000000e+00
3.071608558786949050e+00 2.500000000000000000e+03 4.000000000000000000e+00
3.021072261157196959e+00 2.600000000000000000e+03 4.000000000000000000e+00
2.965585042450701092e+00 2.700000000000000000e+03 4.000000000000000000e+00
2.898109678342040141e+00 2.800000000000000000e+03 4.000000000000000000e+00
2.819716495679222223e+00 2.900000000000000000e+03 4.000000000000000000e+00
2.737604458653753792e+00 3.000000000000000000e+03 4.000000000000000000e+00
2.646821697073542090e+00 3.100000000000000000e+03 4.000000000000000000e+00
2.542195756233936788e+00 3.200000000000000000e+03 4.000000000000000000e+00
2.427243434405875533e+00 3.300000000000000000e+03 4.000000000000000000e+00
2.309092239749289899e+00 3.400000000000000000e+03 4.000000000000000000e+00
2.164649755805087228e+00 3.500000000000000000e+03 4.000000000000000000e+00
2.017105997764549574e+00 3.600000000000000000e+03 4.000000000000000000e+00
1.856380533409617950e+00 3.700000000000000000e+03 4.000000000000000000e+00
1.682737792484824801e+00 3.800000000000000000e+03 4.000000000000000000e+00
1.497664193494136375e+00 3.900000000000000000e+03 4.000000000000000000e+00
1.302757021516726788e+00 4.000000000000000000e+03 4.000000000000000000e+00
1.132035333421664403e+00 4.100000000000000000e+03 4.000000000000000000e+00
1.017280127594377914e+00 4.200000000000000000e+03 4.000000000000000000e+00
9.941680890145410121e-01 4.300000000000000000e+03 4.000000000000000000e+00
1.084669311946682368e+00 4.400000000000000000e+03 4.000000000000000000e+00
3.066279890880513115e+00 2.500000000000000000e+03 4.500000000000000000e+00
3.018224216356689027e+00 2.600000000000000000e+03 4.500000000000000000e+00
2.961313040013115128e+00 2.700000000000000000e+03 4.500000000000000000e+00
2.896831668176771402e+00 2.800000000000000000e+03 4.500000000000000000e+00
2.821927949932938606e+00 2.900000000000000000e+03 4.500000000000000000e+00
2.737708610782205287e+00 3.000000000000000000e+03 4.500000000000000000e+00
2.639247092084816337e+00 3.100000000000000000e+03 4.500000000000000000e+00
2.533878880148596746e+00 3.200000000000000000e+03 4.500000000000000000e+00
2.421907348370684776e+00 3.300000000000000000e+03 4.500000000000000000e+00
2.299744622804773986e+00 3.400000000000000000e+03 4.500000000000000000e+00
2.165518567436412578e+00 3.500000000000000000e+03 4.500000000000000000e+00
2.022291802624853752e+00 3.600000000000000000e+03 4.500000000000000000e+00
1.868116720461856284e+00 3.700000000000000000e+03 4.500000000000000000e+00
1.708082602347035683e+00 3.800000000000000000e+03 4.500000000000000000e+00
1.531251212110011473e+00 3.900000000000000000e+03 4.500000000000000000e+00
1.353496169526104742e+00 4.000000000000000000e+03 4.500000000000000000e+00
1.173891451132846653e+00 4.100000000000000000e+03 4.500000000000000000e+00
1.051270751965125205e+00 4.200000000000000000e+03 4.500000000000000000e+00
9.846610926420483745e-01 4.300000000000000000e+03 4.500000000000000000e+00
1.061465573654906569e+00 4.400000000000000000e+03 4.500000000000000000e+00
