# # Chi square, temp, lg
1.291076646818143603e+00 2.000000000000000000e+03 3.500000000000000000e+00
1.271803915857632417e+00 2.100000000000000000e+03 3.500000000000000000e+00
1.240518177520654186e+00 2.200000000000000000e+03 3.500000000000000000e+00
1.202626201079835866e+00 2.300000000000000000e+03 3.500000000000000000e+00
1.168197560760459108e+00 2.400000000000000000e+03 3.500000000000000000e+00
1.124659235688380665e+00 2.500000000000000000e+03 3.500000000000000000e+00
1.079248839826385753e+00 2.600000000000000000e+03 3.500000000000000000e+00
1.021005347716437583e+00 2.700000000000000000e+03 3.500000000000000000e+00
9.575487503450348381e-01 2.800000000000000000e+03 3.500000000000000000e+00
8.769559541123334023e-01 2.900000000000000000e+03 3.500000000000000000e+00
7.908491851958846519e-01 3.000000000000000000e+03 3.500000000000000000e+00
7.014689310863970739e-01 3.100000000000000000e+03 3.500000000000000000e+00
6.035388720440509891e-01 3.200000000000000000e+03 3.500000000000000000e+00
4.909084085759504168e-01 3.300000000000000000e+03 3.500000000000000000e+00
3.663807368011999244e-01 3.400000000000000000e+03 3.500000000000000000e+00
2.398717764691754017e-01 3.500000000000000000e+03 3.500000000000000000e+00
1.133256138235073512e-01 3.600000000000000000e+03 3.500000000000000000e+00
1.444294837689960032e-01 3.700000000000000000e+03 3.500000000000000000e+00
3.339479937445979929e-01 3.800000000000000000e+03 3.500000000000000000e+00
5.465144400576563699e-01 3.900000000000000000e+03 3.500000000000000000e+00
1.282830994580694384e+00 2.000000000000000000e+03 4.000000000000000000e+00
1.270244742085950840e+00 2.100000000000000000e+03 4.000000000000000000e+00
1.239852628778815857e+00 2.200000000000000000e+03 4.000000000000000000e+00
1.201354596733420488e+00 2.300000000000000000e+03 4.000000000000000000e+00
1.160811456213701964e+00 2.400000000000000000e+03 4.000000000000000000e+00
1.115876869573219521e+00 2.500000000000000000e+03 4.000000000000000000e+00
1.065468708169752921e+00 2.600000000000000000e+03 4.000000000000000000e+00
1.009998004495551660e+00 2.700000000000000000e+03 4.000000000000000000e+00
9.421363507304767460e-01 2.800000000000000000e+03 4.000000000000000000e+00
8.640402063018548517e-01 2.900000000000000000e+03 4.000000000000000000e+00
7.826284390715678718e-01 3.000000000000000000e+03 4.000000000000000000e+00
6.916250070804810246e-01 3.100000000000000000e+03 4.000000000000000000e+00
5.877349098373688685e-01 3.200000000000000000e+03 4.000000000000000000e+00
4.772657982168243551e-01 3.300000000000000000e+03 4.000000000000000000e+00
3.598854006280560180e-01 3.400000000000000000e+03 4.000000000000000000e+00
2.242548014390847722e-01 3.500000000000000000e+03 4.000000000000000000e+00
1.224985220216062709e-01 3.600000000000000000e+03 4.000000000000000000e+00
1.766983298063686536e-01 3.700000000000000000e+03 4.000000000000000000e+00
3.499206461855183803e-01 3.800000000000000000e+03 4.000000000000000000e+00
5.595763611013314653e-01 3.900000000000000000e+03 4.000000000000000000e+00
1.298079109286971677e+00 2.000000000000000000e+03 4.500000000000000000e+00
1.266137057803196297e+00 2.100000000000000000e+03 4.500000000000000000e+00
1.236484129681902910e+00 2.200000000000000000e+03 4.500000000000000000e+00
1.193093923981806137e+00 2.300000000000000000e+03 4.500000000000000000e+00
1.154372873785015408e+00 2.400000000000000000e+03 4.500000000000000000e+00
1.110993763951959812e+00 2.500000000000000000e+03 4.500000000000000000e+00
1.063345479130324511e+00 2.600000000000000000e+03 4.500000000000000000e+00
1.005700494139882606e+00 2.700000000000000000e+03 4.500000000000000000e+00
9.408361679987008452e-01 2.800000000000000000e+03 4.500000000000000000e+00
8.667043325386019070e-01 2.900000000000000000e+03 4.500000000000000000e+00
7.832516991043777521e-01 3.000000000000000000e+03 4.500000000000000000e+00
6.841859475200272600e-01 3.100000000000000000e+03 4.500000000000000000e+00
5.791939487105807194e-01 3.200000000000000000e+03 4.500000000000000000e+00
4.722123854759818218e-01 3.300000000000000000e+03 4.500000000000000000e+00
3.549788168483232753e-01 3.400000000000000000e+03 4.500000000000000000e+00
2.378724993321238712e-01 3.500000000000000000e+03 4.500000000000000000e+00
1.567329174804456826e-01 3.600000000000000000e+03 4.500000000000000000e+00
2.117944241921488890e-01 3.700000000000000000e+03 4.500000000000000000e+00
3.609584554994510475e-01 3.800000000000000000e+03 4.500000000000000000e+00
5.605807370764213093e-01 3.900000000000000000e+03 4.500000000000000000e+00
