3.295005124369053684e-01 0.000000000000000000e+00 1.000000000000000000e+00 1.000000000000000000e+00 3.428000000000000000e+03 3.479999999999999982e+00 -4.799999999999999822e-01 1.420000000000000000e+02
1.147083109051823424e+00 0.000000000000000000e+00 1.000000000000000000e+00 1.000000000000000000e+00 4.456000000000000000e+03 3.669999999999999929e+00 3.499999999999999778e-01 1.450000000000000000e+02
3.106011095003156086e-01 0.000000000000000000e+00 1.000000000000000000e+00 1.000000000000000000e+00 3.428000000000000000e+03 3.479999999999999982e+00 -4.799999999999999822e-01 1.490000000000000000e+02
4.423881722864516641e-01 0.000000000000000000e+00 1.000000000000000000e+00 1.000000000000000000e+00 3.634000000000000000e+03 3.540000000000000036e+00 -3.200000000000000067e-01 1.400000000000000000e+02
5.075378640182317547e-01 0.000000000000000000e+00 1.000000000000000000e+00 1.000000000000000000e+00 3.802000000000000000e+03 3.589999999999999858e+00 -1.799999999999999933e-01 1.550000000000000000e+02
1.126396814434489135e+00 1.000000000000000000e+00 1.000000000000000000e+00 1.000000000000000000e+00 4.456000000000000000e+03 3.669999999999999929e+00 3.499999999999999778e-01 1.510000000000000000e+02
1.201642227145328645e+00 0.000000000000000000e+00 1.000000000000000000e+00 1.000000000000000000e+00 4.529000000000000000e+03 3.680000000000000160e+00 4.099999999999999756e-01 1.410000000000000000e+02
6.240838688055538180e-02 1.000000000000000000e+00 1.000000000000000000e+00 1.000000000000000000e+00 2.864000000000000000e+03 3.520000000000000018e+00 -1.530000000000000027e+00 1.450000000000000000e+02
4.436646335504933480e-01 0.000000000000000000e+00 1.000000000000000000e+00 1.000000000000000000e+00 3.634000000000000000e+03 3.540000000000000036e+00 -3.200000000000000067e-01 1.450000000000000000e+02
2.371758002572045276e-01 0.000000000000000000e+00 1.000000000000000000e+00 1.000000000000000000e+00 3.226000000000000000e+03 3.379999999999999893e+00 -6.600000000000000311e-01 1.420000000000000000e+02
1.134921057413076140e+00 0.000000000000000000e+00 1.000000000000000000e+00 1.000000000000000000e+00 4.456000000000000000e+03 3.669999999999999929e+00 3.499999999999999778e-01 1.550000000000000000e+02
1.926746273091921036e-01 0.000000000000000000e+00 1.000000000000000000e+00 1.000000000000000000e+00 3.226000000000000000e+03 3.379999999999999893e+00 -6.600000000000000311e-01 1.560000000000000000e+02
3.110023337252453834e-01 0.000000000000000000e+00 1.000000000000000000e+00 1.000000000000000000e+00 3.428000000000000000e+03 3.479999999999999982e+00 -4.799999999999999822e-01 1.410000000000000000e+02
1.939719500640075256e-01 0.000000000000000000e+00 1.000000000000000000e+00 1.000000000000000000e+00 3.226000000000000000e+03 3.379999999999999893e+00 -6.600000000000000311e-01 1.480000000000000000e+02
2.967811887722389130e-01 1.000000000000000000e+00 1.000000000000000000e+00 1.000000000000000000e+00 3.428000000000000000e+03 3.479999999999999982e+00 -4.799999999999999822e-01 1.540000000000000000e+02
1.136881586016187384e+00 0.000000000000000000e+00 1.000000000000000000e+00 1.000000000000000000e+00 4.456000000000000000e+03 3.669999999999999929e+00 3.499999999999999778e-01 1.510000000000000000e+02
5.758768823239888146e-01 0.000000000000000000e+00 1.000000000000000000e+00 1.000000000000000000e+00 3.955000000000000000e+03 3.620000000000000107e+00 -7.000000000000000666e-02 1.450000000000000000e+02
1.119541098485231201e+00 0.000000000000000000e+00 1.000000000000000000e+00 1.000000000000000000e+00 4.456000000000000000e+03 3.669999999999999929e+00 3.499999999999999778e-01 1.410000000000000000e+02
1.126762163345547796e+00 0.000000000000000000e+00 1.000000000000000000e+00 1.000000000000000000e+00 4.456000000000000000e+03 3.669999999999999929e+00 3.499999999999999778e-01 1.550000000000000000e+02
3.835934994977437396e-01 0.000000000000000000e+00 1.000000000000000000e+00 1.000000000000000000e+00 3.634000000000000000e+03 3.540000000000000036e+00 -3.200000000000000067e-01 1.470000000000000000e+02
2.636200026534936680e-01 0.000000000000000000e+00 1.000000000000000000e+00 1.000000000000000000e+00 3.428000000000000000e+03 3.479999999999999982e+00 -4.799999999999999822e-01 1.420000000000000000e+02
1.126352265177147816e+00 0.000000000000000000e+00 1.000000000000000000e+00 1.000000000000000000e+00 4.456000000000000000e+03 3.669999999999999929e+00 3.499999999999999778e-01 1.420000000000000000e+02
4.731774673410927279e-01 0.000000000000000000e+00 1.000000000000000000e+00 1.000000000000000000e+00 3.802000000000000000e+03 3.589999999999999858e+00 -1.799999999999999933e-01 1.490000000000000000e+02
2.601256231843093181e-01 0.000000000000000000e+00 1.000000000000000000e+00 1.000000000000000000e+00 3.428000000000000000e+03 3.479999999999999982e+00 -4.799999999999999822e-01 1.450000000000000000e+02
1.133490083454674835e+00 0.000000000000000000e+00 1.000000000000000000e+00 1.000000000000000000e+00 4.456000000000000000e+03 3.669999999999999929e+00 3.499999999999999778e-01 1.590000000000000000e+02
4.520975338257352677e-02 0.000000000000000000e+00 1.000000000000000000e+00 1.000000000000000000e+00 2.824000000000000000e+03 3.529999999999999805e+00 -1.649999999999999911e+00 1.590000000000000000e+02
3.128729630527533057e-01 0.000000000000000000e+00 1.000000000000000000e+00 1.000000000000000000e+00 3.428000000000000000e+03 3.479999999999999982e+00 -4.799999999999999822e-01 1.420000000000000000e+02
8.003635275073514022e-01 0.000000000000000000e+00 1.000000000000000000e+00 1.000000000000000000e+00 4.192000000000000000e+03 3.649999999999999911e+00 1.300000000000000044e-01 1.530000000000000000e+02
5.753593705305912742e-01 0.000000000000000000e+00 1.000000000000000000e+00 1.000000000000000000e+00 3.955000000000000000e+03 3.620000000000000107e+00 -7.000000000000000666e-02 1.440000000000000000e+02
1.107476504011629004e+00 0.000000000000000000e+00 1.000000000000000000e+00 1.000000000000000000e+00 4.456000000000000000e+03 3.669999999999999929e+00 3.499999999999999778e-01 1.430000000000000000e+02
8.285185038460156637e-01 0.000000000000000000e+00 1.000000000000000000e+00 1.000000000000000000e+00 4.192000000000000000e+03 3.649999999999999911e+00 1.300000000000000044e-01 1.520000000000000000e+02
5.194952013476610286e-01 0.000000000000000000e+00 1.000000000000000000e+00 1.000000000000000000e+00 3.802000000000000000e+03 3.589999999999999858e+00 -1.799999999999999933e-01 1.400000000000000000e+02
2.934770363373078728e-01 0.000000000000000000e+00 1.000000000000000000e+00 1.000000000000000000e+00 3.428000000000000000e+03 3.479999999999999982e+00 -4.799999999999999822e-01 1.530000000000000000e+02
1.155968356203235459e+00 0.000000000000000000e+00 1.000000000000000000e+00 1.000000000000000000e+00 4.529000000000000000e+03 3.680000000000000160e+00 4.099999999999999756e-01 1.430000000000000000e+02
4.551198355998766765e-01 0.000000000000000000e+00 1.000000000000000000e+00 1.000000000000000000e+00 3.802000000000000000e+03 3.589999999999999858e+00 -1.799999999999999933e-01 1.590000000000000000e+02
6.256792042599789161e-01 0.000000000000000000e+00 1.000000000000000000e+00 1.000000000000000000e+00 3.955000000000000000e+03 3.620000000000000107e+00 -7.000000000000000666e-02 1.580000000000000000e+02
6.775134459414633437e-02 0.000000000000000000e+00 1.000000000000000000e+00 1.000000000000000000e+00 2.897000000000000000e+03 3.490000000000000213e+00 -1.409999999999999920e+00 1.530000000000000000e+02
1.195504065009757477e+00 0.000000000000000000e+00 1.000000000000000000e+00 1.000000000000000000e+00 4.529000000000000000e+03 3.680000000000000160e+00 4.099999999999999756e-01 1.490000000000000000e+02
3.270635903736263672e-01 0.000000000000000000e+00 1.000000000000000000e+00 1.000000000000000000e+00 3.428000000000000000e+03 3.479999999999999982e+00 -4.799999999999999822e-01 1.460000000000000000e+02
1.114547911240727940e+00 0.000000000000000000e+00 1.000000000000000000e+00 1.000000000000000000e+00 4.456000000000000000e+03 3.669999999999999929e+00 3.499999999999999778e-01 1.500000000000000000e+02
4.912230320678576817e-02 0.000000000000000000e+00 1.000000000000000000e+00 1.000000000000000000e+00 2.824000000000000000e+03 3.529999999999999805e+00 -1.649999999999999911e+00 1.510000000000000000e+02
1.145701731119404210e+00 1.000000000000000000e+00 1.000000000000000000e+00 1.000000000000000000e+00 4.456000000000000000e+03 3.669999999999999929e+00 3.499999999999999778e-01 1.450000000000000000e+02
1.134289390289309862e+00 0.000000000000000000e+00 1.000000000000000000e+00 1.000000000000000000e+00 4.456000000000000000e+03 3.669999999999999929e+00 3.499999999999999778e-01 1.530000000000000000e+02
1.398994832428732904e+00 0.000000000000000000e+00 1.000000000000000000e+00 1.000000000000000000e+00 4.658000000000000000e+03 3.680000000000000160e+00 5.200000000000000178e-01 1.450000000000000000e+02
2.780950714037077609e-01 0.000000000000000000e+00 1.000000000000000000e+00 1.000000000000000000e+00 3.428000000000000000e+03 3.479999999999999982e+00 -4.799999999999999822e-01 1.450000000000000000e+02
9.431155930177700375e-01 0.000000000000000000e+00 1.000000000000000000e+00 1.000000000000000000e+00 4.290000000000000000e+03 3.660000000000000142e+00 2.099999999999999922e-01 1.490000000000000000e+02
1.195979364956398339e+00 1.000000000000000000e+00 1.000000000000000000e+00 1.000000000000000000e+00 4.529000000000000000e+03 3.680000000000000160e+00 4.099999999999999756e-01 1.410000000000000000e+02
2.849311681657609729e-01 1.000000000000000000e+00 1.000000000000000000e+00 1.000000000000000000e+00 3.428000000000000000e+03 3.479999999999999982e+00 -4.799999999999999822e-01 1.420000000000000000e+02
5.194603311119934119e-01 0.000000000000000000e+00 1.000000000000000000e+00 1.000000000000000000e+00 3.802000000000000000e+03 3.589999999999999858e+00 -1.799999999999999933e-01 1.520000000000000000e+02
8.395731314717740368e-01 0.000000000000000000e+00 1.000000000000000000e+00 1.000000000000000000e+00 4.192000000000000000e+03 3.649999999999999911e+00 1.300000000000000044e-01 1.540000000000000000e+02
2.525609050313692427e-01 0.000000000000000000e+00 1.000000000000000000e+00 1.000000000000000000e+00 3.428000000000000000e+03 3.479999999999999982e+00 -4.799999999999999822e-01 1.440000000000000000e+02
5.783997017115136696e-01 0.000000000000000000e+00 1.000000000000000000e+00 1.000000000000000000e+00 3.955000000000000000e+03 3.620000000000000107e+00 -7.000000000000000666e-02 1.580000000000000000e+02
2.506849930447858643e-01 0.000000000000000000e+00 1.000000000000000000e+00 1.000000000000000000e+00 3.428000000000000000e+03 3.479999999999999982e+00 -4.799999999999999822e-01 1.480000000000000000e+02
1.110405530329107826e+00 0.000000000000000000e+00 1.000000000000000000e+00 1.000000000000000000e+00 4.456000000000000000e+03 3.669999999999999929e+00 3.499999999999999778e-01 1.570000000000000000e+02
1.211355086971198869e+00 1.000000000000000000e+00 1.000000000000000000e+00 1.000000000000000000e+00 4.529000000000000000e+03 3.680000000000000160e+00 4.099999999999999756e-01 1.440000000000000000e+02
1.119266921187492159e+00 0.000000000000000000e+00 1.000000000000000000e+00 1.000000000000000000e+00 4.456000000000000000e+03 3.669999999999999929e+00 3.499999999999999778e-01 1.480000000000000000e+02
5.748328995087107485e-01 0.000000000000000000e+00 1.000000000000000000e+00 1.000000000000000000e+00 3.955000000000000000e+03 3.620000000000000107e+00 -7.000000000000000666e-02 1.410000000000000000e+02
2.560549611256984770e-01 0.000000000000000000e+00 1.000000000000000000e+00 1.000000000000000000e+00 3.428000000000000000e+03 3.479999999999999982e+00 -4.799999999999999822e-01 1.400000000000000000e+02
4.797974940657501741e-01 0.000000000000000000e+00 1.000000000000000000e+00 1.000000000000000000e+00 3.802000000000000000e+03 3.589999999999999858e+00 -1.799999999999999933e-01 1.550000000000000000e+02
2.147566539385445950e-01 0.000000000000000000e+00 1.000000000000000000e+00 1.000000000000000000e+00 3.226000000000000000e+03 3.379999999999999893e+00 -6.600000000000000311e-01 1.410000000000000000e+02
1.156677322613781422e+00 0.000000000000000000e+00 1.000000000000000000e+00 1.000000000000000000e+00 4.529000000000000000e+03 3.680000000000000160e+00 4.099999999999999756e-01 1.430000000000000000e+02
3.299142412591883566e+00 1.000000000000000000e+00 1.000000000000000000e+00 1.000000000000000000e+00 5.746454865976729707e+03 3.420999999999999819e+00 3.349654391578275892e+01 1.470000000000000000e+02
3.752460518153377111e-01 0.000000000000000000e+00 1.000000000000000000e+00 1.000000000000000000e+00 3.634000000000000000e+03 3.540000000000000036e+00 -3.200000000000000067e-01 1.520000000000000000e+02
5.908934536398428028e-01 0.000000000000000000e+00 1.000000000000000000e+00 1.000000000000000000e+00 3.955000000000000000e+03 3.620000000000000107e+00 -7.000000000000000666e-02 1.520000000000000000e+02
6.540168286842671375e-01 0.000000000000000000e+00 1.000000000000000000e+00 1.000000000000000000e+00 4.078000000000000000e+03 3.629999999999999893e+00 4.000000000000000083e-02 1.550000000000000000e+02
3.550106000308257959e-01 0.000000000000000000e+00 1.000000000000000000e+00 1.000000000000000000e+00 3.634000000000000000e+03 3.540000000000000036e+00 -3.200000000000000067e-01 1.440000000000000000e+02
1.115798793023939472e+00 0.000000000000000000e+00 1.000000000000000000e+00 1.000000000000000000e+00 4.456000000000000000e+03 3.669999999999999929e+00 3.499999999999999778e-01 1.570000000000000000e+02
1.118742573524853956e+00 0.000000000000000000e+00 1.000000000000000000e+00 1.000000000000000000e+00 4.456000000000000000e+03 3.669999999999999929e+00 3.499999999999999778e-01 1.490000000000000000e+02
3.050390759667528928e-01 0.000000000000000000e+00 1.000000000000000000e+00 1.000000000000000000e+00 3.428000000000000000e+03 3.479999999999999982e+00 -4.799999999999999822e-01 1.440000000000000000e+02
5.724324162125201676e-01 0.000000000000000000e+00 1.000000000000000000e+00 1.000000000000000000e+00 3.955000000000000000e+03 3.620000000000000107e+00 -7.000000000000000666e-02 1.510000000000000000e+02
4.411429884396697032e-01 0.000000000000000000e+00 1.000000000000000000e+00 1.000000000000000000e+00 3.634000000000000000e+03 3.540000000000000036e+00 -3.200000000000000067e-01 1.530000000000000000e+02
1.138897079593290451e+00 1.000000000000000000e+00 1.000000000000000000e+00 1.000000000000000000e+00 4.456000000000000000e+03 3.669999999999999929e+00 3.499999999999999778e-01 1.540000000000000000e+02
1.965844762081821462e-01 1.000000000000000000e+00 1.000000000000000000e+00 1.000000000000000000e+00 3.226000000000000000e+03 3.379999999999999893e+00 -6.600000000000000311e-01 1.490000000000000000e+02
1.142612357148597546e+00 0.000000000000000000e+00 1.000000000000000000e+00 1.000000000000000000e+00 4.456000000000000000e+03 3.669999999999999929e+00 3.499999999999999778e-01 1.490000000000000000e+02
1.116739343283742913e+00 0.000000000000000000e+00 1.000000000000000000e+00 1.000000000000000000e+00 4.456000000000000000e+03 3.669999999999999929e+00 3.499999999999999778e-01 1.500000000000000000e+02
3.908211705108146083e-01 0.000000000000000000e+00 1.000000000000000000e+00 1.000000000000000000e+00 3.634000000000000000e+03 3.540000000000000036e+00 -3.200000000000000067e-01 1.400000000000000000e+02
1.465693426823178047e+00 0.000000000000000000e+00 1.000000000000000000e+00 1.000000000000000000e+00 4.852885001621209994e+03 3.706999999999999851e+00 3.872576449216171834e+00 1.540000000000000000e+02
1.126433708374988685e+00 0.000000000000000000e+00 1.000000000000000000e+00 1.000000000000000000e+00 4.456000000000000000e+03 3.669999999999999929e+00 3.499999999999999778e-01 1.420000000000000000e+02
2.319443078997598662e-01 0.000000000000000000e+00 1.000000000000000000e+00 1.000000000000000000e+00 3.226000000000000000e+03 3.379999999999999893e+00 -6.600000000000000311e-01 1.550000000000000000e+02
9.491259442454129391e-02 0.000000000000000000e+00 1.000000000000000000e+00 1.000000000000000000e+00 2.908000000000000000e+03 3.419999999999999929e+00 -1.229999999999999982e+00 1.570000000000000000e+02
1.144464556444250158e+00 0.000000000000000000e+00 1.000000000000000000e+00 1.000000000000000000e+00 4.456000000000000000e+03 3.669999999999999929e+00 3.499999999999999778e-01 1.420000000000000000e+02
1.122304913989555786e+00 1.000000000000000000e+00 1.000000000000000000e+00 1.000000000000000000e+00 4.456000000000000000e+03 3.669999999999999929e+00 3.499999999999999778e-01 1.460000000000000000e+02
9.296038989757732240e-02 0.000000000000000000e+00 1.000000000000000000e+00 1.000000000000000000e+00 2.908000000000000000e+03 3.419999999999999929e+00 -1.229999999999999982e+00 1.590000000000000000e+02
1.220249496933398792e+00 0.000000000000000000e+00 1.000000000000000000e+00 1.000000000000000000e+00 4.529000000000000000e+03 3.680000000000000160e+00 4.099999999999999756e-01 1.440000000000000000e+02
1.171983712581939008e+00 0.000000000000000000e+00 1.000000000000000000e+00 1.000000000000000000e+00 4.529000000000000000e+03 3.680000000000000160e+00 4.099999999999999756e-01 1.530000000000000000e+02
2.069880966837361613e-01 0.000000000000000000e+00 1.000000000000000000e+00 1.000000000000000000e+00 3.226000000000000000e+03 3.379999999999999893e+00 -6.600000000000000311e-01 1.540000000000000000e+02
1.179069872008215558e+00 0.000000000000000000e+00 1.000000000000000000e+00 1.000000000000000000e+00 4.529000000000000000e+03 3.680000000000000160e+00 4.099999999999999756e-01 1.460000000000000000e+02
1.201454822912402465e+00 0.000000000000000000e+00 1.000000000000000000e+00 1.000000000000000000e+00 4.529000000000000000e+03 3.680000000000000160e+00 4.099999999999999756e-01 1.440000000000000000e+02
3.288052453803883557e-01 0.000000000000000000e+00 1.000000000000000000e+00 1.000000000000000000e+00 3.428000000000000000e+03 3.479999999999999982e+00 -4.799999999999999822e-01 1.420000000000000000e+02
6.239460982088795848e-01 0.000000000000000000e+00 1.000000000000000000e+00 1.000000000000000000e+00 3.955000000000000000e+03 3.620000000000000107e+00 -7.000000000000000666e-02 1.470000000000000000e+02
7.208511929079971514e-01 0.000000000000000000e+00 1.000000000000000000e+00 1.000000000000000000e+00 4.078000000000000000e+03 3.629999999999999893e+00 4.000000000000000083e-02 1.500000000000000000e+02
3.374849316460088455e-01 0.000000000000000000e+00 1.000000000000000000e+00 1.000000000000000000e+00 3.428000000000000000e+03 3.479999999999999982e+00 -4.799999999999999822e-01 1.490000000000000000e+02
8.851341685100531098e-01 1.000000000000000000e+00 1.000000000000000000e+00 1.000000000000000000e+00 4.290000000000000000e+03 3.660000000000000142e+00 2.099999999999999922e-01 1.500000000000000000e+02
1.114160589771744814e+00 1.000000000000000000e+00 1.000000000000000000e+00 1.000000000000000000e+00 4.456000000000000000e+03 3.669999999999999929e+00 3.499999999999999778e-01 1.520000000000000000e+02
1.125307557109835210e+00 0.000000000000000000e+00 1.000000000000000000e+00 1.000000000000000000e+00 4.456000000000000000e+03 3.669999999999999929e+00 3.499999999999999778e-01 1.440000000000000000e+02
4.363124924319448650e-01 1.000000000000000000e+00 1.000000000000000000e+00 1.000000000000000000e+00 3.634000000000000000e+03 3.540000000000000036e+00 -3.200000000000000067e-01 1.480000000000000000e+02
2.221108681561880516e-01 0.000000000000000000e+00 1.000000000000000000e+00 1.000000000000000000e+00 3.226000000000000000e+03 3.379999999999999893e+00 -6.600000000000000311e-01 1.590000000000000000e+02
3.586615653230306178e-01 0.000000000000000000e+00 1.000000000000000000e+00 1.000000000000000000e+00 3.634000000000000000e+03 3.540000000000000036e+00 -3.200000000000000067e-01 1.440000000000000000e+02
1.209304968730295693e+00 0.000000000000000000e+00 1.000000000000000000e+00 1.000000000000000000e+00 4.529000000000000000e+03 3.680000000000000160e+00 4.099999999999999756e-01 1.530000000000000000e+02
2.679371673136315413e-01 1.000000000000000000e+00 1.000000000000000000e+00 1.000000000000000000e+00 3.428000000000000000e+03 3.479999999999999982e+00 -4.799999999999999822e-01 1.540000000000000000e+02
1.184549788626596323e+00 0.000000000000000000e+00 1.000000000000000000e+00 1.000000000000000000e+00 4.529000000000000000e+03 3.680000000000000160e+00 4.099999999999999756e-01 1.460000000000000000e+02
1.192124495831751618e+00 0.000000000000000000e+00 1.000000000000000000e+00 1.000000000000000000e+00 4.529000000000000000e+03 3.680000000000000160e+00 4.099999999999999756e-01 1.400000000000000000e+02
6.608694181573542270e-01 0.000000000000000000e+00 1.000000000000000000e+00 1.000000000000000000e+00 4.078000000000000000e+03 3.629999999999999893e+00 4.000000000000000083e-02 1.400000000000000000e+02
4.077803798301797289e-01 0.000000000000000000e+00 1.000000000000000000e+00 1.000000000000000000e+00 3.634000000000000000e+03 3.540000000000000036e+00 -3.200000000000000067e-01 1.550000000000000000e+02
1.151747324850940002e+00 0.000000000000000000e+00 1.000000000000000000e+00 1.000000000000000000e+00 4.529000000000000000e+03 3.680000000000000160e+00 4.099999999999999756e-01 1.550000000000000000e+02
4.313081475490971872e-01 0.000000000000000000e+00 1.000000000000000000e+00 1.000000000000000000e+00 3.634000000000000000e+03 3.540000000000000036e+00 -3.200000000000000067e-01 1.570000000000000000e+02
4.329790364701461836e-01 0.000000000000000000e+00 1.000000000000000000e+00 1.000000000000000000e+00 3.634000000000000000e+03 3.540000000000000036e+00 -3.200000000000000067e-01 1.510000000000000000e+02
4.493614377630752443e-01 0.000000000000000000e+00 1.000000000000000000e+00 1.000000000000000000e+00 3.634000000000000000e+03 3.540000000000000036e+00 -3.200000000000000067e-01 1.460000000000000000e+02
1.123340853472704293e+00 0.000000000000000000e+00 1.000000000000000000e+00 1.000000000000000000e+00 4.456000000000000000e+03 3.669999999999999929e+00 3.499999999999999778e-01 1.430000000000000000e+02
2.715884413297293687e-01 0.000000000000000000e+00 1.000000000000000000e+00 1.000000000000000000e+00 3.428000000000000000e+03 3.479999999999999982e+00 -4.799999999999999822e-01 1.520000000000000000e+02
1.114204115708886444e+00 0.000000000000000000e+00 1.000000000000000000e+00 1.000000000000000000e+00 4.456000000000000000e+03 3.669999999999999929e+00 3.499999999999999778e-01 1.460000000000000000e+02
1.117533132325276846e+00 0.000000000000000000e+00 1.000000000000000000e+00 1.000000000000000000e+00 4.456000000000000000e+03 3.669999999999999929e+00 3.499999999999999778e-01 1.420000000000000000e+02
2.366835155881757136e-01 1.000000000000000000e+00 1.000000000000000000e+00 1.000000000000000000e+00 3.226000000000000000e+03 3.379999999999999893e+00 -6.600000000000000311e-01 1.560000000000000000e+02
3.749696986566782853e-01 0.000000000000000000e+00 1.000000000000000000e+00 1.000000000000000000e+00 3.634000000000000000e+03 3.540000000000000036e+00 -3.200000000000000067e-01 1.430000000000000000e+02
2.510822308403872771e-01 0.000000000000000000e+00 1.000000000000000000e+00 1.000000000000000000e+00 3.428000000000000000e+03 3.479999999999999982e+00 -4.799999999999999822e-01 1.570000000000000000e+02
5.887099833542332877e-02 0.000000000000000000e+00 1.000000000000000000e+00 1.000000000000000000e+00 2.864000000000000000e+03 3.520000000000000018e+00 -1.530000000000000027e+00 1.440000000000000000e+02
2.893445090460280977e-01 0.000000000000000000e+00 1.000000000000000000e+00 1.000000000000000000e+00 3.428000000000000000e+03 3.479999999999999982e+00 -4.799999999999999822e-01 1.520000000000000000e+02
