1.074297392059595735e+00 7.462413002637214854e-01 1.000000000000000000e+00 6.627148876793738097e-01 2.135867091103193616e+00 4.456000000000000000e+03 3.669999999999999929e+00 3.499999999999999778e-01
9.757519051647246533e-01 9.896635705470543387e-01 1.000000000000000000e+00 3.849050764168708838e-01 5.203220949151627472e+00 4.377000000000000000e+03 3.660000000000000142e+00 2.800000000000000266e-01
2.387847217154167798e-02 2.345975287991487468e-01 1.000000000000000000e+00 4.205539134346455432e-01 5.257067324358486893e+00 2.598000000000000000e+03 3.589999999999999858e+00 -2.250000000000000000e+00
5.780441716795757801e-01 1.641643956419269745e-01 1.000000000000000000e+00 5.831769511223223734e-01 5.839165817500590272e+00 3.955000000000000000e+03 3.620000000000000107e+00 -7.000000000000000666e-02
2.538852293014325356e-01 6.390795357308073354e-01 1.000000000000000000e+00 7.659879113136232043e-01 2.080020649272371180e+00 3.428000000000000000e+03 3.479999999999999982e+00 -4.799999999999999822e-01
2.673680121837672119e-01 7.301470173113697726e-01 1.000000000000000000e+00 3.099419004880461515e-01 6.459712133707766313e+00 3.428000000000000000e+03 3.479999999999999982e+00 -4.799999999999999822e-01
1.963923936355066180e-01 9.908841484522148413e-01 1.000000000000000000e+00 3.982085825255364808e-01 5.294472095874704465e+00 3.226000000000000000e+03 3.379999999999999893e+00 -6.600000000000000311e-01
2.277870319923972209e-01 2.834377729462665974e-01 1.000000000000000000e+00 9.184002998846746424e-01 8.508613225320896589e+00 3.226000000000000000e+03 3.379999999999999893e+00 -6.600000000000000311e-01
4.138806176754371569e-01 5.989319543172275662e-01 1.000000000000000000e+00 5.904339912490801368e-01 2.736457543888922928e+00 3.634000000000000000e+03 3.540000000000000036e+00 -3.200000000000000067e-01
9.289208225431602184e-01 5.726143475552006867e-01 1.000000000000000000e+00 5.250967339603384021e-01 5.242023793979065260e+00 4.290000000000000000e+03 3.660000000000000142e+00 2.099999999999999922e-01
8.864598127663700922e-01 5.989542653307798892e-01 1.000000000000000000e+00 2.794047136478952087e-01 5.096183881498719259e+00 4.290000000000000000e+03 3.660000000000000142e+00 2.099999999999999922e-01
3.953648427063123361e-01 3.082899075503319208e-01 1.000000000000000000e+00 7.736412685204474560e-02 3.401749029417533876e+00 3.634000000000000000e+03 3.540000000000000036e+00 -3.200000000000000067e-01
3.527838001412350599e-01 8.318121273155619777e-01 1.000000000000000000e+00 7.963172830074175534e-01 6.895564191811900834e+00 3.634000000000000000e+03 3.540000000000000036e+00 -3.200000000000000067e-01
1.074864880645362675e+00 4.597229122090517039e-01 1.000000000000000000e+00 2.063901735230202483e-01 6.141277820891238193e+00 4.456000000000000000e+03 3.669999999999999929e+00 3.499999999999999778e-01
5.401118447924021515e-01 8.390104635386727017e-01 1.000000000000000000e+00 7.924175349675008917e-01 6.263844271733944424e+00 3.802000000000000000e+03 3.589999999999999858e+00 -1.799999999999999933e-01
6.212012626363346834e-01 9.355659161140942315e-01 1.000000000000000000e+00 3.601358234369540501e-01 3.911662467435456314e+00 3.955000000000000000e+03 3.620000000000000107e+00 -7.000000000000000666e-02
1.053502625655208247e+00 5.744417689997953769e-01 1.000000000000000000e+00 2.973140167080979834e-01 5.942232698503977062e+00 4.456000000000000000e+03 3.669999999999999929e+00 3.499999999999999778e-01
1.185203730953918733e+00 7.726652071375559316e-01 1.000000000000000000e+00 2.602718651878690448e-01 6.474001632563311404e+00 4.529000000000000000e+03 3.680000000000000160e+00 4.099999999999999756e-01
2.344993877152135378e-02 7.163137484002817246e-01 1.000000000000000000e+00 3.885054454146446012e-01 9.505185074519738819e+00 2.598000000000000000e+03 3.589999999999999858e+00 -2.250000000000000000e+00
9.625969188710444824e-01 6.996888657425182068e-02 1.000000000000000000e+00 4.420945664512111462e-01 5.942618714698239657e+00 4.377000000000000000e+03 3.660000000000000142e+00 2.800000000000000266e-01
2.328028804753559111e-01 5.843626307651716978e-02 1.000000000000000000e+00 2.519499169569294761e-02 7.118629237886086258e+00 3.226000000000000000e+03 3.379999999999999893e+00 -6.600000000000000311e-01
6.084203288857835679e-01 9.132827969430716841e-01 1.000000000000000000e+00 5.341071313485370453e-01 4.476836159647738178e+00 3.955000000000000000e+03 3.620000000000000107e+00 -7.000000000000000666e-02
1.207638556465027824e+00 7.916673702960576042e-01 1.000000000000000000e+00 3.307652143715105186e-01 4.403702521100691492e+00 4.529000000000000000e+03 3.680000000000000160e+00 4.099999999999999756e-01
7.796642604096093443e-01 5.253315600724368650e-01 1.000000000000000000e+00 4.048638373365180954e-01 4.410006807120987027e+00 4.192000000000000000e+03 3.649999999999999911e+00 1.300000000000000044e-01
1.916997118824693980e-01 9.806685204518406085e-02 1.000000000000000000e+00 1.069662279587142439e-01 4.063387603296227724e+00 3.226000000000000000e+03 3.379999999999999893e+00 -6.600000000000000311e-01
4.047355156836880408e-01 3.074980628276002825e-01 1.000000000000000000e+00 4.125160097889786215e-01 4.195569872479341988e+00 3.634000000000000000e+03 3.540000000000000036e+00 -3.200000000000000067e-01
8.231962373272034839e-01 8.304220812629079518e-01 1.000000000000000000e+00 2.930369238517294139e-01 4.156301089800821913e+00 4.192000000000000000e+03 3.649999999999999911e+00 1.300000000000000044e-01
7.380504498882884956e-01 8.079647823715391253e-01 1.000000000000000000e+00 8.358185230594951109e-01 3.317808303065017839e+00 4.078000000000000000e+03 3.629999999999999893e+00 4.000000000000000083e-02
2.057491880727016831e+00 4.980203052458663793e-01 1.000000000000000000e+00 9.631557447022561780e-01 5.467054796552001328e+00 5.114462515963048645e+03 3.697999999999999954e+00 6.950243175887967695e+00
5.161843414941433839e-01 9.610995248486172704e-01 1.000000000000000000e+00 6.670091119640696453e-01 6.718388808302927728e+00 3.802000000000000000e+03 3.589999999999999858e+00 -1.799999999999999933e-01
5.337580118536268126e-01 2.569350639662864033e-01 1.000000000000000000e+00 4.042055814854759177e-01 9.349208024732620359e-01 3.802000000000000000e+03 3.589999999999999858e+00 -1.799999999999999933e-01
1.974504969629219675e-01 9.963049429574433180e-02 1.000000000000000000e+00 3.899880316980539607e-01 7.658750710439027998e+00 3.226000000000000000e+03 3.379999999999999893e+00 -6.600000000000000311e-01
7.345548991702502972e-01 9.972292707192788042e-01 1.000000000000000000e+00 4.332140061454350377e-01 4.315616010554943927e+00 4.078000000000000000e+03 3.629999999999999893e+00 4.000000000000000083e-02
1.034598392957397861e+00 4.394344977644750738e-01 1.000000000000000000e+00 3.873109225922789500e-01 1.530084111130438185e+00 4.377000000000000000e+03 3.660000000000000142e+00 2.800000000000000266e-01
1.952056034753216207e-01 3.193252495249613299e-01 1.000000000000000000e+00 1.859580678222345629e-01 1.094964525317773330e+00 3.226000000000000000e+03 3.379999999999999893e+00 -6.600000000000000311e-01
7.532150974708325952e-01 7.416696005784638723e-01 1.000000000000000000e+00 6.609391196413652025e-01 1.014569698286813804e+01 4.192000000000000000e+03 3.649999999999999911e+00 1.300000000000000044e-01
3.083021603056153581e-01 3.251684349394641238e-01 1.000000000000000000e+00 3.919473121530119286e-01 5.963929215184419874e+00 3.428000000000000000e+03 3.479999999999999982e+00 -4.799999999999999822e-01
9.550609302990054061e-01 4.600528709083753220e-01 1.000000000000000000e+00 1.757100997234047890e-01 7.102841364095679566e+00 4.377000000000000000e+03 3.660000000000000142e+00 2.800000000000000266e-01
3.452272471401969245e-01 8.995159558770138286e-01 1.000000000000000000e+00 8.172098891793642128e-01 3.214817307913075517e+00 3.428000000000000000e+03 3.479999999999999982e+00 -4.799999999999999822e-01
5.602740150735698865e-01 2.968856167830558057e-02 1.000000000000000000e+00 9.817977768150831785e-02 2.011380606793844006e+00 3.955000000000000000e+03 3.620000000000000107e+00 -7.000000000000000666e-02
5.037867278110579328e-01 2.506043609700486785e-01 1.000000000000000000e+00 4.330310907335191972e-01 7.391216460061517779e+00 3.802000000000000000e+03 3.589999999999999858e+00 -1.799999999999999933e-01
8.545721496700189324e-01 3.157829920362442699e-01 1.000000000000000000e+00 8.655964623719482054e-01 1.016348452713314643e+00 4.290000000000000000e+03 3.660000000000000142e+00 2.099999999999999922e-01
3.254239251615378969e-01 6.510563876727549770e-01 1.000000000000000000e+00 1.536783972912741936e-01 7.284084023870370572e+00 3.428000000000000000e+03 3.479999999999999982e+00 -4.799999999999999822e-01
2.500872697087836438e-01 7.115778142888876667e-01 1.000000000000000000e+00 5.072745603477893939e-01 5.124747231420156979e+00 3.428000000000000000e+03 3.479999999999999982e+00 -4.799999999999999822e-01
4.335822081645574477e-01 2.608434322970748509e-01 1.000000000000000000e+00 5.480158082509702933e-01 7.411490420026524362e+00 3.634000000000000000e+03 3.540000000000000036e+00 -3.200000000000000067e-01
1.075185903599135129e+00 6.625516233403152544e-01 1.000000000000000000e+00 9.540509726937855817e-01 2.906638618777871663e+00 4.456000000000000000e+03 3.669999999999999929e+00 3.499999999999999778e-01
4.050386713106584047e-01 2.945918133818220541e-01 1.000000000000000000e+00 4.623899889795733964e-01 5.218130830261099362e+00 3.634000000000000000e+03 3.540000000000000036e+00 -3.200000000000000067e-01
3.286744120257102386e-01 6.868416698465171777e-01 1.000000000000000000e+00 9.842983897546861982e-01 5.178208323734164509e+00 3.428000000000000000e+03 3.479999999999999982e+00 -4.799999999999999822e-01
2.001164576601048850e+00 7.652115178202071322e-01 1.000000000000000000e+00 9.127431729097186253e-01 2.235389847611127134e+00 5.089791592468074668e+03 3.698999999999999844e+00 6.591738952443212618e+00
5.216240319722896812e-01 2.943735233627462478e-01 1.000000000000000000e+00 5.451790080243037462e-01 6.960394271143020006e+00 3.802000000000000000e+03 3.589999999999999858e+00 -1.799999999999999933e-01
1.002443378111828709e+00 9.527084016695436253e-01 1.000000000000000000e+00 7.319352422573599526e-02 3.818114628471069416e+00 4.377000000000000000e+03 3.660000000000000142e+00 2.800000000000000266e-01
2.631089351390712983e-01 9.224431426125628830e-01 1.000000000000000000e+00 8.893173542492578409e-01 5.583629228151548496e+00 3.428000000000000000e+03 3.479999999999999982e+00 -4.799999999999999822e-01
2.403179499365054594e-01 3.829921908656475082e-02 1.000000000000000000e+00 9.672729773401255171e-01 4.919965066601089454e+00 3.226000000000000000e+03 3.379999999999999893e+00 -6.600000000000000311e-01
4.859607902420613468e-01 6.976150183220107825e-01 1.000000000000000000e+00 3.693784993182656073e-01 3.315750182553133918e+00 3.802000000000000000e+03 3.589999999999999858e+00 -1.799999999999999933e-01
8.342549486673801473e-01 3.456343842352905815e-01 1.000000000000000000e+00 7.239054489095571032e-01 1.014038745160967991e+01 4.192000000000000000e+03 3.649999999999999911e+00 1.300000000000000044e-01
8.621831353863579350e-01 4.636068951436861374e-01 1.000000000000000000e+00 6.950347086443176003e-02 5.424934836662119508e+00 4.290000000000000000e+03 3.660000000000000142e+00 2.099999999999999922e-01
6.054449845717994050e-01 5.598730164419977173e-01 1.000000000000000000e+00 1.612741527086347659e-03 8.467438156301273722e+00 3.955000000000000000e+03 3.620000000000000107e+00 -7.000000000000000666e-02
9.372310596556341356e-01 8.266464241974783578e-01 1.000000000000000000e+00 3.162019754230549484e-01 3.293461076003288746e+00 4.290000000000000000e+03 3.660000000000000142e+00 2.099999999999999922e-01
4.488811949896295839e-01 7.847776917588770162e-01 1.000000000000000000e+00 4.701957133957850310e-01 2.110650172011311998e+00 3.634000000000000000e+03 3.540000000000000036e+00 -3.200000000000000067e-01
9.043734086391733706e-01 1.634443348956069464e-01 1.000000000000000000e+00 3.809785630417552582e-01 1.754435251524291584e+00 4.290000000000000000e+03 3.660000000000000142e+00 2.099999999999999922e-01
2.001474570969990485e-01 2.848929539564398761e-01 1.000000000000000000e+00 2.538884941084043056e-01 2.919412095262518658e+00 3.226000000000000000e+03 3.379999999999999893e+00 -6.600000000000000311e-01
1.246104646811835748e+00 1.124397494697779720e-01 1.000000000000000000e+00 3.556450729776371444e-01 7.005087035470688228e+00 4.529000000000000000e+03 3.680000000000000160e+00 4.099999999999999756e-01
6.926504056109560048e-02 3.093268246781852859e-01 1.000000000000000000e+00 3.248490722225717553e-01 3.399299529327452163e+00 2.897000000000000000e+03 3.490000000000000213e+00 -1.409999999999999920e+00
7.245935308575020273e-02 4.271285585977020460e-01 1.000000000000000000e+00 9.166950971699067141e-01 3.668428014289568218e+00 2.896000000000000000e+03 3.479999999999999982e+00 -1.389999999999999902e+00
3.021654856562240865e-01 6.965091121733383295e-01 1.000000000000000000e+00 7.704846514224983345e-01 5.500068278455092496e+00 3.428000000000000000e+03 3.479999999999999982e+00 -4.799999999999999822e-01
