# # chi square, temperature, log(g), normalization
2.693622675101229902e+02 3.700000000000000000e+03 3.500000000000000000e+00 1.401807331827820136e+00
1.015455069995683601e+02 3.800000000000000000e+03 3.500000000000000000e+00 1.170795572430123777e+00
6.599596983094737368e+01 3.900000000000000000e+03 3.500000000000000000e+00 1.004289663575488989e+00
1.151833326191867002e+02 4.000000000000000000e+03 3.500000000000000000e+00 8.658366207904450995e-01
2.380398029348187947e+02 4.100000000000000000e+03 3.500000000000000000e+00 7.523500566325320715e-01
3.827491143239944336e+02 4.200000000000000000e+03 3.500000000000000000e+00 6.694719135798266052e-01
5.738928158504078283e+02 4.300000000000000000e+03 3.500000000000000000e+00 5.878202978434703407e-01
7.628027723153999204e+02 4.400000000000000000e+03 3.500000000000000000e+00 5.220402814031895877e-01
9.170081366563947540e+02 4.500000000000000000e+03 3.500000000000000000e+00 4.680210309526173229e-01
1.061280099906380883e+03 4.600000000000000000e+03 3.500000000000000000e+00 4.196090960708989126e-01
1.196235887260989557e+03 4.700000000000000000e+03 3.500000000000000000e+00 3.806898682959244384e-01
1.315000974159903080e+03 4.800000000000000000e+03 3.500000000000000000e+00 3.448446212510747344e-01
1.435279900090835781e+03 4.900000000000000000e+03 3.500000000000000000e+00 3.150669358041870982e-01
1.975567981682924881e+02 3.700000000000000000e+03 4.000000000000000000e+00 1.325385897955697168e+00
1.070285862304205864e+02 3.800000000000000000e+03 4.000000000000000000e+00 1.138317533555998740e+00
9.608927101066458931e+01 3.900000000000000000e+03 4.000000000000000000e+00 9.860085696862010973e-01
1.480286493982528384e+02 4.000000000000000000e+03 4.000000000000000000e+00 8.503316989923939140e-01
2.597278924737624948e+02 4.100000000000000000e+03 4.000000000000000000e+00 7.367025473273193237e-01
3.881974643485754086e+02 4.200000000000000000e+03 4.000000000000000000e+00 6.531939306710989879e-01
5.565694672442200499e+02 4.300000000000000000e+03 4.000000000000000000e+00 5.801511287641780701e-01
7.316996315804933602e+02 4.400000000000000000e+03 4.000000000000000000e+00 5.185128953744563285e-01
9.055939443314218806e+02 4.500000000000000000e+03 4.000000000000000000e+00 4.625433099930718051e-01
1.059295513688323581e+03 4.600000000000000000e+03 4.000000000000000000e+00 4.148746047035187789e-01
1.194469427010280924e+03 4.700000000000000000e+03 4.000000000000000000e+00 3.751292151961746479e-01
1.327470404025184507e+03 4.800000000000000000e+03 4.000000000000000000e+00 3.401515063285449614e-01
1.453037311610433335e+03 4.900000000000000000e+03 4.000000000000000000e+00 3.099371557996243864e-01
