# # chi square, temperature, log(g), normalization
1.279337621058887322e+02 4.200000000000000000e+03 3.500000000000000000e+00 1.518742153559083707e+00
6.244465682860901268e+01 4.300000000000000000e+03 3.500000000000000000e+00 1.321851127643005164e+00
3.400965153182516332e+01 4.400000000000000000e+03 3.500000000000000000e+00 1.165796865902855473e+00
2.636828633622561213e+01 4.500000000000000000e+03 3.500000000000000000e+00 1.040228508315961031e+00
2.959722230584565139e+01 4.600000000000000000e+03 3.500000000000000000e+00 9.291623810109472803e-01
3.939801842499413453e+01 4.700000000000000000e+03 3.500000000000000000e+00 8.402915397975049272e-01
5.268609232448426383e+01 4.800000000000000000e+03 3.500000000000000000e+00 7.591132538041199807e-01
6.983819463325575327e+01 4.900000000000000000e+03 3.500000000000000000e+00 6.920412197025176404e-01
8.778610651980986290e+01 5.000000000000000000e+03 3.500000000000000000e+00 6.323094178182013803e-01
1.088250497383841804e+02 5.100000000000000000e+03 3.500000000000000000e+00 5.807374735168768787e-01
1.307713239229147746e+02 5.200000000000000000e+03 3.500000000000000000e+00 5.337028558517845633e-01
1.532626825787088762e+02 5.300000000000000000e+03 3.500000000000000000e+00 4.929290901038211326e-01
1.752424325046318074e+02 5.400000000000000000e+03 3.500000000000000000e+00 4.568499199918335529e-01
1.240516833454736627e+02 4.200000000000000000e+03 4.000000000000000000e+00 1.494833043064152323e+00
6.127581473865520678e+01 4.300000000000000000e+03 4.000000000000000000e+00 1.316885082646807037e+00
3.051559792087341449e+01 4.400000000000000000e+03 4.000000000000000000e+00 1.169147919926722512e+00
2.122053571385280435e+01 4.500000000000000000e+03 4.000000000000000000e+00 1.037134343655188085e+00
2.532578826668793681e+01 4.600000000000000000e+03 4.000000000000000000e+00 9.264071241732428907e-01
3.684188272808727049e+01 4.700000000000000000e+03 4.000000000000000000e+00 8.349729986818419381e-01
5.372368719043507923e+01 4.800000000000000000e+03 4.000000000000000000e+00 7.548911914378259036e-01
7.356689545324007895e+01 4.900000000000000000e+03 4.000000000000000000e+00 6.862721497121930803e-01
9.609531770556752406e+01 5.000000000000000000e+03 4.000000000000000000e+00 6.258394938041580424e-01
1.197658253080301876e+02 5.100000000000000000e+03 4.000000000000000000e+00 5.742744292088698410e-01
1.415709395610610670e+02 5.200000000000000000e+03 4.000000000000000000e+00 5.301623348208560627e-01
1.674248554191929372e+02 5.300000000000000000e+03 4.000000000000000000e+00 4.884007131199261109e-01
1.924862803649566558e+02 5.400000000000000000e+03 4.000000000000000000e+00 4.528567491239085530e-01
