# # chi square, temperature, log(g), normalization
8.803917607016927604e+02 2.600000000000000000e+03 3.500000000000000000e+00 1.737258480031514507e+00
3.759635733662489656e+02 2.700000000000000000e+03 3.500000000000000000e+00 1.282555451647328315e+00
3.284464933451226898e+02 2.800000000000000000e+03 3.500000000000000000e+00 9.980387125581799967e-01
7.860384176467911175e+02 2.900000000000000000e+03 3.500000000000000000e+00 7.772428909973551070e-01
1.628375496796431207e+03 3.000000000000000000e+03 3.500000000000000000e+00 6.252880386811405788e-01
3.520505009669130686e+03 3.100000000000000000e+03 3.500000000000000000e+00 5.189905556113738605e-01
5.125885012474240284e+03 3.200000000000000000e+03 3.500000000000000000e+00 4.381659028805034439e-01
7.752144146164459926e+03 3.300000000000000000e+03 3.500000000000000000e+00 3.711742460013641165e-01
1.275486121089261360e+04 3.400000000000000000e+03 3.500000000000000000e+00 3.162951897526138367e-01
1.927861480050829050e+04 3.500000000000000000e+03 3.500000000000000000e+00 2.745439486613194813e-01
3.204064889118274004e+04 3.600000000000000000e+03 3.500000000000000000e+00 2.373530605617000799e-01
4.803611706123247859e+04 3.700000000000000000e+03 3.500000000000000000e+00 2.084388540640471355e-01
7.547188534047646681e+04 3.800000000000000000e+03 3.500000000000000000e+00 1.808070491520891998e-01
1.402366703437397746e+03 2.600000000000000000e+03 4.000000000000000000e+00 1.611981709024945308e+00
9.334936611214977802e+02 2.700000000000000000e+03 4.000000000000000000e+00 1.215726965573412865e+00
1.024820780089560913e+03 2.800000000000000000e+03 4.000000000000000000e+00 9.271253783063609921e-01
1.843634218852785125e+03 2.900000000000000000e+03 4.000000000000000000e+00 7.253846877306279195e-01
3.275454084292980951e+03 3.000000000000000000e+03 4.000000000000000000e+00 5.908537518762959628e-01
6.320402011675112590e+03 3.100000000000000000e+03 4.000000000000000000e+00 4.891580567255299217e-01
9.608031095111693503e+03 3.200000000000000000e+03 4.000000000000000000e+00 4.092498658050240934e-01
1.393411449677480596e+04 3.300000000000000000e+03 4.000000000000000000e+00 3.473768451922040756e-01
2.085783914284878483e+04 3.400000000000000000e+03 4.000000000000000000e+00 2.987838969999864203e-01
3.024507540946260997e+04 3.500000000000000000e+03 4.000000000000000000e+00 2.562409628072395695e-01
4.320889936664596462e+04 3.600000000000000000e+03 4.000000000000000000e+00 2.240928697080727949e-01
5.941079206696657639e+04 3.700000000000000000e+03 4.000000000000000000e+00 1.968479173725844467e-01
8.128459196261425677e+04 3.800000000000000000e+03 4.000000000000000000e+00 1.737080733521960685e-01
