# # chi square, temperature, log(g), normalization
8.278246520186016824e+02 2.600000000000000000e+03 3.500000000000000000e+00 1.697043895889219112e+00
3.618364417742847081e+02 2.700000000000000000e+03 3.500000000000000000e+00 1.254454437095082309e+00
3.784947273456685934e+02 2.800000000000000000e+03 3.500000000000000000e+00 9.770121387021786230e-01
9.243536286901369294e+02 2.900000000000000000e+03 3.500000000000000000e+00 7.614370045780451957e-01
1.871786463184807417e+03 3.000000000000000000e+03 3.500000000000000000e+00 6.131445545059298619e-01
3.930091531563232365e+03 3.100000000000000000e+03 3.500000000000000000e+00 5.093066417276503888e-01
5.660177478921217698e+03 3.200000000000000000e+03 3.500000000000000000e+00 4.302097478526779595e-01
8.463104615593267226e+03 3.300000000000000000e+03 3.500000000000000000e+00 3.646140867994112078e-01
1.373374115153835010e+04 3.400000000000000000e+03 3.500000000000000000e+00 3.109228816062803435e-01
2.054124507982072828e+04 3.500000000000000000e+03 3.500000000000000000e+00 2.700138587265478174e-01
3.369324013506760821e+04 3.600000000000000000e+03 3.500000000000000000e+00 2.335672480495434855e-01
5.004244017379946308e+04 3.700000000000000000e+03 3.500000000000000000e+00 2.052403243449471559e-01
7.810298482089828758e+04 3.800000000000000000e+03 3.500000000000000000e+00 1.781813408328701276e-01
1.427072484090630496e+03 2.600000000000000000e+03 4.000000000000000000e+00 1.578483406343719420e+00
1.043602448749976929e+03 2.700000000000000000e+03 4.000000000000000000e+00 1.191938845902194011e+00
1.246552837024304381e+03 2.800000000000000000e+03 4.000000000000000000e+00 9.096356569949071158e-01
2.233091823783805012e+03 2.900000000000000000e+03 4.000000000000000000e+00 7.122825689943473870e-01
3.841639262546538703e+03 3.000000000000000000e+03 4.000000000000000000e+00 5.806714222221763810e-01
7.154883762981554355e+03 3.100000000000000000e+03 4.000000000000000000e+00 4.810273628732665285e-01
1.068509731675756302e+04 3.200000000000000000e+03 4.000000000000000000e+00 4.026519928166842899e-01
1.527417610184758632e+04 3.300000000000000000e+03 4.000000000000000000e+00 3.419103497598128261e-01
2.255400172764275703e+04 3.400000000000000000e+03 4.000000000000000000e+00 2.941413699428582218e-01
3.232637957308442128e+04 3.500000000000000000e+03 4.000000000000000000e+00 2.523634376759557041e-01
4.578334563773243281e+04 3.600000000000000000e+03 4.000000000000000000e+00 2.208508056857201307e-01
6.249000606377017539e+04 3.700000000000000000e+03 4.000000000000000000e+00 1.940732726843578948e-01
8.497209150102821877e+04 3.800000000000000000e+03 4.000000000000000000e+00 1.713275247978312821e-01
