# # chi square, temperature, log(g), normalization
6.426126616287598381e+02 3.300000000000000000e+03 3.500000000000000000e+00 1.748057022130236726e+00
3.816068772170032730e+02 3.400000000000000000e+03 3.500000000000000000e+00 1.464675408607768681e+00
2.146212546964371199e+02 3.500000000000000000e+03 3.500000000000000000e+00 1.250703245080149184e+00
1.021663825381221500e+02 3.600000000000000000e+03 3.500000000000000000e+00 1.057656412512699706e+00
1.495383457709150434e+02 3.700000000000000000e+03 3.500000000000000000e+00 9.106256856504810759e-01
4.521786692995187877e+02 3.800000000000000000e+03 3.500000000000000000e+00 7.701972516591709672e-01
9.128858898694983282e+02 3.900000000000000000e+03 3.500000000000000000e+00 6.672980261986911632e-01
1.504871132491087565e+03 4.000000000000000000e+03 3.500000000000000000e+00 5.804292056894697627e-01
2.250770952899977601e+03 4.100000000000000000e+03 3.500000000000000000e+00 5.085615908070949542e-01
2.938161702441621856e+03 4.200000000000000000e+03 3.500000000000000000e+00 4.553424437623188603e-01
3.743124929859504846e+03 4.300000000000000000e+03 3.500000000000000000e+00 4.023012403133288672e-01
4.469477676151293963e+03 4.400000000000000000e+03 3.500000000000000000e+00 3.589300189621190684e-01
5.045178034454083900e+03 4.500000000000000000e+03 3.500000000000000000e+00 3.229190176883454666e-01
4.612336543910562909e+02 3.300000000000000000e+03 4.000000000000000000e+00 1.620732908733482747e+00
2.884664106446286382e+02 3.400000000000000000e+03 4.000000000000000000e+00 1.373313998851787732e+00
2.082663594912260692e+02 3.500000000000000000e+03 4.000000000000000000e+00 1.159623785026137943e+00
2.305164711079989956e+02 3.600000000000000000e+03 4.000000000000000000e+00 9.974990734894919608e-01
3.707811508733316828e+02 3.700000000000000000e+03 4.000000000000000000e+00 8.616258128438405439e-01
6.726929330191589997e+02 3.800000000000000000e+03 4.000000000000000000e+00 7.469096090693398970e-01
1.074476486678610399e+03 3.900000000000000000e+03 4.000000000000000000e+00 6.519800335692520488e-01
1.618022373325283297e+03 4.000000000000000000e+03 4.000000000000000000e+00 5.666149344105555485e-01
2.282732077189372376e+03 4.100000000000000000e+03 4.000000000000000000e+00 4.945910387632869165e-01
2.891005935777313880e+03 4.200000000000000000e+03 4.000000000000000000e+00 4.409511889404660878e-01
3.601117965896100031e+03 4.300000000000000000e+03 4.000000000000000000e+00 3.938240341310942916e-01
4.288268542390268522e+03 4.400000000000000000e+03 4.000000000000000000e+00 3.536624477775237585e-01
4.932737648510588770e+03 4.500000000000000000e+03 4.000000000000000000e+00 3.167149762573843175e-01
