# # chi square, temperature, log(g), normalization
1.114828474348213376e+03 2.600000000000000000e+03 3.500000000000000000e+00 2.144333786589264879e+00
5.231870322477999480e+02 2.700000000000000000e+03 3.500000000000000000e+00 1.579725618810031929e+00
3.037374966605819964e+02 2.800000000000000000e+03 3.500000000000000000e+00 1.227012757910042495e+00
4.660186788464294523e+02 2.900000000000000000e+03 3.500000000000000000e+00 9.541151717689071443e-01
9.540623741988927122e+02 3.000000000000000000e+03 3.500000000000000000e+00 7.669164199812186222e-01
2.152511940028034587e+03 3.100000000000000000e+03 3.500000000000000000e+00 6.359161366896398659e-01
3.232255945752813204e+03 3.200000000000000000e+03 3.500000000000000000e+00 5.365346016076584235e-01
5.029229946528101209e+03 3.300000000000000000e+03 3.500000000000000000e+00 4.541413352573653306e-01
8.480617464091617876e+03 3.400000000000000000e+03 3.500000000000000000e+00 3.867789882923459155e-01
1.300387100303142506e+04 3.500000000000000000e+03 3.500000000000000000e+00 3.354066439290502299e-01
2.181512890300309664e+04 3.600000000000000000e+03 3.500000000000000000e+00 2.896080267738948000e-01
3.285438891824064922e+04 3.700000000000000000e+03 3.500000000000000000e+00 2.541071046336548789e-01
5.180355017612639494e+04 3.800000000000000000e+03 3.500000000000000000e+00 2.201786396146454272e-01
1.628336138637667773e+03 2.600000000000000000e+03 4.000000000000000000e+00 1.992061434572149459e+00
1.065983296136532999e+03 2.700000000000000000e+03 4.000000000000000000e+00 1.499373730498449131e+00
9.806710441714545823e+02 2.800000000000000000e+03 4.000000000000000000e+00 1.141858984670400146e+00
1.408424968164751817e+03 2.900000000000000000e+03 4.000000000000000000e+00 8.919859153693784348e-01
2.331113352086875238e+03 3.000000000000000000e+03 4.000000000000000000e+00 7.258873010440395346e-01
4.370562815330294143e+03 3.100000000000000000e+03 4.000000000000000000e+00 6.001753245725581776e-01
6.655410996120878735e+03 3.200000000000000000e+03 4.000000000000000000e+00 5.016739372757923476e-01
9.675522328750526867e+03 3.300000000000000000e+03 4.000000000000000000e+00 4.254402995602301063e-01
1.453483679663123075e+04 3.400000000000000000e+03 4.000000000000000000e+00 3.656378105484562324e-01
2.109722812803488341e+04 3.500000000000000000e+03 4.000000000000000000e+00 3.132844364788013869e-01
3.014969896068125308e+04 3.600000000000000000e+03 4.000000000000000000e+00 2.737284626842530488e-01
4.143305781857902912e+04 3.700000000000000000e+03 4.000000000000000000e+00 2.402184689068715406e-01
5.660883418510502088e+04 3.800000000000000000e+03 4.000000000000000000e+00 2.117254824118922074e-01
