# # chi square, temperature, log(g), normalization
1.263392729281275848e+02 4.000000000000000000e+03 3.500000000000000000e+00 1.321415878491565277e+00
5.729875098593330307e+01 4.100000000000000000e+03 3.500000000000000000e+00 1.139899675530710921e+00
4.395327640780023160e+01 4.200000000000000000e+03 3.500000000000000000e+00 1.009037609749480424e+00
6.354868385631148442e+01 4.300000000000000000e+03 3.500000000000000000e+00 8.813077568258939065e-01
1.038494600119451832e+02 4.400000000000000000e+03 3.500000000000000000e+00 7.795435031115119928e-01
1.464299553677436165e+02 4.500000000000000000e+03 3.500000000000000000e+00 6.969728019854245504e-01
1.922896001187350237e+02 4.600000000000000000e+03 3.500000000000000000e+00 6.234334648667011480e-01
2.399089892886658788e+02 4.700000000000000000e+03 3.500000000000000000e+00 5.646105923930042625e-01
2.843630317640324279e+02 4.800000000000000000e+03 3.500000000000000000e+00 5.107207917247456042e-01
3.313637943614481287e+02 4.900000000000000000e+03 3.500000000000000000e+00 4.659668797475595703e-01
3.760701866883615594e+02 5.000000000000000000e+03 3.500000000000000000e+00 4.260684609830905356e-01
4.239803726450143699e+02 5.100000000000000000e+03 3.500000000000000000e+00 3.916883582151657883e-01
4.705490156421779488e+02 5.200000000000000000e+03 3.500000000000000000e+00 3.601833974586456377e-01
1.136773083492773821e+02 4.000000000000000000e+03 4.000000000000000000e+00 1.302655574843117448e+00
5.456585085837483007e+01 4.100000000000000000e+03 4.000000000000000000e+00 1.121677793090679165e+00
4.259628889942161578e+01 4.200000000000000000e+03 4.000000000000000000e+00 9.897586551358648066e-01
5.719266102240204219e+01 4.300000000000000000e+03 4.000000000000000000e+00 8.747845935743057133e-01
9.255841410092860144e+01 4.400000000000000000e+03 4.000000000000000000e+00 7.788793226588212049e-01
1.402746678551134494e+02 4.500000000000000000e+03 4.000000000000000000e+00 6.925053374154899188e-01
1.904524547106228454e+02 4.600000000000000000e+03 4.000000000000000000e+00 6.197630520933049558e-01
2.388573400244729896e+02 4.700000000000000000e+03 4.000000000000000000e+00 5.592599505694738626e-01
2.900949086266053314e+02 4.800000000000000000e+03 4.000000000000000000e+00 5.063037802797886178e-01
3.415494623506437506e+02 4.900000000000000000e+03 4.000000000000000000e+00 4.607404763229375200e-01
3.939849643002203265e+02 5.000000000000000000e+03 4.000000000000000000e+00 4.205453694833009570e-01
4.447378393901109348e+02 5.100000000000000000e+03 4.000000000000000000e+00 3.862239417082627968e-01
4.885872152193441025e+02 5.200000000000000000e+03 4.000000000000000000e+00 3.567302995197649262e-01
