# # chi square, temperature, log(g), normalization
2.042489589723753340e+02 3.100000000000000000e+03 3.500000000000000000e+00 1.517147337155177800e+00
2.146507052348684113e+02 3.200000000000000000e+03 3.500000000000000000e+00 1.273441626975032825e+00
3.496901638518616551e+02 3.300000000000000000e+03 3.500000000000000000e+00 1.072164887428157298e+00
7.726915340740504234e+02 3.400000000000000000e+03 3.500000000000000000e+00 9.073199353244236764e-01
1.473024511318978284e+03 3.500000000000000000e+03 3.500000000000000000e+00 7.819106452060631263e-01
3.064818845811301799e+03 3.600000000000000000e+03 3.500000000000000000e+00 6.697517293341416211e-01
5.235918146176940354e+03 3.700000000000000000e+03 3.500000000000000000e+00 5.833470199445339732e-01
9.224952110313211961e+03 3.800000000000000000e+03 3.500000000000000000e+00 5.007621946192767348e-01
1.363340828048950789e+04 3.900000000000000000e+03 3.500000000000000000e+00 4.392217409804982653e-01
1.853114197660325954e+04 4.000000000000000000e+03 3.500000000000000000e+00 3.863526825571997891e-01
2.420906434935374273e+04 4.100000000000000000e+03 3.500000000000000000e+00 3.421990534240174076e-01
2.918651284974973896e+04 4.200000000000000000e+03 3.500000000000000000e+00 3.088567029234374761e-01
3.486478676248012198e+04 4.300000000000000000e+03 3.500000000000000000e+00 2.750643376102161475e-01
5.060037729518471679e+02 3.100000000000000000e+03 4.000000000000000000e+00 1.425800655872356826e+00
7.308351276562917747e+02 3.200000000000000000e+03 4.000000000000000000e+00 1.184876816872736160e+00
1.153440493717064555e+03 3.300000000000000000e+03 4.000000000000000000e+00 1.000411797747134290e+00
1.975137486886345187e+03 3.400000000000000000e+03 4.000000000000000000e+00 8.556310875484010037e-01
3.208696161789688176e+03 3.500000000000000000e+03 4.000000000000000000e+00 7.294774411486830701e-01
5.051928483889632844e+03 3.600000000000000000e+03 4.000000000000000000e+00 6.339530212051429636e-01
7.447691905745981785e+03 3.700000000000000000e+03 4.000000000000000000e+00 5.531678005244218266e-01
1.080362188345128925e+04 3.800000000000000000e+03 4.000000000000000000e+00 4.846345587828683188e-01
1.445565339621828753e+04 3.900000000000000000e+03 4.000000000000000000e+00 4.269727674697230690e-01
1.889474138794571627e+04 4.000000000000000000e+03 4.000000000000000000e+00 3.747686754520143104e-01
2.394644247414595884e+04 4.100000000000000000e+03 4.000000000000000000e+00 3.302444355127753806e-01
2.838128599926775860e+04 4.200000000000000000e+03 4.000000000000000000e+00 2.965547191236464486e-01
3.340635798353800055e+04 4.300000000000000000e+03 4.000000000000000000e+00 2.667733015508926830e-01
