# # chi square, temperature, log(g), normalization
8.033726189879504886e+01 4.200000000000000000e+03 3.500000000000000000e+00 1.304048910942527728e+00
4.040003857073808291e+01 4.300000000000000000e+03 3.500000000000000000e+00 1.136162606946025777e+00
3.206560683950850432e+01 4.400000000000000000e+03 3.500000000000000000e+00 1.002915905886112791e+00
3.921421888382188570e+01 4.500000000000000000e+03 3.500000000000000000e+00 8.953126547206519126e-01
5.529021763155808600e+01 4.600000000000000000e+03 3.500000000000000000e+00 8.001431498061537528e-01
7.622167571123216590e+01 4.700000000000000000e+03 3.500000000000000000e+00 7.238497428685853885e-01
9.865407777099301256e+01 4.800000000000000000e+03 3.500000000000000000e+00 6.542328828562349319e-01
1.245583231377777480e+02 4.900000000000000000e+03 3.500000000000000000e+00 5.966214270955521037e-01
1.501935444156822825e+02 5.000000000000000000e+03 3.500000000000000000e+00 5.451870233634413809e-01
1.788495348973891623e+02 5.100000000000000000e+03 3.500000000000000000e+00 5.009409193871011690e-01
2.078167805467571441e+02 5.200000000000000000e+03 3.500000000000000000e+00 4.603372232115124918e-01
2.367084688018786949e+02 5.300000000000000000e+03 3.500000000000000000e+00 4.253399069988476056e-01
2.645098083966203717e+02 5.400000000000000000e+03 3.500000000000000000e+00 3.942286277678047068e-01
7.627619193225760341e+01 4.200000000000000000e+03 4.000000000000000000e+00 1.281898991897402196e+00
3.688547162961716452e+01 4.300000000000000000e+03 4.000000000000000000e+00 1.130527142766517112e+00
2.565985247247725454e+01 4.400000000000000000e+03 4.000000000000000000e+00 1.004497488522783977e+00
3.297387816437350239e+01 4.500000000000000000e+03 4.000000000000000000e+00 8.916814700712762942e-01
5.055063020100529769e+01 4.600000000000000000e+03 4.000000000000000000e+00 7.969383065036472757e-01
7.315199711938512905e+01 4.700000000000000000e+03 4.000000000000000000e+00 7.186137310260394262e-01
1.002634546520454961e+02 4.800000000000000000e+03 4.000000000000000000e+00 6.500315549756230382e-01
1.292887988595083470e+02 4.900000000000000000e+03 4.000000000000000000e+00 5.911182663515195390e-01
1.604872099860755554e+02 5.000000000000000000e+03 4.000000000000000000e+00 5.391991967087856885e-01
1.920068817065857729e+02 5.100000000000000000e+03 4.000000000000000000e+00 4.949411967615801600e-01
2.201924074064379226e+02 5.200000000000000000e+03 4.000000000000000000e+00 4.569170463347739242e-01
2.529934560393743936e+02 5.300000000000000000e+03 4.000000000000000000e+00 4.210491444250587523e-01
2.841989474179204080e+02 5.400000000000000000e+03 4.000000000000000000e+00 3.904608282065911706e-01
