# # chi square, temperature, log(g), normalization
9.701831639645779148e+01 4.100000000000000000e+03 3.500000000000000000e+00 1.303447192442669600e+00
5.058285442681825117e+01 4.200000000000000000e+03 3.500000000000000000e+00 1.152082966626919669e+00
3.711267563046281737e+01 4.300000000000000000e+03 3.500000000000000000e+00 1.004907884869877144e+00
4.982995601213762882e+01 4.400000000000000000e+03 3.500000000000000000e+00 8.878156835042693151e-01
7.273164030252291923e+01 4.500000000000000000e+03 3.500000000000000000e+00 7.931479533831773399e-01
1.018362839738931314e+02 4.600000000000000000e+03 3.500000000000000000e+00 7.092136266256281463e-01
1.339249503641733838e+02 4.700000000000000000e+03 3.500000000000000000e+00 6.418451918433315528e-01
1.662451103088971536e+02 4.800000000000000000e+03 3.500000000000000000e+00 5.803579992250175179e-01
2.009787036600475290e+02 4.900000000000000000e+03 3.500000000000000000e+00 5.293153190173871536e-01
2.348258162562749760e+02 5.000000000000000000e+03 3.500000000000000000e+00 4.838314310628481496e-01
2.715882854783769744e+02 5.100000000000000000e+03 3.500000000000000000e+00 4.446247814158773570e-01
3.083087209535376019e+02 5.200000000000000000e+03 3.500000000000000000e+00 4.087786922422022018e-01
3.437477949556066505e+02 5.300000000000000000e+03 3.500000000000000000e+00 3.777006882500399954e-01
8.900400196975311928e+01 4.100000000000000000e+03 4.000000000000000000e+00 1.283792053764363228e+00
4.767057172994082492e+01 4.200000000000000000e+03 4.000000000000000000e+00 1.131387508583332036e+00
3.219244602524717891e+01 4.300000000000000000e+03 4.000000000000000000e+00 9.988303339611735998e-01
4.140768128674538673e+01 4.400000000000000000e+03 4.000000000000000000e+00 8.883689520153458252e-01
6.627625539707985070e+01 4.500000000000000000e+03 4.000000000000000000e+00 7.892225241847525830e-01
9.808688928399138263e+01 4.600000000000000000e+03 4.000000000000000000e+00 7.057281269381460165e-01
1.321204285900222999e+02 4.700000000000000000e+03 4.000000000000000000e+00 6.364991498328472774e-01
1.693597155500058022e+02 4.800000000000000000e+03 4.000000000000000000e+00 5.760020372636817099e-01
2.079229184064933520e+02 4.900000000000000000e+03 4.000000000000000000e+00 5.239203853812368639e-01
2.485134701837513376e+02 5.000000000000000000e+03 4.000000000000000000e+00 4.781538653570496233e-01
2.880586244716982947e+02 5.100000000000000000e+03 4.000000000000000000e+00 4.389329671226852581e-01
3.229813687507680697e+02 5.200000000000000000e+03 4.000000000000000000e+00 4.053564377052170653e-01
3.631683234436833345e+02 5.300000000000000000e+03 4.000000000000000000e+00 3.735698940587189876e-01
