# # chi square, temperature, log(g), normalization
1.967986652064912789e+02 3.800000000000000000e+03 3.500000000000000000e+00 1.367620498441348253e+00
8.567960281998868766e+01 3.900000000000000000e+03 3.500000000000000000e+00 1.169473704969778538e+00
5.804527094946998034e+01 4.000000000000000000e+03 3.500000000000000000e+00 1.005214441642804157e+00
9.609970164181662255e+01 4.100000000000000000e+03 3.500000000000000000e+00 8.710215619088227390e-01
1.693032921208141772e+02 4.200000000000000000e+03 3.500000000000000000e+00 7.735952999924196050e-01
2.814442301851992738e+02 4.300000000000000000e+03 3.500000000000000000e+00 6.780982487113442758e-01
4.000252509809412231e+02 4.400000000000000000e+03 3.500000000000000000e+00 6.012030332936098009e-01
5.014337732611194838e+02 4.500000000000000000e+03 3.500000000000000000e+00 5.384265058894355249e-01
5.988989929720594318e+02 4.600000000000000000e+03 3.500000000000000000e+00 4.823392178415140674e-01
6.920138400344167167e+02 4.700000000000000000e+03 3.500000000000000000e+00 4.372715740548447361e-01
7.750738926704627829e+02 4.800000000000000000e+03 3.500000000000000000e+00 3.959095445774438726e-01
8.604390351573733824e+02 4.900000000000000000e+03 3.500000000000000000e+00 3.615571454318116107e-01
9.389431084484414214e+02 5.000000000000000000e+03 3.500000000000000000e+00 3.308293651031650739e-01
1.640879479952043880e+02 3.800000000000000000e+03 4.000000000000000000e+00 1.330648954967365682e+00
9.079311352829274995e+01 3.900000000000000000e+03 4.000000000000000000e+00 1.149652624601923634e+00
7.249261336705697545e+01 4.000000000000000000e+03 4.000000000000000000e+00 9.890044789201405395e-01
1.088606356853181865e+02 4.100000000000000000e+03 4.000000000000000000e+00 8.547027769325424851e-01
1.737231415855853243e+02 4.200000000000000000e+03 4.000000000000000000e+00 7.565681826175941760e-01
2.711889193541117606e+02 4.300000000000000000e+03 4.000000000000000000e+00 6.706574352667529215e-01
3.815078028529699168e+02 4.400000000000000000e+03 4.000000000000000000e+00 5.986731048980177272e-01
4.952190469639772914e+02 4.500000000000000000e+03 4.000000000000000000e+00 5.333372868622727747e-01
5.991187166204846335e+02 4.600000000000000000e+03 4.000000000000000000e+00 4.778802589218320018e-01
6.929664840980362897e+02 4.700000000000000000e+03 4.000000000000000000e+00 4.317826798665579391e-01
7.867759701031279747e+02 4.800000000000000000e+03 4.000000000000000000e+00 3.912735145137336001e-01
8.774338490183082513e+02 4.900000000000000000e+03 4.000000000000000000e+00 3.564339414784679083e-01
9.676971912156767530e+02 5.000000000000000000e+03 4.000000000000000000e+00 3.256005939732732335e-01
