# # chi square, temperature, log(g), normalization
5.940303662361063743e+02 3.500000000000000000e+03 3.500000000000000000e+00 1.672144807739342376e+00
3.068493626849531211e+02 3.600000000000000000e+03 3.500000000000000000e+00 1.404087500610064598e+00
1.398021097677581395e+02 3.700000000000000000e+03 3.500000000000000000e+00 1.200996312381886089e+00
7.523705402009659338e+01 3.800000000000000000e+03 3.500000000000000000e+00 1.007342921707181649e+00
1.440674261759907893e+02 3.900000000000000000e+03 3.500000000000000000e+00 8.672206523788867916e-01
3.049101876705418590e+02 4.000000000000000000e+03 3.500000000000000000e+00 7.498759847957496838e-01
5.538623060087826389e+02 4.100000000000000000e+03 3.500000000000000000e+00 6.533420394135843745e-01
8.091319298903606523e+02 4.200000000000000000e+03 3.500000000000000000e+00 5.826626086363140278e-01
1.124861314924498629e+03 4.300000000000000000e+03 3.500000000000000000e+00 5.127203868116099184e-01
1.421737991606169544e+03 4.400000000000000000e+03 3.500000000000000000e+00 4.559853894625920945e-01
1.659726788877372883e+03 4.500000000000000000e+03 3.500000000000000000e+00 4.092629104827491537e-01
1.879636205276793817e+03 4.600000000000000000e+03 3.500000000000000000e+00 3.673294837808069313e-01
2.079935652962141830e+03 4.700000000000000000e+03 3.500000000000000000e+00 3.334671199337777558e-01
3.886003804239607575e+02 3.500000000000000000e+03 4.000000000000000000e+00 1.546228041975370004e+00
2.256542835545742776e+02 3.600000000000000000e+03 4.000000000000000000e+00 1.322475233899723879e+00
1.398861050117179730e+02 3.700000000000000000e+03 4.000000000000000000e+00 1.136029327014053347e+00
1.345242046032061864e+02 3.800000000000000000e+03 4.000000000000000000e+00 9.787077594601640840e-01
2.103805355776830766e+02 3.900000000000000000e+03 4.000000000000000000e+00 8.500375925840879532e-01
3.644584056709945799e+02 4.000000000000000000e+03 4.000000000000000000e+00 7.349984621895915282e-01
5.898567565907709422e+02 4.100000000000000000e+03 4.000000000000000000e+00 6.385719690895138578e-01
8.141287688878500148e+02 4.200000000000000000e+03 4.000000000000000000e+00 5.671382055710056935e-01
1.091036202342331308e+03 4.300000000000000000e+03 4.000000000000000000e+00 5.046439259307871072e-01
1.368606792922841123e+03 4.400000000000000000e+03 4.000000000000000000e+00 4.517557146572769300e-01
1.636409979784640655e+03 4.500000000000000000e+03 4.000000000000000000e+00 4.035292365935851389e-01
1.867217181686974300e+03 4.600000000000000000e+03 4.000000000000000000e+00 3.622873055129425257e-01
2.066673404714099433e+03 4.700000000000000000e+03 4.000000000000000000e+00 3.277870956305424799e-01
