# # chi square, temperature, log(g), normalization
2.685230444560373826e+02 2.900000000000000000e+03 3.500000000000000000e+00 1.662589051651765182e+00
2.612168273636203821e+02 3.000000000000000000e+03 3.500000000000000000e+00 1.330035136398848516e+00
5.446671406272540708e+02 3.100000000000000000e+03 3.500000000000000000e+00 1.098337311082957957e+00
9.066573434441656900e+02 3.200000000000000000e+03 3.500000000000000000e+00 9.246364368405192158e-01
1.598118811753715136e+03 3.300000000000000000e+03 3.500000000000000000e+00 7.811524392156099506e-01
3.033728849258138325e+03 3.400000000000000000e+03 3.500000000000000000e+00 6.632222908795956107e-01
4.998530979182594820e+03 3.500000000000000000e+03 3.500000000000000000e+00 5.730649512218510822e-01
9.019338950844272404e+03 3.600000000000000000e+03 3.500000000000000000e+00 4.928523367544058176e-01
1.420258267896098550e+04 3.700000000000000000e+03 3.500000000000000000e+00 4.308280178979735364e-01
2.333473284022778535e+04 3.800000000000000000e+03 3.500000000000000000e+00 3.719195946243341044e-01
3.317287573080995935e+04 3.900000000000000000e+03 3.500000000000000000e+00 3.275890680682577716e-01
4.386171091276954394e+04 4.000000000000000000e+03 3.500000000000000000e+00 2.891917208394133021e-01
5.608233245796178380e+04 4.100000000000000000e+03 3.500000000000000000e+00 2.570470629559516995e-01
6.618556089935390219e+02 2.900000000000000000e+03 4.000000000000000000e+00 1.550018739947692348e+00
8.257976511194588056e+02 3.000000000000000000e+03 4.000000000000000000e+00 1.256261857415092997e+00
1.493025011293751959e+03 3.100000000000000000e+03 4.000000000000000000e+00 1.034613575675494168e+00
2.409624028498601547e+03 3.200000000000000000e+03 4.000000000000000000e+00 8.625976852396689543e-01
3.713269425546177899e+03 3.300000000000000000e+03 4.000000000000000000e+00 7.303743251529349889e-01
5.919058686017399850e+03 3.400000000000000000e+03 4.000000000000000000e+00 6.267530217711455576e-01
8.984519277044850242e+03 3.500000000000000000e+03 4.000000000000000000e+00 5.359691865066880112e-01
1.329897260122660191e+04 3.600000000000000000e+03 4.000000000000000000e+00 4.669804124261182077e-01
1.872594233932207862e+04 3.700000000000000000e+03 4.000000000000000000e+00 4.084454443610072705e-01
2.617945978052293503e+04 3.800000000000000000e+03 4.000000000000000000e+00 3.590450276048950951e-01
3.423093311734317831e+04 3.900000000000000000e+03 4.000000000000000000e+00 3.174187840265201843e-01
4.389399521290737175e+04 4.000000000000000000e+03 4.000000000000000000e+00 2.795558476666872294e-01
5.472729238124778203e+04 4.100000000000000000e+03 4.000000000000000000e+00 2.470164157177518194e-01
