# # chi square, temperature, log(g), normalization
3.017649321583377287e+01 4.700000000000000000e+03 3.500000000000000000e+00 1.225067520855834369e+00
2.389321702357564448e+01 4.800000000000000000e+03 3.500000000000000000e+00 1.106022873053254640e+00
2.169736045921258949e+01 4.900000000000000000e+03 3.500000000000000000e+00 1.007449628320818968e+00
2.317679329911335984e+01 5.000000000000000000e+03 3.500000000000000000e+00 9.197869128723252796e-01
2.862241736571506934e+01 5.100000000000000000e+03 3.500000000000000000e+00 8.444027904255966277e-01
3.594402705675197751e+01 5.200000000000000000e+03 3.500000000000000000e+00 7.755490355615468623e-01
4.538056039040969836e+01 5.300000000000000000e+03 3.500000000000000000e+00 7.159700304376990232e-01
5.600631320493382503e+01 5.400000000000000000e+03 3.500000000000000000e+00 6.632533923871675174e-01
6.892989677648476743e+01 5.500000000000000000e+03 3.500000000000000000e+00 6.156258198207726906e-01
8.230222437466261454e+01 5.600000000000000000e+03 3.500000000000000000e+00 5.719745295677037822e-01
9.873567416463941981e+01 5.700000000000000000e+03 3.500000000000000000e+00 5.346574296370678603e-01
1.148363219304023204e+02 5.800000000000000000e+03 3.500000000000000000e+00 5.008493293903557575e-01
1.335636654444149372e+02 5.900000000000000000e+03 3.500000000000000000e+00 4.699018038075158388e-01
2.189450920253693766e+01 4.700000000000000000e+03 4.000000000000000000e+00 1.219671903789946388e+00
1.673313017255701496e+01 4.800000000000000000e+03 4.000000000000000000e+00 1.101654242908985282e+00
1.741414112229961475e+01 4.900000000000000000e+03 4.000000000000000000e+00 1.000740732211136352e+00
2.268126083811585403e+01 5.000000000000000000e+03 4.000000000000000000e+00 9.121029138408922599e-01
3.085883100574750060e+01 5.100000000000000000e+03 4.000000000000000000e+00 8.364897737382747112e-01
4.029639209832944147e+01 5.200000000000000000e+03 4.000000000000000000e+00 7.717249229753780915e-01
5.278517093139329575e+01 5.300000000000000000e+03 4.000000000000000000e+00 7.106333568204291629e-01
6.579168297894081263e+01 5.400000000000000000e+03 4.000000000000000000e+00 6.587076107425057225e-01
8.020860613981493259e+01 5.500000000000000000e+03 4.000000000000000000e+00 6.117814449347308559e-01
9.353549823198360968e+01 5.600000000000000000e+03 4.000000000000000000e+00 5.739720975091870958e-01
1.121897052217033917e+02 5.700000000000000000e+03 4.000000000000000000e+00 5.343886260236657693e-01
1.297929986623123000e+02 5.800000000000000000e+03 4.000000000000000000e+00 5.003048227080688637e-01
1.492494042177582116e+02 5.900000000000000000e+03 4.000000000000000000e+00 4.695370805938918757e-01
