# # chi square, temperature, log(g), normalization
1.183212353386949644e+03 2.600000000000000000e+03 3.500000000000000000e+00 2.272079505316922265e+00
5.706161461048151295e+02 2.700000000000000000e+03 3.500000000000000000e+00 1.672796501468495123e+00
3.112837677985980349e+02 2.800000000000000000e+03 3.500000000000000000e+00 1.298560773586903139e+00
4.074671443523462813e+02 2.900000000000000000e+03 3.500000000000000000e+00 1.009103533218230098e+00
8.147196065666810227e+02 3.000000000000000000e+03 3.500000000000000000e+00 8.106900945036366046e-01
1.861484914574978120e+03 3.100000000000000000e+03 3.500000000000000000e+00 6.718676424127008051e-01
2.826652083694629709e+03 3.200000000000000000e+03 3.500000000000000000e+00 5.667635811699853754e-01
4.447835057260407666e+03 3.300000000000000000e+03 3.500000000000000000e+00 4.796612260219197954e-01
7.575004322532044171e+03 3.400000000000000000e+03 3.500000000000000000e+00 4.083582112604250969e-01
1.169023844722047033e+04 3.500000000000000000e+03 3.500000000000000000e+00 3.539793126879441920e-01
1.974420598961084761e+04 3.600000000000000000e+03 3.500000000000000000e+00 3.055833758765647556e-01
2.983671767034966979e+04 3.700000000000000000e+03 3.500000000000000000e+00 2.679931525529964942e-01
4.717811329018991091e+04 3.800000000000000000e+03 3.500000000000000000e+00 2.321040578450712100e-01
1.679547374781605185e+03 2.600000000000000000e+03 4.000000000000000000e+00 2.110342342067164534e+00
1.086703029761660446e+03 2.700000000000000000e+03 4.000000000000000000e+00 1.587280502925386250e+00
9.510022414222436282e+02 2.800000000000000000e+03 4.000000000000000000e+00 1.208095717048746520e+00
1.280617732514388535e+03 2.900000000000000000e+03 4.000000000000000000e+00 9.431528191809614992e-01
2.082834313031155489e+03 3.000000000000000000e+03 4.000000000000000000e+00 7.672697548445883697e-01
3.899254879853612238e+03 3.100000000000000000e+03 4.000000000000000000e+00 6.341511814757243570e-01
5.963545500856173931e+03 3.200000000000000000e+03 4.000000000000000000e+00 5.298901999456219203e-01
8.710155742292685318e+03 3.300000000000000000e+03 4.000000000000000000e+00 4.492953519474501833e-01
1.313153662433061436e+04 3.400000000000000000e+03 4.000000000000000000e+00 3.859503850010369552e-01
1.913070492843030661e+04 3.500000000000000000e+03 4.000000000000000000e+00 3.306233155697168580e-01
2.740804191411081774e+04 3.600000000000000000e+03 4.000000000000000000e+00 2.887765096985419055e-01
3.772144939444435295e+04 3.700000000000000000e+03 4.000000000000000000e+00 2.533102613773088319e-01
5.161168010898675857e+04 3.800000000000000000e+03 4.000000000000000000e+00 2.231850846237698194e-01
