0.000000000000000000e+00 0.000000000000000000e+00 0.000000000000000000e+00 0.000000000000000000e+00 0.000000000000000000e+00 0.000000000000000000e+00 0.000000000000000000e+00 0.000000000000000000e+00
8.456118820761446275e-02 7.872513351934781189e-01 1.000000000000000000e+00 4.576730211255242153e-02 3.115908731302220680e+00 2.898000000000000000e+03 3.450000000000000178e+00 -1.310000000000000053e+00
2.729968456045982483e-01 3.291421371150238251e-03 1.000000000000000000e+00 3.030760046025781085e-01 5.040411670244703934e+00 3.428000000000000000e+03 3.479999999999999982e+00 -4.799999999999999822e-01
4.690321675217548059e-01 2.486228913715465838e-01 1.000000000000000000e+00 5.567681074868450208e-01 8.625916518739902727e+00 3.802000000000000000e+03 3.589999999999999858e+00 -1.799999999999999933e-01
2.853668541254825164e-01 6.602489684990077157e-01 1.000000000000000000e+00 3.363850535900891892e-01 6.032128750033169062e+00 3.428000000000000000e+03 3.479999999999999982e+00 -4.799999999999999822e-01
4.144188847044348312e-01 7.910784127331510485e-01 1.000000000000000000e+00 7.105406751248118935e-01 5.148289729136974913e+00 3.634000000000000000e+03 3.540000000000000036e+00 -3.200000000000000067e-01
6.681323048031770906e-01 4.359147223388752934e-01 1.000000000000000000e+00 2.539921295150612268e-01 5.142744632663380777e+00 4.078000000000000000e+03 3.629999999999999893e+00 4.000000000000000083e-02
8.508255621553681980e-01 4.956359324229788754e-01 1.000000000000000000e+00 8.203096181529624387e-01 5.170651371569975119e+00 4.290000000000000000e+03 3.660000000000000142e+00 2.099999999999999922e-01
1.294848147459501053e+00 6.137885554800870391e-01 1.000000000000000000e+00 1.280403705572167317e-01 6.275996918190815954e+00 4.596000000000000000e+03 3.680000000000000160e+00 4.699999999999999734e-01
5.466207397468784979e-02 9.989195678484438234e-01 1.000000000000000000e+00 1.820201778851596730e-01 2.393382227790640915e+00 2.824000000000000000e+03 3.529999999999999805e+00 -1.649999999999999911e+00
1.026260896003786671e+00 3.047421899981636040e-01 1.000000000000000000e+00 1.507891217382840710e-01 5.565208426068432246e+00 4.377000000000000000e+03 3.660000000000000142e+00 2.800000000000000266e-01
8.809560868846770809e-01 1.044353492283573992e-01 1.000000000000000000e+00 3.113831979462549082e-01 7.694191372351459890e+00 4.290000000000000000e+03 3.660000000000000142e+00 2.099999999999999922e-01
2.592041526909838467e-01 1.752107807437389697e-01 1.000000000000000000e+00 5.361558798890186939e-02 3.727749524489119892e+00 3.428000000000000000e+03 3.479999999999999982e+00 -4.799999999999999822e-01
1.165269167415096785e+00 1.315401586145652502e-01 1.000000000000000000e+00 3.846202837300739530e-01 8.940225124332496165e+00 4.529000000000000000e+03 3.680000000000000160e+00 4.099999999999999756e-01
5.885544752958128401e-01 2.526068721752224855e-01 1.000000000000000000e+00 2.755224079220848221e-01 4.939061640036446654e+00 3.955000000000000000e+03 3.620000000000000107e+00 -7.000000000000000666e-02
7.772559154114317970e-01 4.411161430268906170e-01 1.000000000000000000e+00 5.276973581967802085e-01 5.537238070959662473e+00 4.192000000000000000e+03 3.649999999999999911e+00 1.300000000000000044e-01
7.950046377618577020e-01 6.839544688436871578e-01 1.000000000000000000e+00 2.498595502077990416e-01 9.566884347959415891e+00 4.192000000000000000e+03 3.649999999999999911e+00 1.300000000000000044e-01
2.694744552269273674e-01 3.771569388172754111e-01 1.000000000000000000e+00 4.508145071593978592e-01 4.478321224110738186e+00 3.428000000000000000e+03 3.479999999999999982e+00 -4.799999999999999822e-01
7.292478297859216196e-01 1.156904806459674306e-01 1.000000000000000000e+00 6.150720517204867344e-01 7.408783084611416214e+00 4.078000000000000000e+03 3.629999999999999893e+00 4.000000000000000083e-02
2.406270672025575402e-02 4.934552434535629528e-01 1.000000000000000000e+00 7.215237031593554340e-01 5.642880739210094809e+00 2.598000000000000000e+03 3.589999999999999858e+00 -2.250000000000000000e+00
3.516684063965528906e-01 6.277075795543252124e-01 1.000000000000000000e+00 3.931226139455101798e-01 7.074905490178858614e+00 3.634000000000000000e+03 3.540000000000000036e+00 -3.200000000000000067e-01
2.222104649746020621e-01 3.239109056636317874e-01 1.000000000000000000e+00 5.757091348796301578e-01 6.251988666981932674e+00 3.226000000000000000e+03 3.379999999999999893e+00 -6.600000000000000311e-01
1.328145178283677730e+00 6.570620839301278826e-01 1.000000000000000000e+00 8.277072643664606932e-01 3.189063968210182676e+00 4.596000000000000000e+03 3.680000000000000160e+00 4.699999999999999734e-01
6.663233560904860964e-01 9.669204729293612299e-02 1.000000000000000000e+00 8.491218606245487521e-01 7.772498430019176396e+00 4.078000000000000000e+03 3.629999999999999893e+00 4.000000000000000083e-02
2.169975393942352726e-01 9.982999593680714767e-01 1.000000000000000000e+00 2.591506673566715824e-01 3.653797229935503488e+00 3.226000000000000000e+03 3.379999999999999893e+00 -6.600000000000000311e-01
3.817256634482513178e-02 2.897275191916781623e-01 1.000000000000000000e+00 6.901844224041957521e-01 8.614924090305331461e+00 2.779000000000000000e+03 3.569999999999999840e+00 -1.810000000000000053e+00
3.646860908382297262e-01 6.307937685887616830e-01 1.000000000000000000e+00 8.893752699148960161e-01 4.466991444354160734e+00 3.634000000000000000e+03 3.540000000000000036e+00 -3.200000000000000067e-01
7.328608809659982459e-02 9.214564715718408516e-01 1.000000000000000000e+00 2.450398265310157475e-01 4.028983397183486304e+00 2.896000000000000000e+03 3.479999999999999982e+00 -1.389999999999999902e+00
4.605999706714998254e-01 1.783492478165260575e-01 1.000000000000000000e+00 6.250497954856943927e-01 8.323705152957954212e+00 3.802000000000000000e+03 3.589999999999999858e+00 -1.799999999999999933e-01
9.793539079125735958e-01 2.276767689107609405e-01 1.000000000000000000e+00 9.106409710068863461e-01 5.375738095290113705e+00 4.377000000000000000e+03 3.660000000000000142e+00 2.800000000000000266e-01
5.335835828179448515e-02 2.767167307919919939e-01 1.000000000000000000e+00 7.103177999085188432e-01 1.079155775841088349e+00 2.824000000000000000e+03 3.529999999999999805e+00 -1.649999999999999911e+00
3.056987381631561806e-01 4.402057845232869582e-01 1.000000000000000000e+00 8.426017380441029880e-01 5.587023972623685886e+00 3.428000000000000000e+03 3.479999999999999982e+00 -4.799999999999999822e-01
6.369016080523337564e-01 3.448861018514483012e-01 1.000000000000000000e+00 9.796620425151233436e-01 2.097485706461901689e+00 3.955000000000000000e+03 3.620000000000000107e+00 -7.000000000000000666e-02
9.427798014491913792e-01 4.463420807964983972e-01 1.000000000000000000e+00 5.614284353921591419e-01 5.657562839228939211e+00 4.290000000000000000e+03 3.660000000000000142e+00 2.099999999999999922e-01
1.384764232114313209e+00 2.729556314043409815e-01 1.000000000000000000e+00 6.461900919689095302e-01 4.426256267925177568e+00 4.658000000000000000e+03 3.680000000000000160e+00 5.200000000000000178e-01
6.000919585570623216e-01 3.142361683242734793e-01 1.000000000000000000e+00 1.628312065954723442e-01 3.452633159109452343e+00 3.955000000000000000e+03 3.620000000000000107e+00 -7.000000000000000666e-02
2.281683949237765519e-01 6.441650012606929820e-01 1.000000000000000000e+00 4.558013388543951105e-01 5.359165409245967737e+00 3.226000000000000000e+03 3.379999999999999893e+00 -6.600000000000000311e-01
4.281396611164721144e-01 8.821668599350580564e-01 1.000000000000000000e+00 9.890862485139473304e-01 4.217661843463325511e+00 3.634000000000000000e+03 3.540000000000000036e+00 -3.200000000000000067e-01
1.079205166560418316e+00 6.720523112968603829e-01 1.000000000000000000e+00 3.592254898739670743e-01 5.279262445912514146e+00 4.456000000000000000e+03 3.669999999999999929e+00 3.499999999999999778e-01
4.828697587323786400e-01 4.452404222304979786e-01 1.000000000000000000e+00 9.443785264013089265e-01 9.132897721184818352e-01 3.802000000000000000e+03 3.589999999999999858e+00 -1.799999999999999933e-01
5.906294135015986990e-01 2.883694608596275577e-01 1.000000000000000000e+00 4.294114078968298553e-01 4.024512104469787133e+00 3.955000000000000000e+03 3.620000000000000107e+00 -7.000000000000000666e-02
4.586121949181265478e-02 4.580576370532175590e-01 1.000000000000000000e+00 7.151440952636061166e-01 5.824080265174913507e+00 2.824000000000000000e+03 3.529999999999999805e+00 -1.649999999999999911e+00
3.446026535587776163e-01 3.427455834521577760e-01 1.000000000000000000e+00 5.334824715055107580e-01 6.211092063272356967e+00 3.428000000000000000e+03 3.479999999999999982e+00 -4.799999999999999822e-01
1.087857920253497035e+00 9.557073103444846396e-02 1.000000000000000000e+00 4.752277769478965297e-01 5.483143326969838860e+00 4.456000000000000000e+03 3.669999999999999929e+00 3.499999999999999778e-01
5.801706436882291262e-01 2.600871202634224000e-01 1.000000000000000000e+00 4.322952611346208007e-01 6.296619505904634373e+00 3.955000000000000000e+03 3.620000000000000107e+00 -7.000000000000000666e-02
5.532643499744942517e-01 9.573050118973749356e-01 1.000000000000000000e+00 1.341746877641392111e-01 3.998703064260242357e+00 3.955000000000000000e+03 3.620000000000000107e+00 -7.000000000000000666e-02
4.324533790723698035e-01 4.482657065938425722e-01 1.000000000000000000e+00 8.023829448723001079e-01 4.061444503395723160e+00 3.634000000000000000e+03 3.540000000000000036e+00 -3.200000000000000067e-01
5.642993874843067470e-01 6.533964411306131259e-01 1.000000000000000000e+00 9.903928765698396530e-01 4.608069939283941707e+00 3.955000000000000000e+03 3.620000000000000107e+00 -7.000000000000000666e-02
4.681157154545584342e-01 3.187016056601165159e-01 1.000000000000000000e+00 3.392788099310850569e-01 2.568650695156468711e+00 3.802000000000000000e+03 3.589999999999999858e+00 -1.799999999999999933e-01
2.398521161820601766e-01 5.670711046785839038e-01 1.000000000000000000e+00 4.150380358347108833e-01 4.483304544821962168e+00 3.226000000000000000e+03 3.379999999999999893e+00 -6.600000000000000311e-01
9.258577426919543107e-01 1.229792526202677649e-02 1.000000000000000000e+00 7.592749202470688852e-01 9.409970855033092718e+00 4.290000000000000000e+03 3.660000000000000142e+00 2.099999999999999922e-01
8.699874548141074693e-02 8.488735658562037711e-01 1.000000000000000000e+00 6.000958944343703916e-01 4.939533382426558816e+00 2.908000000000000000e+03 3.419999999999999929e+00 -1.229999999999999982e+00
6.716110032612807590e-01 5.130118320462376813e-01 1.000000000000000000e+00 6.497492489306994079e-01 5.471061985758316482e+00 4.078000000000000000e+03 3.629999999999999893e+00 4.000000000000000083e-02
3.404813548813901747e+00 8.865991082171946758e-01 1.000000000000000000e+00 2.760335126921907856e-01 6.525029849532328896e+00 5.881661141430384305e+03 3.359999999999999876e+00 4.355118736855686024e+01
6.023421670212751600e-02 4.031925665365682088e-01 1.000000000000000000e+00 1.791012044886548527e-01 4.839234134618498828e+00 2.864000000000000000e+03 3.520000000000000018e+00 -1.530000000000000027e+00
4.643727922988251100e-01 8.104055074398375247e-01 1.000000000000000000e+00 7.454757431228418163e-01 1.980577209764137869e+00 3.802000000000000000e+03 3.589999999999999858e+00 -1.799999999999999933e-01
6.167268436896049949e-02 6.811260013848104977e-01 1.000000000000000000e+00 3.140706277077938147e-01 7.803197822902980363e+00 2.864000000000000000e+03 3.520000000000000018e+00 -1.530000000000000027e+00
3.889988827311935959e-01 9.618670780375048190e-01 1.000000000000000000e+00 8.980355857790778273e-02 4.359222582876434160e+00 3.634000000000000000e+03 3.540000000000000036e+00 -3.200000000000000067e-01
7.374606101529161961e-01 9.104576871932469340e-01 1.000000000000000000e+00 6.899487482494738311e-01 6.240889125998166698e+00 4.078000000000000000e+03 3.629999999999999893e+00 4.000000000000000083e-02
1.099952769370219352e+00 4.002255307746390711e-01 1.000000000000000000e+00 4.941539785040609534e-01 5.693485368918759448e+00 4.456000000000000000e+03 3.669999999999999929e+00 3.499999999999999778e-01
2.070884605821289082e+00 6.338149814595547271e-01 1.000000000000000000e+00 2.315631118461346505e-01 3.329056738693923378e+00 5.114462515963048645e+03 3.697999999999999954e+00 6.950243175887967695e+00
8.110037590230771976e-01 2.580826269484824964e-01 1.000000000000000000e+00 4.038724612135746739e-01 2.529816762687158604e+00 4.192000000000000000e+03 3.649999999999999911e+00 1.300000000000000044e-01
3.794830339453095225e-02 8.874620756093795082e-01 1.000000000000000000e+00 5.108947095492403223e-01 5.308122696311115440e+00 2.779000000000000000e+03 3.569999999999999840e+00 -1.810000000000000053e+00
4.656035163607573635e-01 3.480157334682688619e-01 1.000000000000000000e+00 4.241721959169963974e-01 5.667986824878915364e+00 3.802000000000000000e+03 3.589999999999999858e+00 -1.799999999999999933e-01
8.917166550703307104e-01 6.719508615052501854e-01 1.000000000000000000e+00 7.906309322268736395e-01 2.881553797015833140e+00 4.290000000000000000e+03 3.660000000000000142e+00 2.099999999999999922e-01
1.480691625731073380e+00 7.957423388401196895e-02 1.000000000000000000e+00 9.896175611598684307e-01 5.165260593641817444e+00 4.877530569745950743e+03 3.709000000000000075e+00 4.073802778041127226e+00
6.619010499606620135e-01 9.369611404399286192e-01 1.000000000000000000e+00 8.377643288589876613e-01 5.982405500376649421e+00 4.078000000000000000e+03 3.629999999999999893e+00 4.000000000000000083e-02
8.527705149926069206e-01 1.588704502439209909e-01 1.000000000000000000e+00 6.341461194896285125e-01 1.085252287651663394e+01 4.290000000000000000e+03 3.660000000000000142e+00 2.099999999999999922e-01
4.161025278341565770e-01 2.770908569175236646e-01 1.000000000000000000e+00 8.988833457464473486e-02 6.648736684731663793e+00 3.634000000000000000e+03 3.540000000000000036e+00 -3.200000000000000067e-01
1.091751868570610018e+00 1.335911407248765448e-01 1.000000000000000000e+00 4.557130188754183742e-01 6.632247471446651055e+00 4.456000000000000000e+03 3.669999999999999929e+00 3.499999999999999778e-01
6.819642862172673459e-01 4.383207284873376075e-01 1.000000000000000000e+00 4.694803925584446480e-01 2.979873247590440588e+00 4.078000000000000000e+03 3.629999999999999893e+00 4.000000000000000083e-02
2.204814111147288258e-01 3.708288907548729085e-02 1.000000000000000000e+00 8.857160518704825236e-01 2.718475516662212321e+00 3.226000000000000000e+03 3.379999999999999893e+00 -6.600000000000000311e-01
2.961868856530098792e-01 3.319000227397035374e-01 1.000000000000000000e+00 7.066307906771837066e-01 6.886306973902666329e+00 3.428000000000000000e+03 3.479999999999999982e+00 -4.799999999999999822e-01
9.836412236794739306e-01 1.277817965823524471e-02 1.000000000000000000e+00 6.512923493779906314e-01 8.667169113766270527e+00 4.377000000000000000e+03 3.660000000000000142e+00 2.800000000000000266e-01
7.554575615907486164e-01 9.025592082970808061e-01 1.000000000000000000e+00 3.887161461226587011e-01 4.981449882787343242e+00 4.192000000000000000e+03 3.649999999999999911e+00 1.300000000000000044e-01
8.903305787418558381e-01 8.981263127353987796e-01 1.000000000000000000e+00 9.622828656642434808e-03 1.842829723505413853e+00 4.290000000000000000e+03 3.660000000000000142e+00 2.099999999999999922e-01
6.322680946282353831e-02 6.762563039357569750e-01 1.000000000000000000e+00 3.522795294965448409e-01 1.736153759609948555e+00 2.864000000000000000e+03 3.520000000000000018e+00 -1.530000000000000027e+00
8.891839744253555722e-01 2.538293707429127855e-01 1.000000000000000000e+00 1.727595990015518002e-01 3.665026672617950787e+00 4.290000000000000000e+03 3.660000000000000142e+00 2.099999999999999922e-01
3.547445393854051221e-01 2.365396594493063276e-01 1.000000000000000000e+00 4.113679359852105977e-01 7.489343709469370225e+00 3.634000000000000000e+03 3.540000000000000036e+00 -3.200000000000000067e-01
2.285753996287872847e-01 6.442938730532217217e-01 1.000000000000000000e+00 9.652224477074725639e-01 3.840759360612340245e+00 3.226000000000000000e+03 3.379999999999999893e+00 -6.600000000000000311e-01
2.294434602310272686e-01 4.835709006641205621e-01 1.000000000000000000e+00 6.483356704434859452e-01 9.558071503837474836e+00 3.226000000000000000e+03 3.379999999999999893e+00 -6.600000000000000311e-01
9.396488586576678959e-01 4.300184240287426851e-01 1.000000000000000000e+00 7.326167607015545702e-01 7.341597932686301675e+00 4.290000000000000000e+03 3.660000000000000142e+00 2.099999999999999922e-01
9.702012038584808540e-01 2.274003990373576478e-01 1.000000000000000000e+00 5.141708194989580427e-01 3.173737048410228745e+00 4.377000000000000000e+03 3.660000000000000142e+00 2.800000000000000266e-01
5.843768739537753554e-01 2.611654849284139601e-02 1.000000000000000000e+00 6.128370571314811777e-01 6.305341855662893735e+00 3.955000000000000000e+03 3.620000000000000107e+00 -7.000000000000000666e-02
4.153437980929831075e-01 4.388376635613355781e-02 1.000000000000000000e+00 5.536872817846737460e-01 7.241435351864648595e+00 3.634000000000000000e+03 3.540000000000000036e+00 -3.200000000000000067e-01
1.022938206144404560e+00 8.517962465080008982e-02 1.000000000000000000e+00 6.404388537665970382e-01 6.901072202767550401e+00 4.377000000000000000e+03 3.660000000000000142e+00 2.800000000000000266e-01
3.787164628467146743e-01 9.221109181438427171e-01 1.000000000000000000e+00 9.631630663532553260e-02 9.007266732167936496e+00 3.634000000000000000e+03 3.540000000000000036e+00 -3.200000000000000067e-01
1.331963795373410031e+00 3.447790997919885081e-01 1.000000000000000000e+00 3.525760583322798958e-01 3.637662084363229464e+00 4.596000000000000000e+03 3.680000000000000160e+00 4.699999999999999734e-01
2.816074490580782186e-01 8.985492561557023583e-01 1.000000000000000000e+00 9.650030188989384694e-01 6.501808130586423928e+00 3.428000000000000000e+03 3.479999999999999982e+00 -4.799999999999999822e-01
6.756093891159827836e-01 3.841894278491846393e-01 1.000000000000000000e+00 7.859485601911746500e-01 7.353854536353990667e+00 4.078000000000000000e+03 3.629999999999999893e+00 4.000000000000000083e-02
4.252185999814553363e-02 2.412090906842498939e-01 1.000000000000000000e+00 3.311616709428520933e-01 3.641972033401181363e+00 2.779000000000000000e+03 3.569999999999999840e+00 -1.810000000000000053e+00
8.215900057050919969e-01 3.494644401553845814e-01 1.000000000000000000e+00 5.599493574732353762e-01 7.047039847637007526e+00 4.192000000000000000e+03 3.649999999999999911e+00 1.300000000000000044e-01
7.527661456710893484e-01 1.496237638292441385e-02 1.000000000000000000e+00 7.691352454860653776e-01 5.637790303451439833e+00 4.192000000000000000e+03 3.649999999999999911e+00 1.300000000000000044e-01
2.338661900719526399e-01 7.509198787193078761e-01 1.000000000000000000e+00 5.990780982489823936e-01 6.118298817339676177e+00 3.226000000000000000e+03 3.379999999999999893e+00 -6.600000000000000311e-01
1.048105449775983189e+00 4.013593916691227115e-01 1.000000000000000000e+00 3.176571557298487614e-01 5.088588961994138238e+00 4.377000000000000000e+03 3.660000000000000142e+00 2.800000000000000266e-01
4.163266422204009998e-01 4.305617206091073568e-01 1.000000000000000000e+00 8.999343966177634213e-01 4.262522182228888568e+00 3.634000000000000000e+03 3.540000000000000036e+00 -3.200000000000000067e-01
1.060045572438285344e+00 1.689179825551778702e-01 1.000000000000000000e+00 5.542067438472131347e-01 8.025350431663095918e+00 4.456000000000000000e+03 3.669999999999999929e+00 3.499999999999999778e-01
2.810021105066488611e-01 8.874835032421561909e-01 1.000000000000000000e+00 4.631006212170858394e-01 8.416862087422449790e-01 3.428000000000000000e+03 3.479999999999999982e+00 -4.799999999999999822e-01
1.995245243793355716e-01 8.547681580872369400e-01 1.000000000000000000e+00 3.011509113157949669e-01 3.599372957050142929e+00 3.226000000000000000e+03 3.379999999999999893e+00 -6.600000000000000311e-01
6.762419056274477924e-01 8.199520169967253747e-01 1.000000000000000000e+00 1.545772984496300850e-01 6.181548200362668943e+00 4.078000000000000000e+03 3.629999999999999893e+00 4.000000000000000083e-02
5.690564454785130843e-01 3.465237433196053374e-01 1.000000000000000000e+00 9.001432602805495842e-01 7.238650180647210775e+00 3.955000000000000000e+03 3.620000000000000107e+00 -7.000000000000000666e-02
4.845487691931363861e-01 1.676320086638557472e-01 1.000000000000000000e+00 4.065494790828522165e-01 6.361487635942641106e+00 3.802000000000000000e+03 3.589999999999999858e+00 -1.799999999999999933e-01
8.656022914966844395e-01 5.779468424631341028e-01 1.000000000000000000e+00 8.882704962754855993e-01 1.302136181667985948e+00 4.290000000000000000e+03 3.660000000000000142e+00 2.099999999999999922e-01
1.123061028403989248e+00 3.939556406681360423e-01 1.000000000000000000e+00 7.859857962587841751e-01 1.060670396703095975e+01 4.456000000000000000e+03 3.669999999999999929e+00 3.499999999999999778e-01
4.410815332926999455e-01 5.768489174803080877e-01 1.000000000000000000e+00 5.239678614040648164e-01 7.799914672437498808e+00 3.634000000000000000e+03 3.540000000000000036e+00 -3.200000000000000067e-01
3.015587229068088515e-01 5.819940952514712773e-01 1.000000000000000000e+00 3.195868819092693158e-01 6.048123825983013013e+00 3.428000000000000000e+03 3.479999999999999982e+00 -4.799999999999999822e-01
5.702399747039527123e-01 5.025883290149069094e-02 1.000000000000000000e+00 4.956637322585282224e-01 6.360079127690044132e+00 3.955000000000000000e+03 3.620000000000000107e+00 -7.000000000000000666e-02
2.226642761462060416e-01 6.182167669204206017e-01 1.000000000000000000e+00 9.539756282489033623e-01 3.875020964762499354e+00 3.226000000000000000e+03 3.379999999999999893e+00 -6.600000000000000311e-01
7.505962123910737971e-02 4.223170587916086349e-01 1.000000000000000000e+00 5.821054406889770716e-01 6.597796546675851026e+00 2.897000000000000000e+03 3.470000000000000195e+00 -1.360000000000000098e+00
2.247945302865362316e-01 3.253054148012690661e-03 1.000000000000000000e+00 2.009347312191865909e-01 6.120287787839767013e+00 3.226000000000000000e+03 3.379999999999999893e+00 -6.600000000000000311e-01
9.588008017796667559e-01 2.730332798243901848e-01 1.000000000000000000e+00 5.601948153995043311e-01 3.871613935968451159e+00 4.377000000000000000e+03 3.660000000000000142e+00 2.800000000000000266e-01
9.801621722317246377e-01 7.575279160593242356e-01 1.000000000000000000e+00 4.808101879474153684e-01 6.753820406285223399e+00 4.377000000000000000e+03 3.660000000000000142e+00 2.800000000000000266e-01
1.142128420408049294e+00 4.163669814681714154e-02 1.000000000000000000e+00 7.299283726267680183e-01 9.759862808661267763e+00 4.456000000000000000e+03 3.669999999999999929e+00 3.499999999999999778e-01
7.851157448757623003e-01 8.149611886602792232e-01 1.000000000000000000e+00 8.654561787517897065e-01 6.272156672557974488e+00 4.192000000000000000e+03 3.649999999999999911e+00 1.300000000000000044e-01
9.808363837984612754e-01 2.676403177113151344e-03 1.000000000000000000e+00 6.510057274980682873e-01 8.648062505553864909e+00 4.377000000000000000e+03 3.660000000000000142e+00 2.800000000000000266e-01
7.038752749533117026e-01 4.604670824054158951e-01 1.000000000000000000e+00 3.086328786624022991e-01 5.860509315736813107e+00 4.078000000000000000e+03 3.629999999999999893e+00 4.000000000000000083e-02
4.864082011058649124e-01 4.265087192385863535e-02 1.000000000000000000e+00 5.833600711000208605e-02 4.137573778973060890e+00 3.802000000000000000e+03 3.589999999999999858e+00 -1.799999999999999933e-01
7.174211134478020169e-01 6.328771766393928022e-01 1.000000000000000000e+00 2.032331755884547730e-01 9.516574325431157888e+00 4.078000000000000000e+03 3.629999999999999893e+00 4.000000000000000083e-02
5.067296711515708596e-01 8.725231442313140517e-01 1.000000000000000000e+00 4.971214481555553677e-01 3.658696851740856903e+00 3.802000000000000000e+03 3.589999999999999858e+00 -1.799999999999999933e-01
8.124834249357455462e-01 3.110416460147678031e-01 1.000000000000000000e+00 2.542416005514824828e-02 7.139562517093978045e+00 4.192000000000000000e+03 3.649999999999999911e+00 1.300000000000000044e-01
9.759019680416028963e-01 9.068499188881241624e-01 1.000000000000000000e+00 7.160890636920195229e-01 7.737471307785247276e+00 4.377000000000000000e+03 3.660000000000000142e+00 2.800000000000000266e-01
7.129028913638593146e-01 4.983185404006224006e-01 1.000000000000000000e+00 6.899675448949574852e-01 5.598532062547561416e+00 4.078000000000000000e+03 3.629999999999999893e+00 4.000000000000000083e-02
4.318476302604791761e-01 9.799748637336348489e-01 1.000000000000000000e+00 6.428390022522779690e-01 4.428525551755610579e+00 3.634000000000000000e+03 3.540000000000000036e+00 -3.200000000000000067e-01
1.243663873852317137e+00 3.429929445360457851e-01 1.000000000000000000e+00 7.339247418251217958e-01 5.223497377339978875e+00 4.529000000000000000e+03 3.680000000000000160e+00 4.099999999999999756e-01
4.160100689008227604e-01 8.050931150181762641e-01 1.000000000000000000e+00 6.398023842072808609e-02 6.806940430058893376e+00 3.634000000000000000e+03 3.540000000000000036e+00 -3.200000000000000067e-01
6.632599890178499935e-01 6.224282184711023014e-01 1.000000000000000000e+00 3.090937492855878599e-01 3.971044938311070638e+00 4.078000000000000000e+03 3.629999999999999893e+00 4.000000000000000083e-02
6.169783223007083706e-01 3.950358845388893814e-01 1.000000000000000000e+00 4.057847522930799755e-01 8.487285014695265417e+00 3.955000000000000000e+03 3.620000000000000107e+00 -7.000000000000000666e-02
8.876235464498143379e-01 1.783799722499072038e-01 1.000000000000000000e+00 2.168584549247585258e-01 2.575388060093959819e+00 4.290000000000000000e+03 3.660000000000000142e+00 2.099999999999999922e-01
5.921810163700853558e-01 5.236866590055657689e-01 1.000000000000000000e+00 1.278650653156655492e-01 6.754762380604216965e+00 3.955000000000000000e+03 3.620000000000000107e+00 -7.000000000000000666e-02
1.091150994641777450e+00 1.942556621094825298e-01 1.000000000000000000e+00 5.008499903128990072e-01 1.337262105041121973e+00 4.456000000000000000e+03 3.669999999999999929e+00 3.499999999999999778e-01
7.583377567120350715e-01 6.011319143203307513e-01 1.000000000000000000e+00 5.933229364132968087e-01 8.516574896140939543e+00 4.192000000000000000e+03 3.649999999999999911e+00 1.300000000000000044e-01
6.785848742715398785e-02 5.195575927419473494e-01 1.000000000000000000e+00 5.129008175448829254e-01 5.833214287570153367e+00 2.897000000000000000e+03 3.490000000000000213e+00 -1.409999999999999920e+00
4.183700754063847116e-01 1.115111289991765897e-01 1.000000000000000000e+00 2.786787035522518829e-01 5.164474014561252879e+00 3.634000000000000000e+03 3.540000000000000036e+00 -3.200000000000000067e-01
3.888192027762132352e-01 6.859636606823327210e-01 1.000000000000000000e+00 4.178621471257147890e-01 3.781708968938700455e+00 3.634000000000000000e+03 3.540000000000000036e+00 -3.200000000000000067e-01
1.855004190995443447e-01 4.406688410698402780e-01 1.000000000000000000e+00 1.661678346209786161e-01 4.644300524914808825e+00 3.226000000000000000e+03 3.379999999999999893e+00 -6.600000000000000311e-01
4.965740049390485744e-01 8.927061850903552642e-01 1.000000000000000000e+00 4.486327606816672420e-01 5.670471899637738566e+00 3.802000000000000000e+03 3.589999999999999858e+00 -1.799999999999999933e-01
2.642228146469131067e-01 7.758782190539627033e-01 1.000000000000000000e+00 3.629704325048166424e-02 9.334455887796739404e+00 3.428000000000000000e+03 3.479999999999999982e+00 -4.799999999999999822e-01
1.308021255905515767e+00 9.182658733945496810e-01 1.000000000000000000e+00 6.953877363121665489e-01 2.155524664807292545e+00 4.596000000000000000e+03 3.680000000000000160e+00 4.699999999999999734e-01
2.146608353773641065e-01 7.268526321652883926e-01 1.000000000000000000e+00 7.167382138052433849e-01 6.765198630014054970e+00 3.226000000000000000e+03 3.379999999999999893e+00 -6.600000000000000311e-01
2.265233510282844698e-01 9.113372668451253933e-01 1.000000000000000000e+00 4.829159925001226261e-01 4.329619311061394527e+00 3.226000000000000000e+03 3.379999999999999893e+00 -6.600000000000000311e-01
1.340965022102162951e+00 1.843331776360714880e-01 1.000000000000000000e+00 8.644165640896835923e-01 8.071691525417918456e+00 4.596000000000000000e+03 3.680000000000000160e+00 4.699999999999999734e-01
9.176784066083274460e-01 6.156780340183578559e-01 1.000000000000000000e+00 9.320044346507848632e-01 4.414221694579807398e+00 4.290000000000000000e+03 3.660000000000000142e+00 2.099999999999999922e-01
2.897772001538845288e-01 8.182331299862893870e-01 1.000000000000000000e+00 7.410024578653378047e-01 6.650080088257750432e+00 3.428000000000000000e+03 3.479999999999999982e+00 -4.799999999999999822e-01
2.604748449096341498e-02 7.751868783454850531e-01 1.000000000000000000e+00 3.077207445080282211e-01 7.124617866460617677e+00 2.710000000000000000e+03 3.569999999999999840e+00 -1.979999999999999982e+00
4.795014594246506112e-01 4.934805521127871852e-02 1.000000000000000000e+00 8.167299473200260174e-01 8.945539744482537969e+00 3.802000000000000000e+03 3.589999999999999858e+00 -1.799999999999999933e-01
7.248301237432309696e-01 2.158208548343946154e-01 1.000000000000000000e+00 7.359203457750684851e-02 6.885800788375792791e+00 4.078000000000000000e+03 3.629999999999999893e+00 4.000000000000000083e-02
9.160425843250578071e-01 7.548625822708979749e-01 1.000000000000000000e+00 4.945082681288796023e-01 3.836803791644006978e+00 4.290000000000000000e+03 3.660000000000000142e+00 2.099999999999999922e-01
1.137247361055161443e+00 4.807328897623397435e-01 1.000000000000000000e+00 5.122189748472635307e-01 2.608778943244131732e+00 4.456000000000000000e+03 3.669999999999999929e+00 3.499999999999999778e-01
3.127488207579861013e-01 7.864494349926531847e-03 1.000000000000000000e+00 8.524278237156068805e-01 5.614956444189536100e+00 3.428000000000000000e+03 3.479999999999999982e+00 -4.799999999999999822e-01
3.479379530865960857e-01 4.556035815637294872e-01 1.000000000000000000e+00 5.728697960095130437e-01 4.692425005638421354e+00 3.428000000000000000e+03 3.479999999999999982e+00 -4.799999999999999822e-01
2.173181372376448983e-01 8.429583534616096330e-01 1.000000000000000000e+00 5.019064697302190181e-01 2.680224750143192836e+00 3.226000000000000000e+03 3.379999999999999893e+00 -6.600000000000000311e-01
5.420806491212040168e-01 1.215708223871930782e-01 1.000000000000000000e+00 8.629559321984202613e-01 3.756712737937668578e+00 3.802000000000000000e+03 3.589999999999999858e+00 -1.799999999999999933e-01
2.651132498006237292e-01 4.906183392263896437e-01 1.000000000000000000e+00 4.347004365932982672e-02 6.058662429990409493e+00 3.428000000000000000e+03 3.479999999999999982e+00 -4.799999999999999822e-01
6.569000293737213836e-01 6.193939070766786292e-01 1.000000000000000000e+00 3.221950144595575605e-01 2.951051117612758290e+00 4.078000000000000000e+03 3.629999999999999893e+00 4.000000000000000083e-02
3.581290540164705494e-01 4.420133230013778558e-02 1.000000000000000000e+00 9.016088094389006491e-01 4.761093056526657818e+00 3.634000000000000000e+03 3.540000000000000036e+00 -3.200000000000000067e-01
5.563750962039692993e-01 1.892518642184448652e-02 1.000000000000000000e+00 3.727711015832203545e-01 5.120793966331781633e+00 3.955000000000000000e+03 3.620000000000000107e+00 -7.000000000000000666e-02
4.801788891204790688e-01 8.288388749887100060e-01 1.000000000000000000e+00 4.205579256277672817e-01 7.020800625558204722e+00 3.802000000000000000e+03 3.589999999999999858e+00 -1.799999999999999933e-01
4.521266495864530999e-01 2.433848031922357658e-01 1.000000000000000000e+00 1.923686671852556929e-01 3.545483010391227374e+00 3.802000000000000000e+03 3.589999999999999858e+00 -1.799999999999999933e-01
1.128948782288921038e+00 9.475932551322668873e-01 1.000000000000000000e+00 7.645651618706690300e-01 6.693742111853835830e+00 4.456000000000000000e+03 3.669999999999999929e+00 3.499999999999999778e-01
5.975705289935135944e-01 5.795957742135344759e-01 1.000000000000000000e+00 9.713409752771757777e-01 8.648494821179101066e+00 3.955000000000000000e+03 3.620000000000000107e+00 -7.000000000000000666e-02
3.943417146336328227e-01 1.748223008661901057e-01 1.000000000000000000e+00 7.732710555531914220e-01 3.259828046347620578e+00 3.634000000000000000e+03 3.540000000000000036e+00 -3.200000000000000067e-01
5.819833624205595912e-01 9.712874638664659166e-01 1.000000000000000000e+00 8.072974834392371291e-01 4.835505027909958287e+00 3.955000000000000000e+03 3.620000000000000107e+00 -7.000000000000000666e-02
8.760970792120564843e-01 1.498762366615263852e-01 1.000000000000000000e+00 3.460103934134090009e-01 6.116447372927349413e+00 4.290000000000000000e+03 3.660000000000000142e+00 2.099999999999999922e-01
9.421954284232111343e-01 7.954799723254526445e-01 1.000000000000000000e+00 7.215404282631663335e-01 2.919714859608176116e+00 4.290000000000000000e+03 3.660000000000000142e+00 2.099999999999999922e-01
2.835181984673837974e-01 2.485902557131520751e-01 1.000000000000000000e+00 9.909498159020627694e-01 4.064466802751312002e+00 3.428000000000000000e+03 3.479999999999999982e+00 -4.799999999999999822e-01
3.301420222763356005e-01 7.701286045545119308e-02 1.000000000000000000e+00 9.589019450134852462e-01 7.057096152806173528e+00 3.428000000000000000e+03 3.479999999999999982e+00 -4.799999999999999822e-01
8.534549853757229521e-01 4.320713578265471533e-01 1.000000000000000000e+00 8.423614750178296529e-01 -1.383032884740842405e-04 4.290000000000000000e+03 3.660000000000000142e+00 2.099999999999999922e-01
2.455741833718645406e-01 6.970692451387791033e-01 1.000000000000000000e+00 3.854032438443885100e-01 2.621055822396154866e+00 3.226000000000000000e+03 3.379999999999999893e+00 -6.600000000000000311e-01
8.921130683144385953e-01 6.610559334756309635e-01 1.000000000000000000e+00 8.528037318820869128e-01 3.652729856050188850e+00 4.290000000000000000e+03 3.660000000000000142e+00 2.099999999999999922e-01
