# # Chi square, temp, lg
1.688689268187120840e+00 3.500000000000000000e+03 3.500000000000000000e+00
1.583759447852442603e+00 3.600000000000000000e+03 3.500000000000000000e+00
1.477490598957621026e+00 3.700000000000000000e+03 3.500000000000000000e+00
1.331024192195564115e+00 3.800000000000000000e+03 3.500000000000000000e+00
1.180853508573693311e+00 3.900000000000000000e+03 3.500000000000000000e+00
1.014257104892576811e+00 4.000000000000000000e+03 3.500000000000000000e+00
8.282772986618096578e-01 4.100000000000000000e+03 3.500000000000000000e+00
6.533525593221991556e-01 4.200000000000000000e+03 3.500000000000000000e+00
4.417223561579259328e-01 4.300000000000000000e+03 3.500000000000000000e+00
2.451642719021684957e-01 4.400000000000000000e+03 3.500000000000000000e+00
2.415235887406970983e-01 4.500000000000000000e+03 3.500000000000000000e+00
4.783075401564760298e-01 4.600000000000000000e+03 3.500000000000000000e+00
7.643002555679092591e-01 4.700000000000000000e+03 3.500000000000000000e+00
1.093625654325087737e+00 4.800000000000000000e+03 3.500000000000000000e+00
1.439904982737294947e+00 4.900000000000000000e+03 3.500000000000000000e+00
1.827481575527180491e+00 5.000000000000000000e+03 3.500000000000000000e+00
2.248670589146867904e+00 5.100000000000000000e+03 3.500000000000000000e+00
2.690043349650137028e+00 5.200000000000000000e+03 3.500000000000000000e+00
3.168338794051129614e+00 5.300000000000000000e+03 3.500000000000000000e+00
3.674894928926696558e+00 5.400000000000000000e+03 3.500000000000000000e+00
1.662284768047497030e+00 3.500000000000000000e+03 4.000000000000000000e+00
1.562786349577431899e+00 3.600000000000000000e+03 4.000000000000000000e+00
1.448365487441075405e+00 3.700000000000000000e+03 4.000000000000000000e+00
1.318683466325391240e+00 3.800000000000000000e+03 4.000000000000000000e+00
1.172725012343738493e+00 3.900000000000000000e+03 4.000000000000000000e+00
9.979290989498654785e-01 4.000000000000000000e+03 4.000000000000000000e+00
8.081838053483512141e-01 4.100000000000000000e+03 4.000000000000000000e+00
6.235053419067677627e-01 4.200000000000000000e+03 4.000000000000000000e+00
4.318149391193422115e-01 4.300000000000000000e+03 4.000000000000000000e+00
2.588851790713334600e-01 4.400000000000000000e+03 4.000000000000000000e+00
2.408380248283228664e-01 4.500000000000000000e+03 4.000000000000000000e+00
4.811989073709871945e-01 4.600000000000000000e+03 4.000000000000000000e+00
7.811665941883466635e-01 4.700000000000000000e+03 4.000000000000000000e+00
1.112742292924161935e+00 4.800000000000000000e+03 4.000000000000000000e+00
1.475937045297464500e+00 4.900000000000000000e+03 4.000000000000000000e+00
1.874541232044238948e+00 5.000000000000000000e+03 4.000000000000000000e+00
2.299503595817888879e+00 5.100000000000000000e+03 4.000000000000000000e+00
2.724622197399838353e+00 5.200000000000000000e+03 4.000000000000000000e+00
3.238862933758659857e+00 5.300000000000000000e+03 4.000000000000000000e+00
3.723717593258890179e+00 5.400000000000000000e+03 4.000000000000000000e+00
1.650663613516196282e+00 3.500000000000000000e+03 4.500000000000000000e+00
1.550616139485869516e+00 3.600000000000000000e+03 4.500000000000000000e+00
1.435603068320641773e+00 3.700000000000000000e+03 4.500000000000000000e+00
1.313884228809464316e+00 3.800000000000000000e+03 4.500000000000000000e+00
1.173078203503660433e+00 3.900000000000000000e+03 4.500000000000000000e+00
1.025419548772653400e+00 4.000000000000000000e+03 4.500000000000000000e+00
8.476220396304897653e-01 4.100000000000000000e+03 4.500000000000000000e+00
6.759698921908906533e-01 4.200000000000000000e+03 4.500000000000000000e+00
4.389652000250250374e-01 4.300000000000000000e+03 4.500000000000000000e+00
2.743996081421593014e-01 4.400000000000000000e+03 4.500000000000000000e+00
2.628910107765535797e-01 4.500000000000000000e+03 4.500000000000000000e+00
4.940753256572913421e-01 4.600000000000000000e+03 4.500000000000000000e+00
7.836381705008446108e-01 4.700000000000000000e+03 4.500000000000000000e+00
1.120971232341096080e+00 4.800000000000000000e+03 4.500000000000000000e+00
1.474611751919090885e+00 4.900000000000000000e+03 4.500000000000000000e+00
1.862478652900996678e+00 5.000000000000000000e+03 4.500000000000000000e+00
2.282155502774869671e+00 5.100000000000000000e+03 4.500000000000000000e+00
2.750174733908737679e+00 5.200000000000000000e+03 4.500000000000000000e+00
3.209291734305328880e+00 5.300000000000000000e+03 4.500000000000000000e+00
3.662877713906898869e+00 5.400000000000000000e+03 4.500000000000000000e+00
