# # Chi square, temp, lg
1.428116965295833651e+00 2.500000000000000000e+03 3.500000000000000000e+00
1.399004625012717717e+00 2.600000000000000000e+03 3.500000000000000000e+00
1.361383333082136549e+00 2.700000000000000000e+03 3.500000000000000000e+00
1.320735215564779574e+00 2.800000000000000000e+03 3.500000000000000000e+00
1.269957732218816027e+00 2.900000000000000000e+03 3.500000000000000000e+00
1.215154264581708832e+00 3.000000000000000000e+03 3.500000000000000000e+00
1.155434062505402482e+00 3.100000000000000000e+03 3.500000000000000000e+00
1.093244862850291321e+00 3.200000000000000000e+03 3.500000000000000000e+00
1.019791257204822443e+00 3.300000000000000000e+03 3.500000000000000000e+00
9.375427788890924319e-01 3.400000000000000000e+03 3.500000000000000000e+00
8.494787930484077876e-01 3.500000000000000000e+03 3.500000000000000000e+00
7.456262125677007857e-01 3.600000000000000000e+03 3.500000000000000000e+00
6.360421759047533152e-01 3.700000000000000000e+03 3.500000000000000000e+00
4.937408692499301033e-01 3.800000000000000000e+03 3.500000000000000000e+00
3.558623135047788155e-01 3.900000000000000000e+03 3.500000000000000000e+00
2.235568630856608896e-01 4.000000000000000000e+03 3.500000000000000000e+00
1.555027622628881445e-01 4.100000000000000000e+03 3.500000000000000000e+00
2.704160833294278476e-01 4.200000000000000000e+03 3.500000000000000000e+00
4.755231455275406582e-01 4.300000000000000000e+03 3.500000000000000000e+00
7.140638561752922220e-01 4.400000000000000000e+03 3.500000000000000000e+00
1.421997616128165332e+00 2.500000000000000000e+03 4.000000000000000000e+00
1.390598027593131114e+00 2.600000000000000000e+03 4.000000000000000000e+00
1.355153924202154636e+00 2.700000000000000000e+03 4.000000000000000000e+00
1.311269269591833098e+00 2.800000000000000000e+03 4.000000000000000000e+00
1.260272894761199192e+00 2.900000000000000000e+03 4.000000000000000000e+00
1.207653511521994183e+00 3.000000000000000000e+03 4.000000000000000000e+00
1.147160784204501738e+00 3.100000000000000000e+03 4.000000000000000000e+00
1.079267223415827814e+00 3.200000000000000000e+03 4.000000000000000000e+00
1.004850626430160210e+00 3.300000000000000000e+03 4.000000000000000000e+00
9.252361557743922216e-01 3.400000000000000000e+03 4.000000000000000000e+00
8.284496144697603981e-01 3.500000000000000000e+03 4.000000000000000000e+00
7.273769374172435187e-01 3.600000000000000000e+03 4.000000000000000000e+00
6.159539550033371613e-01 3.700000000000000000e+03 4.000000000000000000e+00
4.854389340656845020e-01 3.800000000000000000e+03 4.000000000000000000e+00
3.468015917158981387e-01 3.900000000000000000e+03 4.000000000000000000e+00
2.058689524895977452e-01 4.000000000000000000e+03 4.000000000000000000e+00
1.708715668567171442e-01 4.100000000000000000e+03 4.000000000000000000e+00
3.038803373152151877e-01 4.200000000000000000e+03 4.000000000000000000e+00
4.952317590184370788e-01 4.300000000000000000e+03 4.000000000000000000e+00
7.223073956751467906e-01 4.400000000000000000e+03 4.000000000000000000e+00
1.419518572451221816e+00 2.500000000000000000e+03 4.500000000000000000e+00
1.389041783289451715e+00 2.600000000000000000e+03 4.500000000000000000e+00
1.352706372733164519e+00 2.700000000000000000e+03 4.500000000000000000e+00
1.311169546279450593e+00 2.800000000000000000e+03 4.500000000000000000e+00
1.262206815747391131e+00 2.900000000000000000e+03 4.500000000000000000e+00
1.207172392177670917e+00 3.000000000000000000e+03 4.500000000000000000e+00
1.140866122249470926e+00 3.100000000000000000e+03 4.500000000000000000e+00
1.071414031587491156e+00 3.200000000000000000e+03 4.500000000000000000e+00
9.964207574929300204e-01 3.300000000000000000e+03 4.500000000000000000e+00
9.130013902886063848e-01 3.400000000000000000e+03 4.500000000000000000e+00
8.219255259917006562e-01 3.500000000000000000e+03 4.500000000000000000e+00
7.183800151032634362e-01 3.600000000000000000e+03 4.500000000000000000e+00
6.070310471123004925e-01 3.700000000000000000e+03 4.500000000000000000e+00
4.890657696581178771e-01 3.800000000000000000e+03 4.500000000000000000e+00
3.511696769709707899e-01 3.900000000000000000e+03 4.500000000000000000e+00
2.260034160319283059e-01 4.000000000000000000e+03 4.500000000000000000e+00
1.591863784481930555e-01 4.100000000000000000e+03 4.500000000000000000e+00
2.642082696247836648e-01 4.200000000000000000e+03 4.500000000000000000e+00
4.905581269084329232e-01 4.300000000000000000e+03 4.500000000000000000e+00
7.164647574063131019e-01 4.400000000000000000e+03 4.500000000000000000e+00
