# # Chi square, temp, lg
1.049823240289128767e+00 3.500000000000000000e+03 3.500000000000000000e+00
9.451194723390843322e-01 3.600000000000000000e+03 3.500000000000000000e+00
8.339351625169890703e-01 3.700000000000000000e+03 3.500000000000000000e+00
6.882260968884917895e-01 3.800000000000000000e+03 3.500000000000000000e+00
5.421186350277270583e-01 3.900000000000000000e+03 3.500000000000000000e+00
3.804145102919889165e-01 4.000000000000000000e+03 3.500000000000000000e+00
2.268847754745076661e-01 4.100000000000000000e+03 3.500000000000000000e+00
1.638256914025272015e-01 4.200000000000000000e+03 3.500000000000000000e+00
3.156212466891208934e-01 4.300000000000000000e+03 3.500000000000000000e+00
5.345323774975343500e-01 4.400000000000000000e+03 3.500000000000000000e+00
7.936607561960395962e-01 4.500000000000000000e+03 3.500000000000000000e+00
1.098949191966753558e+00 4.600000000000000000e+03 3.500000000000000000e+00
1.381140210920733802e+00 4.700000000000000000e+03 3.500000000000000000e+00
1.731070093491136941e+00 4.800000000000000000e+03 3.500000000000000000e+00
2.077923723335702189e+00 4.900000000000000000e+03 3.500000000000000000e+00
2.456033917992144211e+00 5.000000000000000000e+03 3.500000000000000000e+00
2.855067476402091131e+00 5.100000000000000000e+03 3.500000000000000000e+00
3.342951017492417520e+00 5.200000000000000000e+03 3.500000000000000000e+00
3.793491851237785539e+00 5.300000000000000000e+03 3.500000000000000000e+00
4.283569853508540248e+00 5.400000000000000000e+03 3.500000000000000000e+00
1.025072284058999861e+00 3.500000000000000000e+03 4.000000000000000000e+00
9.247958119428409951e-01 3.600000000000000000e+03 4.000000000000000000e+00
8.101978827601962196e-01 3.700000000000000000e+03 4.000000000000000000e+00
6.757647971743422355e-01 3.800000000000000000e+03 4.000000000000000000e+00
5.332209255378912438e-01 3.900000000000000000e+03 4.000000000000000000e+00
3.770721149889929569e-01 4.000000000000000000e+03 4.000000000000000000e+00
2.055106994417246202e-01 4.100000000000000000e+03 4.000000000000000000e+00
1.772784970723455533e-01 4.200000000000000000e+03 4.000000000000000000e+00
3.271556056754610919e-01 4.300000000000000000e+03 4.000000000000000000e+00
5.353217458788881444e-01 4.400000000000000000e+03 4.000000000000000000e+00
8.059418883655663501e-01 4.500000000000000000e+03 4.000000000000000000e+00
1.101299620305272731e+00 4.600000000000000000e+03 4.000000000000000000e+00
1.411917049791711065e+00 4.700000000000000000e+03 4.000000000000000000e+00
1.744995587440956397e+00 4.800000000000000000e+03 4.000000000000000000e+00
2.114839314489870947e+00 4.900000000000000000e+03 4.000000000000000000e+00
2.518704458533468582e+00 5.000000000000000000e+03 4.000000000000000000e+00
2.939609137923244742e+00 5.100000000000000000e+03 4.000000000000000000e+00
3.355179482281918535e+00 5.200000000000000000e+03 4.000000000000000000e+00
3.865643457119689153e+00 5.300000000000000000e+03 4.000000000000000000e+00
4.381089863019218988e+00 5.400000000000000000e+03 4.000000000000000000e+00
1.017513995455051612e+00 3.500000000000000000e+03 4.500000000000000000e+00
9.169949468513888258e-01 3.600000000000000000e+03 4.500000000000000000e+00
8.032594973475665201e-01 3.700000000000000000e+03 4.500000000000000000e+00
6.779658228572520429e-01 3.800000000000000000e+03 4.500000000000000000e+00
5.375672340977138974e-01 3.900000000000000000e+03 4.500000000000000000e+00
3.915404409148112719e-01 4.000000000000000000e+03 4.500000000000000000e+00
2.391581946180859064e-01 4.100000000000000000e+03 4.500000000000000000e+00
1.752285472602225502e-01 4.200000000000000000e+03 4.500000000000000000e+00
3.145364548750749223e-01 4.300000000000000000e+03 4.500000000000000000e+00
5.449782472292488134e-01 4.400000000000000000e+03 4.500000000000000000e+00
8.070072232280025570e-01 4.500000000000000000e+03 4.500000000000000000e+00
1.112614779099782902e+00 4.600000000000000000e+03 4.500000000000000000e+00
1.413863712475573076e+00 4.700000000000000000e+03 4.500000000000000000e+00
1.755470753943808582e+00 4.800000000000000000e+03 4.500000000000000000e+00
2.117350124038690051e+00 4.900000000000000000e+03 4.500000000000000000e+00
2.508283656472903189e+00 5.000000000000000000e+03 4.500000000000000000e+00
2.925229578410242226e+00 5.100000000000000000e+03 4.500000000000000000e+00
3.363765022033553098e+00 5.200000000000000000e+03 4.500000000000000000e+00
3.844731782099704009e+00 5.300000000000000000e+03 4.500000000000000000e+00
4.270537574731492647e+00 5.400000000000000000e+03 4.500000000000000000e+00
