# # Chi square, temp, lg
1.979691604795791315e-01 3.500000000000000000e+03 3.500000000000000000e+00
1.675540226485568718e-01 3.600000000000000000e+03 3.500000000000000000e+00
2.127160307463813183e-01 3.700000000000000000e+03 3.500000000000000000e+00
3.342134376972446530e-01 3.800000000000000000e+03 3.500000000000000000e+00
4.782019124058927151e-01 3.900000000000000000e+03 3.500000000000000000e+00
6.513622538323315947e-01 4.000000000000000000e+03 3.500000000000000000e+00
8.375537885252293258e-01 4.100000000000000000e+03 3.500000000000000000e+00
1.022719642716962030e+00 4.200000000000000000e+03 3.500000000000000000e+00
1.255405037867053597e+00 4.300000000000000000e+03 3.500000000000000000e+00
1.495935082739002109e+00 4.400000000000000000e+03 3.500000000000000000e+00
1.762445147962526049e+00 4.500000000000000000e+03 3.500000000000000000e+00
2.053544427616997847e+00 4.600000000000000000e+03 3.500000000000000000e+00
2.359128680820513413e+00 4.700000000000000000e+03 3.500000000000000000e+00
2.706172616093982963e+00 4.800000000000000000e+03 3.500000000000000000e+00
3.049647967817988636e+00 4.900000000000000000e+03 3.500000000000000000e+00
3.431872392483755974e+00 5.000000000000000000e+03 3.500000000000000000e+00
3.831060954053483680e+00 5.100000000000000000e+03 3.500000000000000000e+00
4.308106526925478796e+00 5.200000000000000000e+03 3.500000000000000000e+00
4.761561073086087781e+00 5.300000000000000000e+03 3.500000000000000000e+00
5.250411636044673536e+00 5.400000000000000000e+03 3.500000000000000000e+00
2.189977870151853245e-01 3.500000000000000000e+03 4.000000000000000000e+00
2.005030981864129869e-01 3.600000000000000000e+03 4.000000000000000000e+00
2.487062522377394558e-01 3.700000000000000000e+03 4.000000000000000000e+00
3.522080080070864039e-01 3.800000000000000000e+03 4.000000000000000000e+00
4.890635301059293449e-01 3.900000000000000000e+03 4.000000000000000000e+00
6.596669730642847895e-01 4.000000000000000000e+03 4.000000000000000000e+00
8.624110322055673628e-01 4.100000000000000000e+03 4.000000000000000000e+00
1.055243343985670545e+00 4.200000000000000000e+03 4.000000000000000000e+00
1.270476665844116448e+00 4.300000000000000000e+03 4.000000000000000000e+00
1.506771098314081403e+00 4.400000000000000000e+03 4.000000000000000000e+00
1.781127192059436704e+00 4.500000000000000000e+03 4.000000000000000000e+00
2.076518851968373269e+00 4.600000000000000000e+03 4.000000000000000000e+00
2.377071906592118200e+00 4.700000000000000000e+03 4.000000000000000000e+00
2.712203135669183141e+00 4.800000000000000000e+03 4.000000000000000000e+00
3.089171098231600077e+00 4.900000000000000000e+03 4.000000000000000000e+00
3.492099355955984308e+00 5.000000000000000000e+03 4.000000000000000000e+00
3.885022078784983623e+00 5.100000000000000000e+03 4.000000000000000000e+00
4.314915406852819935e+00 5.200000000000000000e+03 4.000000000000000000e+00
4.850046893114570601e+00 5.300000000000000000e+03 4.000000000000000000e+00
5.339305438313289187e+00 5.400000000000000000e+03 4.000000000000000000e+00
2.377568489350023739e-01 3.500000000000000000e+03 4.500000000000000000e+00
2.301655290749731186e-01 3.600000000000000000e+03 4.500000000000000000e+00
2.772701799308782689e-01 3.700000000000000000e+03 4.500000000000000000e+00
3.709186787824755860e-01 3.800000000000000000e+03 4.500000000000000000e+00
4.985694263303735996e-01 3.900000000000000000e+03 4.500000000000000000e+00
6.427565765475949933e-01 4.000000000000000000e+03 4.500000000000000000e+00
8.234352101167637938e-01 4.100000000000000000e+03 4.500000000000000000e+00
1.007697748588304520e+00 4.200000000000000000e+03 4.500000000000000000e+00
1.261944242606217292e+00 4.300000000000000000e+03 4.500000000000000000e+00
1.497537247399811200e+00 4.400000000000000000e+03 4.500000000000000000e+00
1.768941433036459454e+00 4.500000000000000000e+03 4.500000000000000000e+00
2.081701526802603563e+00 4.600000000000000000e+03 4.500000000000000000e+00
2.397228992488779742e+00 4.700000000000000000e+03 4.500000000000000000e+00
2.731821135971560732e+00 4.800000000000000000e+03 4.500000000000000000e+00
3.089604338590395738e+00 4.900000000000000000e+03 4.500000000000000000e+00
3.490032480315641727e+00 5.000000000000000000e+03 4.500000000000000000e+00
3.886716851478167811e+00 5.100000000000000000e+03 4.500000000000000000e+00
4.317030697454334209e+00 5.200000000000000000e+03 4.500000000000000000e+00
4.795549468894942713e+00 5.300000000000000000e+03 4.500000000000000000e+00
5.241865409180436863e+00 5.400000000000000000e+03 4.500000000000000000e+00
