# # Chi square, temp, lg
3.797933628983106158e-01 3.500000000000000000e+03 3.500000000000000000e+00
2.714954685680072144e-01 3.600000000000000000e+03 3.500000000000000000e+00
1.677401003333584828e-01 3.700000000000000000e+03 3.500000000000000000e+00
8.150962882561782474e-02 3.800000000000000000e+03 3.500000000000000000e+00
1.803558674592764810e-01 3.900000000000000000e+03 3.500000000000000000e+00
3.399670876916889850e-01 4.000000000000000000e+03 3.500000000000000000e+00
5.235999589496695972e-01 4.100000000000000000e+03 3.500000000000000000e+00
7.111287743648275761e-01 4.200000000000000000e+03 3.500000000000000000e+00
9.409606848420064562e-01 4.300000000000000000e+03 3.500000000000000000e+00
1.175317639168460326e+00 4.400000000000000000e+03 3.500000000000000000e+00
1.441753211511469956e+00 4.500000000000000000e+03 3.500000000000000000e+00
1.744941188051371439e+00 4.600000000000000000e+03 3.500000000000000000e+00
2.034542208723133072e+00 4.700000000000000000e+03 3.500000000000000000e+00
2.372410238235891367e+00 4.800000000000000000e+03 3.500000000000000000e+00
2.719858288050527317e+00 4.900000000000000000e+03 3.500000000000000000e+00
3.101790265056944218e+00 5.000000000000000000e+03 3.500000000000000000e+00
3.517596566514032297e+00 5.100000000000000000e+03 3.500000000000000000e+00
3.959433356226127021e+00 5.200000000000000000e+03 3.500000000000000000e+00
4.434368603875552317e+00 5.300000000000000000e+03 3.500000000000000000e+00
4.925697586978759368e+00 5.400000000000000000e+03 3.500000000000000000e+00
3.611157354774466310e-01 3.500000000000000000e+03 4.000000000000000000e+00
2.597967981851873609e-01 3.600000000000000000e+03 4.000000000000000000e+00
1.493245731228054207e-01 3.700000000000000000e+03 4.000000000000000000e+00
8.126443795562103556e-02 3.800000000000000000e+03 4.000000000000000000e+00
1.830324888547953943e-01 3.900000000000000000e+03 4.000000000000000000e+00
3.547189399321197811e-01 4.000000000000000000e+03 4.000000000000000000e+00
5.512964984419251868e-01 4.100000000000000000e+03 4.000000000000000000e+00
7.445162863594563252e-01 4.200000000000000000e+03 4.000000000000000000e+00
9.547585137975738157e-01 4.300000000000000000e+03 4.000000000000000000e+00
1.192044577147407303e+00 4.400000000000000000e+03 4.000000000000000000e+00
1.454997320466246080e+00 4.500000000000000000e+03 4.000000000000000000e+00
1.748999039904046038e+00 4.600000000000000000e+03 4.000000000000000000e+00
2.071467483593280701e+00 4.700000000000000000e+03 4.000000000000000000e+00
2.390933748007056270e+00 4.800000000000000000e+03 4.000000000000000000e+00
2.761593334682806766e+00 4.900000000000000000e+03 4.000000000000000000e+00
3.168416149058800091e+00 5.000000000000000000e+03 4.000000000000000000e+00
3.586852789983222767e+00 5.100000000000000000e+03 4.000000000000000000e+00
4.008171169362674924e+00 5.200000000000000000e+03 4.000000000000000000e+00
4.484442132034506479e+00 5.300000000000000000e+03 4.000000000000000000e+00
4.977970472353914211e+00 5.400000000000000000e+03 4.000000000000000000e+00
3.587823013600239253e-01 3.500000000000000000e+03 4.500000000000000000e+00
2.588787407249998340e-01 3.600000000000000000e+03 4.500000000000000000e+00
1.595208406009683832e-01 3.700000000000000000e+03 4.500000000000000000e+00
1.079130058484361471e-01 3.800000000000000000e+03 4.500000000000000000e+00
1.908393722182631091e-01 3.900000000000000000e+03 4.500000000000000000e+00
3.317263434567917502e-01 4.000000000000000000e+03 4.500000000000000000e+00
5.082154396585031320e-01 4.100000000000000000e+03 4.500000000000000000e+00
6.899061242673836247e-01 4.200000000000000000e+03 4.500000000000000000e+00
9.520997420896486485e-01 4.300000000000000000e+03 4.500000000000000000e+00
1.192249427340219992e+00 4.400000000000000000e+03 4.500000000000000000e+00
1.457654891665656871e+00 4.500000000000000000e+03 4.500000000000000000e+00
1.758655083192886437e+00 4.600000000000000000e+03 4.500000000000000000e+00
2.063036456434960364e+00 4.700000000000000000e+03 4.500000000000000000e+00
2.411405473890884554e+00 4.800000000000000000e+03 4.500000000000000000e+00
2.769808012554902721e+00 4.900000000000000000e+03 4.500000000000000000e+00
3.161451597786717915e+00 5.000000000000000000e+03 4.500000000000000000e+00
3.568353513911413977e+00 5.100000000000000000e+03 4.500000000000000000e+00
3.996343271912831785e+00 5.200000000000000000e+03 4.500000000000000000e+00
4.458373590333019720e+00 5.300000000000000000e+03 4.500000000000000000e+00
4.925576460023571634e+00 5.400000000000000000e+03 4.500000000000000000e+00
