# # Chi square, temp, lg
9.943626921515510420e-01 2.500000000000000000e+03 3.500000000000000000e+00
9.632118026067306715e-01 2.600000000000000000e+03 3.500000000000000000e+00
9.232322704912681033e-01 2.700000000000000000e+03 3.500000000000000000e+00
8.803644916506937479e-01 2.800000000000000000e+03 3.500000000000000000e+00
8.255647606357330304e-01 2.900000000000000000e+03 3.500000000000000000e+00
7.659924666082906786e-01 3.000000000000000000e+03 3.500000000000000000e+00
7.037552098111020671e-01 3.100000000000000000e+03 3.500000000000000000e+00
6.363269425865349938e-01 3.200000000000000000e+03 3.500000000000000000e+00
5.590603813346691764e-01 3.300000000000000000e+03 3.500000000000000000e+00
4.698708829507893259e-01 3.400000000000000000e+03 3.500000000000000000e+00
3.797933628983106158e-01 3.500000000000000000e+03 3.500000000000000000e+00
2.714954685680072144e-01 3.600000000000000000e+03 3.500000000000000000e+00
1.677401003333584828e-01 3.700000000000000000e+03 3.500000000000000000e+00
8.150962882561782474e-02 3.800000000000000000e+03 3.500000000000000000e+00
1.803558674592764810e-01 3.900000000000000000e+03 3.500000000000000000e+00
3.399670876916889850e-01 4.000000000000000000e+03 3.500000000000000000e+00
5.235999589496695972e-01 4.100000000000000000e+03 3.500000000000000000e+00
7.111287743648275761e-01 4.200000000000000000e+03 3.500000000000000000e+00
9.409606848420064562e-01 4.300000000000000000e+03 3.500000000000000000e+00
1.175317639168460326e+00 4.400000000000000000e+03 3.500000000000000000e+00
9.882954452260175326e-01 2.500000000000000000e+03 4.000000000000000000e+00
9.542998168693629379e-01 2.600000000000000000e+03 4.000000000000000000e+00
9.155703834929517226e-01 2.700000000000000000e+03 4.000000000000000000e+00
8.687139960802137129e-01 2.800000000000000000e+03 4.000000000000000000e+00
8.153334151220830162e-01 2.900000000000000000e+03 4.000000000000000000e+00
7.593712403079856399e-01 3.000000000000000000e+03 4.000000000000000000e+00
6.960462597475138846e-01 3.100000000000000000e+03 4.000000000000000000e+00
6.230706462596977691e-01 3.200000000000000000e+03 4.000000000000000000e+00
5.451562822091376992e-01 3.300000000000000000e+03 4.000000000000000000e+00
4.617572159701965884e-01 3.400000000000000000e+03 4.000000000000000000e+00
3.611157354774466310e-01 3.500000000000000000e+03 4.000000000000000000e+00
2.597967981851873609e-01 3.600000000000000000e+03 4.000000000000000000e+00
1.493245731228054207e-01 3.700000000000000000e+03 4.000000000000000000e+00
8.126443795562103556e-02 3.800000000000000000e+03 4.000000000000000000e+00
1.830324888547953943e-01 3.900000000000000000e+03 4.000000000000000000e+00
3.547189399321197811e-01 4.000000000000000000e+03 4.000000000000000000e+00
5.512964984419251868e-01 4.100000000000000000e+03 4.000000000000000000e+00
7.445162863594563252e-01 4.200000000000000000e+03 4.000000000000000000e+00
9.547585137975738157e-01 4.300000000000000000e+03 4.000000000000000000e+00
1.192044577147407303e+00 4.400000000000000000e+03 4.000000000000000000e+00
9.850725660437510411e-01 2.500000000000000000e+03 4.500000000000000000e+00
9.523066343637236475e-01 2.600000000000000000e+03 4.500000000000000000e+00
9.129797292980995627e-01 2.700000000000000000e+03 4.500000000000000000e+00
8.683917118165863647e-01 2.800000000000000000e+03 4.500000000000000000e+00
8.168657430900896355e-01 2.900000000000000000e+03 4.500000000000000000e+00
7.583692420891618990e-01 3.000000000000000000e+03 4.500000000000000000e+00
6.895528279240510372e-01 3.100000000000000000e+03 4.500000000000000000e+00
6.162773740936967615e-01 3.200000000000000000e+03 4.500000000000000000e+00
5.386055932224033116e-01 3.300000000000000000e+03 4.500000000000000000e+00
4.535010492071889776e-01 3.400000000000000000e+03 4.500000000000000000e+00
3.587823013600239253e-01 3.500000000000000000e+03 4.500000000000000000e+00
2.588787407249998340e-01 3.600000000000000000e+03 4.500000000000000000e+00
1.595208406009683832e-01 3.700000000000000000e+03 4.500000000000000000e+00
1.079130058484361471e-01 3.800000000000000000e+03 4.500000000000000000e+00
1.908393722182631091e-01 3.900000000000000000e+03 4.500000000000000000e+00
3.317263434567917502e-01 4.000000000000000000e+03 4.500000000000000000e+00
5.082154396585031320e-01 4.100000000000000000e+03 4.500000000000000000e+00
6.899061242673836247e-01 4.200000000000000000e+03 4.500000000000000000e+00
9.520997420896486485e-01 4.300000000000000000e+03 4.500000000000000000e+00
1.192249427340219992e+00 4.400000000000000000e+03 4.500000000000000000e+00
