# # Chi square, temp, lg
2.406765028324662214e+00 2.500000000000000000e+03 3.500000000000000000e+00
2.381415317364198980e+00 2.600000000000000000e+03 3.500000000000000000e+00
2.347510249876242572e+00 2.700000000000000000e+03 3.500000000000000000e+00
2.311432832838173912e+00 2.800000000000000000e+03 3.500000000000000000e+00
2.265399234646314319e+00 2.900000000000000000e+03 3.500000000000000000e+00
2.214660402215691271e+00 3.000000000000000000e+03 3.500000000000000000e+00
2.161186249890724387e+00 3.100000000000000000e+03 3.500000000000000000e+00
2.104847660105064300e+00 3.200000000000000000e+03 3.500000000000000000e+00
2.037725895171837553e+00 3.300000000000000000e+03 3.500000000000000000e+00
1.958301168091227895e+00 3.400000000000000000e+03 3.500000000000000000e+00
1.876527598202563540e+00 3.500000000000000000e+03 3.500000000000000000e+00
1.774451189259693917e+00 3.600000000000000000e+03 3.500000000000000000e+00
1.666992109281151269e+00 3.700000000000000000e+03 3.500000000000000000e+00
1.521054832085940722e+00 3.800000000000000000e+03 3.500000000000000000e+00
1.371415334348180082e+00 3.900000000000000000e+03 3.500000000000000000e+00
1.206327808397959833e+00 4.000000000000000000e+03 3.500000000000000000e+00
1.021573819738962774e+00 4.100000000000000000e+03 3.500000000000000000e+00
8.453732424342784713e-01 4.200000000000000000e+03 3.500000000000000000e+00
6.292460837826258091e-01 4.300000000000000000e+03 3.500000000000000000e+00
4.034868969922364434e-01 4.400000000000000000e+03 3.500000000000000000e+00
2.402093743138437709e+00 2.500000000000000000e+03 4.000000000000000000e+00
2.374024988908996825e+00 2.600000000000000000e+03 4.000000000000000000e+00
2.341878409613566081e+00 2.700000000000000000e+03 4.000000000000000000e+00
2.302548621906440829e+00 2.800000000000000000e+03 4.000000000000000000e+00
2.256720659476164847e+00 2.900000000000000000e+03 4.000000000000000000e+00
2.208163312833363978e+00 3.000000000000000000e+03 4.000000000000000000e+00
2.151487581841900809e+00 3.100000000000000000e+03 4.000000000000000000e+00
2.088744582110359627e+00 3.200000000000000000e+03 4.000000000000000000e+00
2.018817662090773180e+00 3.300000000000000000e+03 4.000000000000000000e+00
1.941662481588064981e+00 3.400000000000000000e+03 4.000000000000000000e+00
1.850087796686341823e+00 3.500000000000000000e+03 4.000000000000000000e+00
1.750761697226404401e+00 3.600000000000000000e+03 4.000000000000000000e+00
1.639182614609367761e+00 3.700000000000000000e+03 4.000000000000000000e+00
1.508505125866559826e+00 3.800000000000000000e+03 4.000000000000000000e+00
1.362536784671652068e+00 3.900000000000000000e+03 4.000000000000000000e+00
1.191262912429506660e+00 4.000000000000000000e+03 4.000000000000000000e+00
1.001202882350499479e+00 4.100000000000000000e+03 4.000000000000000000e+00
8.137994946497969506e-01 4.200000000000000000e+03 4.000000000000000000e+00
6.149728155364012627e-01 4.300000000000000000e+03 4.000000000000000000e+00
4.154647427707015006e-01 4.400000000000000000e+03 4.000000000000000000e+00
2.399211105968568347e+00 2.500000000000000000e+03 4.500000000000000000e+00
2.372818892790469203e+00 2.600000000000000000e+03 4.500000000000000000e+00
2.339928423027862081e+00 2.700000000000000000e+03 4.500000000000000000e+00
2.302921519926520943e+00 2.800000000000000000e+03 4.500000000000000000e+00
2.258600465592797146e+00 2.900000000000000000e+03 4.500000000000000000e+00
2.208145869852942145e+00 3.000000000000000000e+03 4.500000000000000000e+00
2.145278091410891985e+00 3.100000000000000000e+03 4.500000000000000000e+00
2.079494211532662007e+00 3.200000000000000000e+03 4.500000000000000000e+00
2.007759820636651149e+00 3.300000000000000000e+03 4.500000000000000000e+00
1.927822709474075413e+00 3.400000000000000000e+03 4.500000000000000000e+00
1.838325689377201755e+00 3.500000000000000000e+03 4.500000000000000000e+00
1.738805549224407443e+00 3.600000000000000000e+03 4.500000000000000000e+00
1.626465618336202290e+00 3.700000000000000000e+03 4.500000000000000000e+00
1.504605686813766274e+00 3.800000000000000000e+03 4.500000000000000000e+00
1.365615015787247533e+00 3.900000000000000000e+03 4.500000000000000000e+00
1.217060662947316407e+00 4.000000000000000000e+03 4.500000000000000000e+00
1.040073821526708464e+00 4.100000000000000000e+03 4.500000000000000000e+00
8.628051418285201946e-01 4.200000000000000000e+03 4.500000000000000000e+00
6.248989380620083578e-01 4.300000000000000000e+03 4.500000000000000000e+00
4.269603051690351037e-01 4.400000000000000000e+03 4.500000000000000000e+00
