# # Chi square, temp, lg
6.346944771339763092e-02 3.000000000000000000e+03 3.500000000000000000e+00
1.250000315050939781e-01 3.100000000000000000e+03 3.500000000000000000e+00
1.951549459324887770e-01 3.200000000000000000e+03 3.500000000000000000e+00
2.771303993864149828e-01 3.300000000000000000e+03 3.500000000000000000e+00
3.661917637506231782e-01 3.400000000000000000e+03 3.500000000000000000e+00
4.611553530893645614e-01 3.500000000000000000e+03 3.500000000000000000e+00
5.697727902020397472e-01 3.600000000000000000e+03 3.500000000000000000e+00
6.809925985259196457e-01 3.700000000000000000e+03 3.500000000000000000e+00
8.233860406560807865e-01 3.800000000000000000e+03 3.500000000000000000e+00
9.643223651946488673e-01 3.900000000000000000e+03 3.500000000000000000e+00
1.134812430080045953e+00 4.000000000000000000e+03 3.500000000000000000e+00
1.314287991163481717e+00 4.100000000000000000e+03 3.500000000000000000e+00
1.494403102454147536e+00 4.200000000000000000e+03 3.500000000000000000e+00
1.720832230928857731e+00 4.300000000000000000e+03 3.500000000000000000e+00
1.957395459261757287e+00 4.400000000000000000e+03 3.500000000000000000e+00
2.211558771873307183e+00 4.500000000000000000e+03 3.500000000000000000e+00
2.500481681174570703e+00 4.600000000000000000e+03 3.500000000000000000e+00
2.799694111404046559e+00 4.700000000000000000e+03 3.500000000000000000e+00
3.146625139600352394e+00 4.800000000000000000e+03 3.500000000000000000e+00
3.478084476233628042e+00 4.900000000000000000e+03 3.500000000000000000e+00
6.834065501693194211e-02 3.000000000000000000e+03 4.000000000000000000e+00
1.310670986694633389e-01 3.100000000000000000e+03 4.000000000000000000e+00
2.046146159667047437e-01 3.200000000000000000e+03 4.000000000000000000e+00
2.837926055552832949e-01 3.300000000000000000e+03 4.000000000000000000e+00
3.685251367297623926e-01 3.400000000000000000e+03 4.000000000000000000e+00
4.703247761482369227e-01 3.500000000000000000e+03 4.000000000000000000e+00
5.732575459739344126e-01 3.600000000000000000e+03 4.000000000000000000e+00
6.926254872413544206e-01 3.700000000000000000e+03 4.000000000000000000e+00
8.274719533098618962e-01 3.800000000000000000e+03 4.000000000000000000e+00
9.696124755869902634e-01 3.900000000000000000e+03 4.000000000000000000e+00
1.140766510374492615e+00 4.000000000000000000e+03 4.000000000000000000e+00
1.339549340092406338e+00 4.100000000000000000e+03 4.000000000000000000e+00
1.528724698366173973e+00 4.200000000000000000e+03 4.000000000000000000e+00
1.741227135334161291e+00 4.300000000000000000e+03 4.000000000000000000e+00
1.974644688711169938e+00 4.400000000000000000e+03 4.000000000000000000e+00
2.232865878751286726e+00 4.500000000000000000e+03 4.000000000000000000e+00
2.517166131903683546e+00 4.600000000000000000e+03 4.000000000000000000e+00
2.822875409930825974e+00 4.700000000000000000e+03 4.000000000000000000e+00
3.161261063153997686e+00 4.800000000000000000e+03 4.000000000000000000e+00
3.525444778468644014e+00 4.900000000000000000e+03 4.000000000000000000e+00
6.947237282926276014e-02 3.000000000000000000e+03 4.500000000000000000e+00
1.373169590534516482e-01 3.100000000000000000e+03 4.500000000000000000e+00
2.108141429930490418e-01 3.200000000000000000e+03 4.500000000000000000e+00
2.893953037313602428e-01 3.300000000000000000e+03 4.500000000000000000e+00
3.761849396279199342e-01 3.400000000000000000e+03 4.500000000000000000e+00
4.704833359161409989e-01 3.500000000000000000e+03 4.500000000000000000e+00
5.739141155641849235e-01 3.600000000000000000e+03 4.500000000000000000e+00
6.909071590575989186e-01 3.700000000000000000e+03 4.500000000000000000e+00
8.173615805616781804e-01 3.800000000000000000e+03 4.500000000000000000e+00
9.573664532748794587e-01 3.900000000000000000e+03 4.500000000000000000e+00
1.108895019147713157e+00 4.000000000000000000e+03 4.500000000000000000e+00
1.295575932032066779e+00 4.100000000000000000e+03 4.500000000000000000e+00
1.476285788241560759e+00 4.200000000000000000e+03 4.500000000000000000e+00
1.730413306554553721e+00 4.300000000000000000e+03 4.500000000000000000e+00
1.977927173911763203e+00 4.400000000000000000e+03 4.500000000000000000e+00
2.240266653402784858e+00 4.500000000000000000e+03 4.500000000000000000e+00
2.532890499481908808e+00 4.600000000000000000e+03 4.500000000000000000e+00
2.836598559915246121e+00 4.700000000000000000e+03 4.500000000000000000e+00
3.183670623811662104e+00 4.800000000000000000e+03 4.500000000000000000e+00
3.533679034343615299e+00 4.900000000000000000e+03 4.500000000000000000e+00
