# # Chi square, temp, lg
1.273797221949177105e+00 3.500000000000000000e+03 3.500000000000000000e+00
1.166549632106310685e+00 3.600000000000000000e+03 3.500000000000000000e+00
1.059868958271314332e+00 3.700000000000000000e+03 3.500000000000000000e+00
9.121836823339227740e-01 3.800000000000000000e+03 3.500000000000000000e+00
7.623714832903530914e-01 3.900000000000000000e+03 3.500000000000000000e+00
5.956236539188297652e-01 4.000000000000000000e+03 3.500000000000000000e+00
4.143851979326558244e-01 4.100000000000000000e+03 3.500000000000000000e+00
2.526700549734152146e-01 4.200000000000000000e+03 3.500000000000000000e+00
1.582908474865550863e-01 4.300000000000000000e+03 3.500000000000000000e+00
3.219876505599428840e-01 4.400000000000000000e+03 3.500000000000000000e+00
5.670045718649967537e-01 4.500000000000000000e+03 3.500000000000000000e+00
8.655615925415746092e-01 4.600000000000000000e+03 3.500000000000000000e+00
1.166787824679315300e+00 4.700000000000000000e+03 3.500000000000000000e+00
1.502551378529327852e+00 4.800000000000000000e+03 3.500000000000000000e+00
1.850798522839443461e+00 4.900000000000000000e+03 3.500000000000000000e+00
2.240935799844021137e+00 5.000000000000000000e+03 3.500000000000000000e+00
2.655927664197401228e+00 5.100000000000000000e+03 3.500000000000000000e+00
3.099447590599784697e+00 5.200000000000000000e+03 3.500000000000000000e+00
3.586393064576242296e+00 5.300000000000000000e+03 3.500000000000000000e+00
4.085066862865006421e+00 5.400000000000000000e+03 3.500000000000000000e+00
1.248444551071051345e+00 3.500000000000000000e+03 4.000000000000000000e+00
1.147628273293267442e+00 3.600000000000000000e+03 4.000000000000000000e+00
1.030810565216072616e+00 3.700000000000000000e+03 4.000000000000000000e+00
9.000627461792685136e-01 3.800000000000000000e+03 4.000000000000000000e+00
7.538036173852249444e-01 3.900000000000000000e+03 4.000000000000000000e+00
5.785196401680804401e-01 4.000000000000000000e+03 4.000000000000000000e+00
3.952513073074508387e-01 4.100000000000000000e+03 4.000000000000000000e+00
2.359450960360406913e-01 4.200000000000000000e+03 4.000000000000000000e+00
1.858506905295311262e-01 4.300000000000000000e+03 4.000000000000000000e+00
3.317982949744313625e-01 4.400000000000000000e+03 4.000000000000000000e+00
5.775935570032469935e-01 4.500000000000000000e+03 4.000000000000000000e+00
8.642584742642255291e-01 4.600000000000000000e+03 4.000000000000000000e+00
1.185463954555531441e+00 4.700000000000000000e+03 4.000000000000000000e+00
1.521709847211162980e+00 4.800000000000000000e+03 4.000000000000000000e+00
1.887006683674321339e+00 4.900000000000000000e+03 4.000000000000000000e+00
2.287788282348476532e+00 5.000000000000000000e+03 4.000000000000000000e+00
2.709687854539978069e+00 5.100000000000000000e+03 4.000000000000000000e+00
3.137459766878586631e+00 5.200000000000000000e+03 4.000000000000000000e+00
3.655283495543760086e+00 5.300000000000000000e+03 4.000000000000000000e+00
4.140156701633070924e+00 5.400000000000000000e+03 4.000000000000000000e+00
1.237720488951465247e+00 3.500000000000000000e+03 4.500000000000000000e+00
1.136266442069197469e+00 3.600000000000000000e+03 4.500000000000000000e+00
1.019611471570714745e+00 3.700000000000000000e+03 4.500000000000000000e+00
8.967257765034657435e-01 3.800000000000000000e+03 4.500000000000000000e+00
7.544253178560058615e-01 3.900000000000000000e+03 4.500000000000000000e+00
6.057250356172749761e-01 4.000000000000000000e+03 4.500000000000000000e+00
4.323749193380470035e-01 4.100000000000000000e+03 4.500000000000000000e+00
2.773864986593271853e-01 4.200000000000000000e+03 4.500000000000000000e+00
1.749059122850562253e-01 4.300000000000000000e+03 4.500000000000000000e+00
3.339907627423971959e-01 4.400000000000000000e+03 4.500000000000000000e+00
5.768623543918715013e-01 4.500000000000000000e+03 4.500000000000000000e+00
8.740367976420536644e-01 4.600000000000000000e+03 4.500000000000000000e+00
1.180488808034541925e+00 4.700000000000000000e+03 4.500000000000000000e+00
1.534604280628722561e+00 4.800000000000000000e+03 4.500000000000000000e+00
1.883479568515932900e+00 4.900000000000000000e+03 4.500000000000000000e+00
2.271311731434863201e+00 5.000000000000000000e+03 4.500000000000000000e+00
2.689364845383572789e+00 5.100000000000000000e+03 4.500000000000000000e+00
3.157369468450482053e+00 5.200000000000000000e+03 4.500000000000000000e+00
3.617400139543885285e+00 5.300000000000000000e+03 4.500000000000000000e+00
4.077005735960761434e+00 5.400000000000000000e+03 4.500000000000000000e+00
