# # Chi square, temp, lg
1.216430050073457281e+00 2.500000000000000000e+03 3.500000000000000000e+00
1.186381168452271373e+00 2.600000000000000000e+03 3.500000000000000000e+00
1.147791636712767627e+00 2.700000000000000000e+03 3.500000000000000000e+00
1.106183020132124328e+00 2.800000000000000000e+03 3.500000000000000000e+00
1.052390570760406430e+00 2.900000000000000000e+03 3.500000000000000000e+00
9.954823870214577486e-01 3.000000000000000000e+03 3.500000000000000000e+00
9.352368977687800511e-01 3.100000000000000000e+03 3.500000000000000000e+00
8.697331025370655944e-01 3.200000000000000000e+03 3.500000000000000000e+00
7.938150076627189522e-01 3.300000000000000000e+03 3.500000000000000000e+00
7.092903398414807103e-01 3.400000000000000000e+03 3.500000000000000000e+00
6.186361544400876822e-01 3.500000000000000000e+03 3.500000000000000000e+00
5.096091051449139764e-01 3.600000000000000000e+03 3.500000000000000000e+00
3.987684174275439308e-01 3.700000000000000000e+03 3.500000000000000000e+00
2.544069275566647748e-01 3.800000000000000000e+03 3.500000000000000000e+00
1.278757576682112429e-01 3.900000000000000000e+03 3.500000000000000000e+00
1.344891537865223752e-01 4.000000000000000000e+03 3.500000000000000000e+00
2.984699427583193954e-01 4.100000000000000000e+03 3.500000000000000000e+00
4.812633893116874395e-01 4.200000000000000000e+03 3.500000000000000000e+00
7.109264753107226165e-01 4.300000000000000000e+03 3.500000000000000000e+00
9.528734804380171175e-01 4.400000000000000000e+03 3.500000000000000000e+00
1.210235224886694105e+00 2.500000000000000000e+03 4.000000000000000000e+00
1.177934388972673441e+00 2.600000000000000000e+03 4.000000000000000000e+00
1.140898999997202790e+00 2.700000000000000000e+03 4.000000000000000000e+00
1.095733423147424723e+00 2.800000000000000000e+03 4.000000000000000000e+00
1.042843240991200737e+00 2.900000000000000000e+03 4.000000000000000000e+00
9.876388018507767930e-01 3.000000000000000000e+03 4.000000000000000000e+00
9.262505569835338681e-01 3.100000000000000000e+03 4.000000000000000000e+00
8.555410301816178675e-01 3.200000000000000000e+03 4.000000000000000000e+00
7.786560988814097417e-01 3.300000000000000000e+03 4.000000000000000000e+00
6.957625670395155559e-01 3.400000000000000000e+03 4.000000000000000000e+00
5.964369472906274616e-01 3.500000000000000000e+03 4.000000000000000000e+00
4.903387693952456217e-01 3.600000000000000000e+03 4.000000000000000000e+00
3.742285225602433041e-01 3.700000000000000000e+03 4.000000000000000000e+00
2.459685913191609341e-01 3.800000000000000000e+03 4.000000000000000000e+00
1.205752844529650175e-01 3.900000000000000000e+03 4.000000000000000000e+00
1.431477946355161068e-01 4.000000000000000000e+03 4.000000000000000000e+00
3.192938447306928884e-01 4.100000000000000000e+03 4.000000000000000000e+00
5.111042876181047800e-01 4.200000000000000000e+03 4.000000000000000000e+00
7.233720875398871319e-01 4.300000000000000000e+03 4.000000000000000000e+00
9.496650027146118500e-01 4.400000000000000000e+03 4.000000000000000000e+00
1.207256586887046623e+00 2.500000000000000000e+03 4.500000000000000000e+00
1.175736770379571583e+00 2.600000000000000000e+03 4.500000000000000000e+00
1.137967086735580446e+00 2.700000000000000000e+03 4.500000000000000000e+00
1.095326241819834623e+00 2.800000000000000000e+03 4.500000000000000000e+00
1.044450023996276622e+00 2.900000000000000000e+03 4.500000000000000000e+00
9.874001498611276739e-01 3.000000000000000000e+03 4.500000000000000000e+00
9.191874804090748308e-01 3.100000000000000000e+03 4.500000000000000000e+00
8.472221361543281759e-01 3.200000000000000000e+03 4.500000000000000000e+00
7.710079803083299543e-01 3.300000000000000000e+03 4.500000000000000000e+00
6.845549458220049344e-01 3.400000000000000000e+03 4.500000000000000000e+00
5.898186946998292823e-01 3.500000000000000000e+03 4.500000000000000000e+00
4.872790500653216283e-01 3.600000000000000000e+03 4.500000000000000000e+00
3.704831745948240496e-01 3.700000000000000000e+03 4.500000000000000000e+00
2.525983698718942128e-01 3.800000000000000000e+03 4.500000000000000000e+00
1.343608532560534030e-01 3.900000000000000000e+03 4.500000000000000000e+00
1.295455237365871204e-01 4.000000000000000000e+03 4.500000000000000000e+00
2.839520156522030714e-01 4.100000000000000000e+03 4.500000000000000000e+00
4.616695605934171831e-01 4.200000000000000000e+03 4.500000000000000000e+00
7.144337032112659802e-01 4.300000000000000000e+03 4.500000000000000000e+00
9.563267509562067836e-01 4.400000000000000000e+03 4.500000000000000000e+00
