# # Chi square, temp, lg
1.113713455497773896e+00 3.500000000000000000e+03 3.500000000000000000e+00
1.010388295476028819e+00 3.600000000000000000e+03 3.500000000000000000e+00
9.069920801547687317e-01 3.700000000000000000e+03 3.500000000000000000e+00
7.940094976789412451e-01 3.800000000000000000e+03 3.500000000000000000e+00
6.966153598836154481e-01 3.900000000000000000e+03 3.500000000000000000e+00
6.182162142589592291e-01 4.000000000000000000e+03 3.500000000000000000e+00
5.925136473478309629e-01 4.100000000000000000e+03 3.500000000000000000e+00
6.319543007622807629e-01 4.200000000000000000e+03 3.500000000000000000e+00
7.488894581704560460e-01 4.300000000000000000e+03 3.500000000000000000e+00
9.264114233055228409e-01 4.400000000000000000e+03 3.500000000000000000e+00
1.136734023978455355e+00 4.500000000000000000e+03 3.500000000000000000e+00
1.402320569040726328e+00 4.600000000000000000e+03 3.500000000000000000e+00
1.677593690825220030e+00 4.700000000000000000e+03 3.500000000000000000e+00
2.012576336619753548e+00 4.800000000000000000e+03 3.500000000000000000e+00
2.341425334255092583e+00 4.900000000000000000e+03 3.500000000000000000e+00
2.707804076303387930e+00 5.000000000000000000e+03 3.500000000000000000e+00
3.112193128814270349e+00 5.100000000000000000e+03 3.500000000000000000e+00
3.587349001771298784e+00 5.200000000000000000e+03 3.500000000000000000e+00
4.018670486647982543e+00 5.300000000000000000e+03 3.500000000000000000e+00
4.501892177651569682e+00 5.400000000000000000e+03 3.500000000000000000e+00
1.109642231089704723e+00 3.500000000000000000e+03 4.000000000000000000e+00
1.012558155882720579e+00 3.600000000000000000e+03 4.000000000000000000e+00
9.084138545947827437e-01 3.700000000000000000e+03 4.000000000000000000e+00
8.017251128047965247e-01 3.800000000000000000e+03 4.000000000000000000e+00
6.986106436773591444e-01 3.900000000000000000e+03 4.000000000000000000e+00
6.159916554945377154e-01 4.000000000000000000e+03 4.000000000000000000e+00
5.890309431899879433e-01 4.100000000000000000e+03 4.000000000000000000e+00
6.245477716288585501e-01 4.200000000000000000e+03 4.000000000000000000e+00
7.457808497371933854e-01 4.300000000000000000e+03 4.000000000000000000e+00
9.084521863770224082e-01 4.400000000000000000e+03 4.000000000000000000e+00
1.139123487735321127e+00 4.500000000000000000e+03 4.000000000000000000e+00
1.420020324104181109e+00 4.600000000000000000e+03 4.000000000000000000e+00
1.689355107771868481e+00 4.700000000000000000e+03 4.000000000000000000e+00
2.025003809918615616e+00 4.800000000000000000e+03 4.000000000000000000e+00
2.373138831285583450e+00 4.900000000000000000e+03 4.000000000000000000e+00
2.762465904465898792e+00 5.000000000000000000e+03 4.000000000000000000e+00
3.181769482170478280e+00 5.100000000000000000e+03 4.000000000000000000e+00
3.603853136305685823e+00 5.200000000000000000e+03 4.000000000000000000e+00
4.104364752548687711e+00 5.300000000000000000e+03 4.000000000000000000e+00
4.594455969508277171e+00 5.400000000000000000e+03 4.000000000000000000e+00
1.113859383250865420e+00 3.500000000000000000e+03 4.500000000000000000e+00
1.020688383732731852e+00 3.600000000000000000e+03 4.500000000000000000e+00
9.231178704738954854e-01 3.700000000000000000e+03 4.500000000000000000e+00
8.275504984598167635e-01 3.800000000000000000e+03 4.500000000000000000e+00
7.297907916731822819e-01 3.900000000000000000e+03 4.500000000000000000e+00
6.502762831569912638e-01 4.000000000000000000e+03 4.500000000000000000e+00
6.044919235777703737e-01 4.100000000000000000e+03 4.500000000000000000e+00
6.222901353359781007e-01 4.200000000000000000e+03 4.500000000000000000e+00
7.238070151949022035e-01 4.300000000000000000e+03 4.500000000000000000e+00
9.008847342516473899e-01 4.400000000000000000e+03 4.500000000000000000e+00
1.127347987301731136e+00 4.500000000000000000e+03 4.500000000000000000e+00
1.403200113633835233e+00 4.600000000000000000e+03 4.500000000000000000e+00
1.690237106508921450e+00 4.700000000000000000e+03 4.500000000000000000e+00
2.028190010007983712e+00 4.800000000000000000e+03 4.500000000000000000e+00
2.353429967631720743e+00 4.900000000000000000e+03 4.500000000000000000e+00
2.728793219167980677e+00 5.000000000000000000e+03 4.500000000000000000e+00
3.134113286991759839e+00 5.100000000000000000e+03 4.500000000000000000e+00
3.589627150631657049e+00 5.200000000000000000e+03 4.500000000000000000e+00
4.057408901670471302e+00 5.300000000000000000e+03 4.500000000000000000e+00
4.488433530939544447e+00 5.400000000000000000e+03 4.500000000000000000e+00
