# # Chi square, temp, lg
5.481960133506318389e-01 4.000000000000000000e+03 3.500000000000000000e+00
7.354094676685638543e-01 4.100000000000000000e+03 3.500000000000000000e+00
9.190022005349135492e-01 4.200000000000000000e+03 3.500000000000000000e+00
1.148537947076234245e+00 4.300000000000000000e+03 3.500000000000000000e+00
1.391551450350883234e+00 4.400000000000000000e+03 3.500000000000000000e+00
1.646499580543830499e+00 4.500000000000000000e+03 3.500000000000000000e+00
1.937940300710966124e+00 4.600000000000000000e+03 3.500000000000000000e+00
2.230204332155972136e+00 4.700000000000000000e+03 3.500000000000000000e+00
2.573217631649839632e+00 4.800000000000000000e+03 3.500000000000000000e+00
2.907953998269934726e+00 4.900000000000000000e+03 3.500000000000000000e+00
3.276570229026507075e+00 5.000000000000000000e+03 3.500000000000000000e+00
3.679627168213729149e+00 5.100000000000000000e+03 3.500000000000000000e+00
4.151333699340497674e+00 5.200000000000000000e+03 3.500000000000000000e+00
4.580639198330162642e+00 5.300000000000000000e+03 3.500000000000000000e+00
5.060049995841461978e+00 5.400000000000000000e+03 3.500000000000000000e+00
5.648629617332927566e+00 5.500000000000000000e+03 3.500000000000000000e+00
6.203774601782763298e+00 5.600000000000000000e+03 3.500000000000000000e+00
6.752136485533862142e+00 5.700000000000000000e+03 3.500000000000000000e+00
7.371825810044376759e+00 5.800000000000000000e+03 3.500000000000000000e+00
8.040174994980638701e+00 5.900000000000000000e+03 3.500000000000000000e+00
5.606191439623394723e-01 4.000000000000000000e+03 4.000000000000000000e+00
7.580770151240038279e-01 4.100000000000000000e+03 4.000000000000000000e+00
9.518180886149103515e-01 4.200000000000000000e+03 4.000000000000000000e+00
1.169138151565873418e+00 4.300000000000000000e+03 4.000000000000000000e+00
1.391403136305569443e+00 4.400000000000000000e+03 4.000000000000000000e+00
1.661869758230884786e+00 4.500000000000000000e+03 4.000000000000000000e+00
1.966002212157592410e+00 4.600000000000000000e+03 4.000000000000000000e+00
2.251289344409753923e+00 4.700000000000000000e+03 4.000000000000000000e+00
2.594570303840508352e+00 4.800000000000000000e+03 4.000000000000000000e+00
2.946820958522704093e+00 4.900000000000000000e+03 4.000000000000000000e+00
3.337151493002288749e+00 5.000000000000000000e+03 4.000000000000000000e+00
3.754034673206517958e+00 5.100000000000000000e+03 4.000000000000000000e+00
4.174360876639858553e+00 5.200000000000000000e+03 4.000000000000000000e+00
4.668039013671676507e+00 5.300000000000000000e+03 4.000000000000000000e+00
5.154927691234973075e+00 5.400000000000000000e+03 4.000000000000000000e+00
5.697757831854318056e+00 5.500000000000000000e+03 4.000000000000000000e+00
6.190830988874100882e+00 5.600000000000000000e+03 4.000000000000000000e+00
6.778892860210628868e+00 5.700000000000000000e+03 4.000000000000000000e+00
7.473526997666453120e+00 5.800000000000000000e+03 4.000000000000000000e+00
8.171123120256424954e+00 5.900000000000000000e+03 4.000000000000000000e+00
5.363343272764583558e-01 4.000000000000000000e+03 4.500000000000000000e+00
7.258053570705901292e-01 4.100000000000000000e+03 4.500000000000000000e+00
9.048941305070034025e-01 4.200000000000000000e+03 4.500000000000000000e+00
1.149880748161127952e+00 4.300000000000000000e+03 4.500000000000000000e+00
1.397414630654656875e+00 4.400000000000000000e+03 4.500000000000000000e+00
1.661756618064818003e+00 4.500000000000000000e+03 4.500000000000000000e+00
1.960592304996229274e+00 4.600000000000000000e+03 4.500000000000000000e+00
2.262053457567991810e+00 4.700000000000000000e+03 4.500000000000000000e+00
2.605676575205163381e+00 4.800000000000000000e+03 4.500000000000000000e+00
2.934949258677693962e+00 4.900000000000000000e+03 4.500000000000000000e+00
3.311264241064639346e+00 5.000000000000000000e+03 4.500000000000000000e+00
3.714406039856500197e+00 5.100000000000000000e+03 4.500000000000000000e+00
4.165998169356252667e+00 5.200000000000000000e+03 4.500000000000000000e+00
4.629170489847131087e+00 5.300000000000000000e+03 4.500000000000000000e+00
5.055904743541350221e+00 5.400000000000000000e+03 4.500000000000000000e+00
5.643130773974358583e+00 5.500000000000000000e+03 4.500000000000000000e+00
6.199191536870976016e+00 5.600000000000000000e+03 4.500000000000000000e+00
6.787421328528969511e+00 5.700000000000000000e+03 4.500000000000000000e+00
7.343115466267591707e+00 5.800000000000000000e+03 4.500000000000000000e+00
8.036510740320174762e+00 5.900000000000000000e+03 4.500000000000000000e+00
