# # Chi square, temp, lg
2.592866292758780222e+00 3.000000000000000000e+03 3.500000000000000000e+00
2.540617324481462713e+00 3.100000000000000000e+03 3.500000000000000000e+00
2.484812874461388876e+00 3.200000000000000000e+03 3.500000000000000000e+00
2.419779015440582715e+00 3.300000000000000000e+03 3.500000000000000000e+00
2.344354761536424192e+00 3.400000000000000000e+03 3.500000000000000000e+00
2.262915797371405358e+00 3.500000000000000000e+03 3.500000000000000000e+00
2.163517265297798087e+00 3.600000000000000000e+03 3.500000000000000000e+00
2.055584538490725421e+00 3.700000000000000000e+03 3.500000000000000000e+00
1.911460732423071462e+00 3.800000000000000000e+03 3.500000000000000000e+00
1.766055198081277311e+00 3.900000000000000000e+03 3.500000000000000000e+00
1.597639355651369497e+00 4.000000000000000000e+03 3.500000000000000000e+00
1.414223626241584375e+00 4.100000000000000000e+03 3.500000000000000000e+00
1.236286425305497261e+00 4.200000000000000000e+03 3.500000000000000000e+00
1.013918297108936883e+00 4.300000000000000000e+03 3.500000000000000000e+00
7.834238692248732816e-01 4.400000000000000000e+03 3.500000000000000000e+00
5.272480288114669289e-01 4.500000000000000000e+03 3.500000000000000000e+00
3.133420803454821102e-01 4.600000000000000000e+03 3.500000000000000000e+00
3.148794289059757001e-01 4.700000000000000000e+03 3.500000000000000000e+00
5.654672062476978622e-01 4.800000000000000000e+03 3.500000000000000000e+00
8.792573645592943743e-01 4.900000000000000000e+03 3.500000000000000000e+00
2.586022560143121041e+00 3.000000000000000000e+03 4.000000000000000000e+00
2.531841805899914366e+00 3.100000000000000000e+03 4.000000000000000000e+00
2.469568468929340455e+00 3.200000000000000000e+03 4.000000000000000000e+00
2.402314436217253046e+00 3.300000000000000000e+03 4.000000000000000000e+00
2.326950474857049311e+00 3.400000000000000000e+03 4.000000000000000000e+00
2.236052321807888266e+00 3.500000000000000000e+03 4.000000000000000000e+00
2.136819573088745372e+00 3.600000000000000000e+03 4.000000000000000000e+00
2.028149609669173348e+00 3.700000000000000000e+03 4.000000000000000000e+00
1.897222092501724688e+00 3.800000000000000000e+03 4.000000000000000000e+00
1.755464252183164264e+00 3.900000000000000000e+03 4.000000000000000000e+00
1.587265582652348073e+00 4.000000000000000000e+03 4.000000000000000000e+00
1.395764529447547142e+00 4.100000000000000000e+03 4.000000000000000000e+00
1.209734761068712361e+00 4.200000000000000000e+03 4.000000000000000000e+00
1.007415571194099080e+00 4.300000000000000000e+03 4.000000000000000000e+00
7.831768222507186072e-01 4.400000000000000000e+03 4.000000000000000000e+00
5.402652777101724091e-01 4.500000000000000000e+03 4.000000000000000000e+00
3.340545346016732253e-01 4.600000000000000000e+03 4.000000000000000000e+00
3.413348778418119900e-01 4.700000000000000000e+03 4.000000000000000000e+00
5.956911332073097087e-01 4.800000000000000000e+03 4.000000000000000000e+00
9.210302728601343913e-01 4.900000000000000000e+03 4.000000000000000000e+00
2.586373515596585015e+00 3.000000000000000000e+03 4.500000000000000000e+00
2.525660575090912907e+00 3.100000000000000000e+03 4.500000000000000000e+00
2.460213221139941453e+00 3.200000000000000000e+03 4.500000000000000000e+00
2.391936156572084027e+00 3.300000000000000000e+03 4.500000000000000000e+00
2.314038737805486523e+00 3.400000000000000000e+03 4.500000000000000000e+00
2.225345315712016436e+00 3.500000000000000000e+03 4.500000000000000000e+00
2.124927442527841492e+00 3.600000000000000000e+03 4.500000000000000000e+00
2.016728050671492856e+00 3.700000000000000000e+03 4.500000000000000000e+00
1.895036484974647717e+00 3.800000000000000000e+03 4.500000000000000000e+00
1.758090169785296641e+00 3.900000000000000000e+03 4.500000000000000000e+00
1.607779484953002935e+00 4.000000000000000000e+03 4.500000000000000000e+00
1.436533640700473624e+00 4.100000000000000000e+03 4.500000000000000000e+00
1.252139603279807112e+00 4.200000000000000000e+03 4.500000000000000000e+00
1.017763509049035120e+00 4.300000000000000000e+03 4.500000000000000000e+00
7.927186057887591897e-01 4.400000000000000000e+03 4.500000000000000000e+00
5.559018780633463441e-01 4.500000000000000000e+03 4.500000000000000000e+00
3.423082817130794209e-01 4.600000000000000000e+03 4.500000000000000000e+00
3.466760818976898362e-01 4.700000000000000000e+03 4.500000000000000000e+00
5.861207816623082989e-01 4.800000000000000000e+03 4.500000000000000000e+00
9.319692169348852140e-01 4.900000000000000000e+03 4.500000000000000000e+00
