# # Chi square, temp, lg
4.584046436970866445e+00 2.500000000000000000e+03 3.500000000000000000e+00
4.557049567644195776e+00 2.600000000000000000e+03 3.500000000000000000e+00
4.522073513401693390e+00 2.700000000000000000e+03 3.500000000000000000e+00
4.484203247811899828e+00 2.800000000000000000e+03 3.500000000000000000e+00
4.435207395974898326e+00 2.900000000000000000e+03 3.500000000000000000e+00
4.381832542708195000e+00 3.000000000000000000e+03 3.500000000000000000e+00
4.325563181665341261e+00 3.100000000000000000e+03 3.500000000000000000e+00
4.264692886062512400e+00 3.200000000000000000e+03 3.500000000000000000e+00
4.193020048379141329e+00 3.300000000000000000e+03 3.500000000000000000e+00
4.107891629831946112e+00 3.400000000000000000e+03 3.500000000000000000e+00
4.020234362816983875e+00 3.500000000000000000e+03 3.500000000000000000e+00
3.910387281859561526e+00 3.600000000000000000e+03 3.500000000000000000e+00
3.799449042362060158e+00 3.700000000000000000e+03 3.500000000000000000e+00
3.650441067410836737e+00 3.800000000000000000e+03 3.500000000000000000e+00
3.498711532719771977e+00 3.900000000000000000e+03 3.500000000000000000e+00
3.329512766175643179e+00 4.000000000000000000e+03 3.500000000000000000e+00
3.142818465974654085e+00 4.100000000000000000e+03 3.500000000000000000e+00
2.965523719829273652e+00 4.200000000000000000e+03 3.500000000000000000e+00
2.746817194473523571e+00 4.300000000000000000e+03 3.500000000000000000e+00
2.513261350022918617e+00 4.400000000000000000e+03 3.500000000000000000e+00
4.578909597785216334e+00 2.500000000000000000e+03 4.000000000000000000e+00
4.549538091777650450e+00 2.600000000000000000e+03 4.000000000000000000e+00
4.515779481529439643e+00 2.700000000000000000e+03 4.000000000000000000e+00
4.474538964987414325e+00 2.800000000000000000e+03 4.000000000000000000e+00
4.426203595925402468e+00 2.900000000000000000e+03 4.000000000000000000e+00
4.375716908638758618e+00 3.000000000000000000e+03 4.000000000000000000e+00
4.316255371997820944e+00 3.100000000000000000e+03 4.000000000000000000e+00
4.249394693790295996e+00 3.200000000000000000e+03 4.000000000000000000e+00
4.175889848027689588e+00 3.300000000000000000e+03 4.000000000000000000e+00
4.094946434645831523e+00 3.400000000000000000e+03 4.000000000000000000e+00
3.997595909162719785e+00 3.500000000000000000e+03 4.000000000000000000e+00
3.894500930934942762e+00 3.600000000000000000e+03 4.000000000000000000e+00
3.775640868367656999e+00 3.700000000000000000e+03 4.000000000000000000e+00
3.642188750094853766e+00 3.800000000000000000e+03 4.000000000000000000e+00
3.492189525092861402e+00 3.900000000000000000e+03 4.000000000000000000e+00
3.314465164672999453e+00 4.000000000000000000e+03 4.000000000000000000e+00
3.120945934978410996e+00 4.100000000000000000e+03 4.000000000000000000e+00
2.929206249423150332e+00 4.200000000000000000e+03 4.000000000000000000e+00
2.721953384830390288e+00 4.300000000000000000e+03 4.000000000000000000e+00
2.505068378277024443e+00 4.400000000000000000e+03 4.000000000000000000e+00
4.575745116289876790e+00 2.500000000000000000e+03 4.500000000000000000e+00
4.547654723893401751e+00 2.600000000000000000e+03 4.500000000000000000e+00
4.513695412726065115e+00 2.700000000000000000e+03 4.500000000000000000e+00
4.474681029462613147e+00 2.800000000000000000e+03 4.500000000000000000e+00
4.428180991874368644e+00 2.900000000000000000e+03 4.500000000000000000e+00
4.374994741336157844e+00 3.000000000000000000e+03 4.500000000000000000e+00
4.309721154091945117e+00 3.100000000000000000e+03 4.500000000000000000e+00
4.241093902540349347e+00 3.200000000000000000e+03 4.500000000000000000e+00
4.165475527229721031e+00 3.300000000000000000e+03 4.500000000000000000e+00
4.081679877313474591e+00 3.400000000000000000e+03 4.500000000000000000e+00
3.988580273505693441e+00 3.500000000000000000e+03 4.500000000000000000e+00
3.885690635906012602e+00 3.600000000000000000e+03 4.500000000000000000e+00
3.767899751833262201e+00 3.700000000000000000e+03 4.500000000000000000e+00
3.643594339730344078e+00 3.800000000000000000e+03 4.500000000000000000e+00
3.499461269517595507e+00 3.900000000000000000e+03 4.500000000000000000e+00
3.347170649908108420e+00 4.000000000000000000e+03 4.500000000000000000e+00
3.162894764589636587e+00 4.100000000000000000e+03 4.500000000000000000e+00
2.985195249477232693e+00 4.200000000000000000e+03 4.500000000000000000e+00
2.731692043420998139e+00 4.300000000000000000e+03 4.500000000000000000e+00
2.505367902589809237e+00 4.400000000000000000e+03 4.500000000000000000e+00
