# # Chi square, temp, lg
1.581171226363086157e-01 3.000000000000000000e+03 3.500000000000000000e+00
9.527942756202333052e-02 3.100000000000000000e+03 3.500000000000000000e+00
3.786172103106997394e-02 3.200000000000000000e+03 3.500000000000000000e+00
7.283130727356071366e-02 3.300000000000000000e+03 3.500000000000000000e+00
1.581320505238013874e-01 3.400000000000000000e+03 3.500000000000000000e+00
2.516889528876911086e-01 3.500000000000000000e+03 3.500000000000000000e+00
3.603459110502679752e-01 3.600000000000000000e+03 3.500000000000000000e+00
4.760216708302560940e-01 3.700000000000000000e+03 3.500000000000000000e+00
6.163363282540696986e-01 3.800000000000000000e+03 3.500000000000000000e+00
7.652307417318258143e-01 3.900000000000000000e+03 3.500000000000000000e+00
9.289443229207389185e-01 4.000000000000000000e+03 3.500000000000000000e+00
1.110351257288227700e+00 4.100000000000000000e+03 3.500000000000000000e+00
1.291985970196523281e+00 4.200000000000000000e+03 3.500000000000000000e+00
1.515343659101536566e+00 4.300000000000000000e+03 3.500000000000000000e+00
1.753898364232353124e+00 4.400000000000000000e+03 3.500000000000000000e+00
2.003519165247066969e+00 4.500000000000000000e+03 3.500000000000000000e+00
2.300265273863787208e+00 4.600000000000000000e+03 3.500000000000000000e+00
2.586134598211592639e+00 4.700000000000000000e+03 3.500000000000000000e+00
2.919273549802896994e+00 4.800000000000000000e+03 3.500000000000000000e+00
3.289458249798855594e+00 4.900000000000000000e+03 3.500000000000000000e+00
1.536104782118204171e-01 3.000000000000000000e+03 4.000000000000000000e+00
9.463220009483022666e-02 3.100000000000000000e+03 4.000000000000000000e+00
4.731350778895805631e-02 3.200000000000000000e+03 4.000000000000000000e+00
8.737179058382638086e-02 3.300000000000000000e+03 4.000000000000000000e+00
1.660403907066040075e-01 3.400000000000000000e+03 4.000000000000000000e+00
2.667677889840753269e-01 3.500000000000000000e+03 4.000000000000000000e+00
3.709801703266245032e-01 3.600000000000000000e+03 4.000000000000000000e+00
4.878594784364893577e-01 3.700000000000000000e+03 4.000000000000000000e+00
6.204652494006382968e-01 3.800000000000000000e+03 4.000000000000000000e+00
7.653560651523400038e-01 3.900000000000000000e+03 4.000000000000000000e+00
9.434927855208248282e-01 4.000000000000000000e+03 4.000000000000000000e+00
1.132164462082746903e+00 4.100000000000000000e+03 4.000000000000000000e+00
1.321212303923116060e+00 4.200000000000000000e+03 4.000000000000000000e+00
1.530583104954325258e+00 4.300000000000000000e+03 4.000000000000000000e+00
1.752566835678379453e+00 4.400000000000000000e+03 4.000000000000000000e+00
2.025426259586414979e+00 4.500000000000000000e+03 4.000000000000000000e+00
2.302329307294295635e+00 4.600000000000000000e+03 4.000000000000000000e+00
2.610485518537331906e+00 4.700000000000000000e+03 4.000000000000000000e+00
2.938081945408101081e+00 4.800000000000000000e+03 4.000000000000000000e+00
3.298510214697943255e+00 4.900000000000000000e+03 4.000000000000000000e+00
1.544431921998894730e-01 3.000000000000000000e+03 4.500000000000000000e+00
9.358599711028335599e-02 3.100000000000000000e+03 4.500000000000000000e+00
5.614519204069601255e-02 3.200000000000000000e+03 4.500000000000000000e+00
9.983517266740699059e-02 3.300000000000000000e+03 4.500000000000000000e+00
1.792214137588213352e-01 3.400000000000000000e+03 4.500000000000000000e+00
2.724138904956323048e-01 3.500000000000000000e+03 4.500000000000000000e+00
3.765980876770119723e-01 3.600000000000000000e+03 4.500000000000000000e+00
4.907239293349887066e-01 3.700000000000000000e+03 4.500000000000000000e+00
6.190336981461854737e-01 3.800000000000000000e+03 4.500000000000000000e+00
7.604943542667806922e-01 3.900000000000000000e+03 4.500000000000000000e+00
9.154490309852643115e-01 4.000000000000000000e+03 4.500000000000000000e+00
1.091739688061979185e+00 4.100000000000000000e+03 4.500000000000000000e+00
1.273814869093766955e+00 4.200000000000000000e+03 4.500000000000000000e+00
1.520622675615810548e+00 4.300000000000000000e+03 4.500000000000000000e+00
1.751357119484584501e+00 4.400000000000000000e+03 4.500000000000000000e+00
2.011678647042664192e+00 4.500000000000000000e+03 4.500000000000000000e+00
2.320138816480710187e+00 4.600000000000000000e+03 4.500000000000000000e+00
2.612919279846525722e+00 4.700000000000000000e+03 4.500000000000000000e+00
2.957722429077961124e+00 4.800000000000000000e+03 4.500000000000000000e+00
3.307051102609835702e+00 4.900000000000000000e+03 4.500000000000000000e+00
