# # Chi square, temp, lg
8.494787930484077876e-01 3.500000000000000000e+03 3.500000000000000000e+00
7.456262125677007857e-01 3.600000000000000000e+03 3.500000000000000000e+00
6.360421759047533152e-01 3.700000000000000000e+03 3.500000000000000000e+00
4.937408692499301033e-01 3.800000000000000000e+03 3.500000000000000000e+00
3.558623135047788155e-01 3.900000000000000000e+03 3.500000000000000000e+00
2.235568630856608896e-01 4.000000000000000000e+03 3.500000000000000000e+00
1.555027622628881445e-01 4.100000000000000000e+03 3.500000000000000000e+00
2.704160833294278476e-01 4.200000000000000000e+03 3.500000000000000000e+00
4.755231455275406582e-01 4.300000000000000000e+03 3.500000000000000000e+00
7.140638561752922220e-01 4.400000000000000000e+03 3.500000000000000000e+00
9.603045440993013271e-01 4.500000000000000000e+03 3.500000000000000000e+00
1.260433767884138634e+00 4.600000000000000000e+03 3.500000000000000000e+00
1.556293552193595220e+00 4.700000000000000000e+03 3.500000000000000000e+00
1.896395719980037642e+00 4.800000000000000000e+03 3.500000000000000000e+00
2.229712940758899808e+00 4.900000000000000000e+03 3.500000000000000000e+00
2.601447072355814960e+00 5.000000000000000000e+03 3.500000000000000000e+00
3.036971731817946107e+00 5.100000000000000000e+03 3.500000000000000000e+00
3.463096542290046376e+00 5.200000000000000000e+03 3.500000000000000000e+00
3.887184985324565911e+00 5.300000000000000000e+03 3.500000000000000000e+00
4.389684781174725714e+00 5.400000000000000000e+03 3.500000000000000000e+00
8.284496144697603981e-01 3.500000000000000000e+03 4.000000000000000000e+00
7.273769374172435187e-01 3.600000000000000000e+03 4.000000000000000000e+00
6.159539550033371613e-01 3.700000000000000000e+03 4.000000000000000000e+00
4.854389340656845020e-01 3.800000000000000000e+03 4.000000000000000000e+00
3.468015917158981387e-01 3.900000000000000000e+03 4.000000000000000000e+00
2.058689524895977452e-01 4.000000000000000000e+03 4.000000000000000000e+00
1.708715668567171442e-01 4.100000000000000000e+03 4.000000000000000000e+00
3.038803373152151877e-01 4.200000000000000000e+03 4.000000000000000000e+00
4.952317590184370788e-01 4.300000000000000000e+03 4.000000000000000000e+00
7.223073956751467906e-01 4.400000000000000000e+03 4.000000000000000000e+00
9.939979764465621814e-01 4.500000000000000000e+03 4.000000000000000000e+00
1.284376544868262471e+00 4.600000000000000000e+03 4.000000000000000000e+00
1.569714052238980750e+00 4.700000000000000000e+03 4.000000000000000000e+00
1.916702521126458780e+00 4.800000000000000000e+03 4.000000000000000000e+00
2.273692399931781072e+00 4.900000000000000000e+03 4.000000000000000000e+00
2.666462812046679343e+00 5.000000000000000000e+03 4.000000000000000000e+00
3.089263965714415860e+00 5.100000000000000000e+03 4.000000000000000000e+00
3.499479705915134797e+00 5.200000000000000000e+03 4.000000000000000000e+00
3.983446584074715080e+00 5.300000000000000000e+03 4.000000000000000000e+00
4.469593891179118650e+00 5.400000000000000000e+03 4.000000000000000000e+00
8.219255259917006562e-01 3.500000000000000000e+03 4.500000000000000000e+00
7.183800151032634362e-01 3.600000000000000000e+03 4.500000000000000000e+00
6.070310471123004925e-01 3.700000000000000000e+03 4.500000000000000000e+00
4.890657696581178771e-01 3.800000000000000000e+03 4.500000000000000000e+00
3.511696769709707899e-01 3.900000000000000000e+03 4.500000000000000000e+00
2.260034160319283059e-01 4.000000000000000000e+03 4.500000000000000000e+00
1.591863784481930555e-01 4.100000000000000000e+03 4.500000000000000000e+00
2.642082696247836648e-01 4.200000000000000000e+03 4.500000000000000000e+00
4.905581269084329232e-01 4.300000000000000000e+03 4.500000000000000000e+00
7.164647574063131019e-01 4.400000000000000000e+03 4.500000000000000000e+00
9.769474781573906919e-01 4.500000000000000000e+03 4.500000000000000000e+00
1.276579456098579479e+00 4.600000000000000000e+03 4.500000000000000000e+00
1.578719984658851994e+00 4.700000000000000000e+03 4.500000000000000000e+00
1.922604472797014630e+00 4.800000000000000000e+03 4.500000000000000000e+00
2.282487974152987320e+00 4.900000000000000000e+03 4.500000000000000000e+00
2.652245485291018223e+00 5.000000000000000000e+03 4.500000000000000000e+00
3.054778602366131413e+00 5.100000000000000000e+03 4.500000000000000000e+00
3.506928433440544168e+00 5.200000000000000000e+03 4.500000000000000000e+00
3.966045951598095698e+00 5.300000000000000000e+03 4.500000000000000000e+00
4.392211007134033451e+00 5.400000000000000000e+03 4.500000000000000000e+00
