# # Chi square, temp, lg
4.393649296730752773e+00 2.500000000000000000e+03 3.500000000000000000e+00
4.366332099341552642e+00 2.600000000000000000e+03 3.500000000000000000e+00
4.330987098625978859e+00 2.700000000000000000e+03 3.500000000000000000e+00
4.292734490498322231e+00 2.800000000000000000e+03 3.500000000000000000e+00
4.243285132532507831e+00 2.900000000000000000e+03 3.500000000000000000e+00
4.189423828707288244e+00 3.000000000000000000e+03 3.500000000000000000e+00
4.132694494100888960e+00 3.100000000000000000e+03 3.500000000000000000e+00
4.071318701386080541e+00 3.200000000000000000e+03 3.500000000000000000e+00
3.999089543310144101e+00 3.300000000000000000e+03 3.500000000000000000e+00
3.913449262479519852e+00 3.400000000000000000e+03 3.500000000000000000e+00
3.825292284422696643e+00 3.500000000000000000e+03 3.500000000000000000e+00
3.715069729259963704e+00 3.600000000000000000e+03 3.500000000000000000e+00
3.603849587173129088e+00 3.700000000000000000e+03 3.500000000000000000e+00
3.454830668449479614e+00 3.800000000000000000e+03 3.500000000000000000e+00
3.303266279097627933e+00 3.900000000000000000e+03 3.500000000000000000e+00
3.134265348667032214e+00 4.000000000000000000e+03 3.500000000000000000e+00
2.948205904355937435e+00 4.100000000000000000e+03 3.500000000000000000e+00
2.771768693719349752e+00 4.200000000000000000e+03 3.500000000000000000e+00
2.554682566974146862e+00 4.300000000000000000e+03 3.500000000000000000e+00
2.323747536534249480e+00 4.400000000000000000e+03 3.500000000000000000e+00
4.388429366844536439e+00 2.500000000000000000e+03 4.000000000000000000e+00
4.358701633720460045e+00 2.600000000000000000e+03 4.000000000000000000e+00
4.324595822039396964e+00 2.700000000000000000e+03 4.000000000000000000e+00
4.282954121157160898e+00 2.800000000000000000e+03 4.000000000000000000e+00
4.234214691942822739e+00 2.900000000000000000e+03 4.000000000000000000e+00
4.183327513191430924e+00 3.000000000000000000e+03 4.000000000000000000e+00
4.123456359283164119e+00 3.100000000000000000e+03 4.000000000000000000e+00
4.056138066139953757e+00 3.200000000000000000e+03 4.000000000000000000e+00
3.982198772543155574e+00 3.300000000000000000e+03 4.000000000000000000e+00
3.900870841029942415e+00 3.400000000000000000e+03 4.000000000000000000e+00
3.803056063093610550e+00 3.500000000000000000e+03 4.000000000000000000e+00
3.699665564501674275e+00 3.600000000000000000e+03 4.000000000000000000e+00
3.580470367810649535e+00 3.700000000000000000e+03 4.000000000000000000e+00
3.446858527058965560e+00 3.800000000000000000e+03 4.000000000000000000e+00
3.296820644190012750e+00 3.900000000000000000e+03 4.000000000000000000e+00
3.119316597573283278e+00 4.000000000000000000e+03 4.000000000000000000e+00
2.926297642119072506e+00 4.100000000000000000e+03 4.000000000000000000e+00
2.735364531270909172e+00 4.200000000000000000e+03 4.000000000000000000e+00
2.529517912095929688e+00 4.300000000000000000e+03 4.000000000000000000e+00
2.314865501025874295e+00 4.400000000000000000e+03 4.000000000000000000e+00
4.385197635088236900e+00 2.500000000000000000e+03 4.500000000000000000e+00
4.356769837377694188e+00 2.600000000000000000e+03 4.500000000000000000e+00
4.322445481996550321e+00 2.700000000000000000e+03 4.500000000000000000e+00
4.283057272279612526e+00 2.800000000000000000e+03 4.500000000000000000e+00
4.236182486448191398e+00 2.900000000000000000e+03 4.500000000000000000e+00
4.182580509454344231e+00 3.000000000000000000e+03 4.500000000000000000e+00
4.116923930324194458e+00 3.100000000000000000e+03 4.500000000000000000e+00
4.047898978882011889e+00 3.200000000000000000e+03 4.500000000000000000e+00
3.971914160126231774e+00 3.300000000000000000e+03 4.500000000000000000e+00
3.887768995231122737e+00 3.400000000000000000e+03 4.500000000000000000e+00
3.794336629721512200e+00 3.500000000000000000e+03 4.500000000000000000e+00
3.691220923308367929e+00 3.600000000000000000e+03 4.500000000000000000e+00
3.573251407959757486e+00 3.700000000000000000e+03 4.500000000000000000e+00
3.448830372324193760e+00 3.800000000000000000e+03 4.500000000000000000e+00
3.304667240394186578e+00 3.900000000000000000e+03 4.500000000000000000e+00
3.152330683136816525e+00 4.000000000000000000e+03 4.500000000000000000e+00
2.968213782080316498e+00 4.100000000000000000e+03 4.500000000000000000e+00
2.791082168828284527e+00 4.200000000000000000e+03 4.500000000000000000e+00
2.538970797067793050e+00 4.300000000000000000e+03 4.500000000000000000e+00
2.314436544095301418e+00 4.400000000000000000e+03 4.500000000000000000e+00
