# # Chi square, temp, lg
2.637135945279038385e+00 4.500000000000000000e+03 3.500000000000000000e+00
2.362247316078432746e+00 4.600000000000000000e+03 3.500000000000000000e+00
2.101967542715225346e+00 4.700000000000000000e+03 3.500000000000000000e+00
1.832880464867791215e+00 4.800000000000000000e+03 3.500000000000000000e+00
1.588516506729697353e+00 4.900000000000000000e+03 3.500000000000000000e+00
1.396402787071359120e+00 5.000000000000000000e+03 3.500000000000000000e+00
1.302387606945038856e+00 5.100000000000000000e+03 3.500000000000000000e+00
1.352516290168779944e+00 5.200000000000000000e+03 3.500000000000000000e+00
1.543024634274515527e+00 5.300000000000000000e+03 3.500000000000000000e+00
1.902926108918217674e+00 5.400000000000000000e+03 3.500000000000000000e+00
2.325284704739929875e+00 5.500000000000000000e+03 3.500000000000000000e+00
2.876285113423593387e+00 5.600000000000000000e+03 3.500000000000000000e+00
3.457235850030527580e+00 5.700000000000000000e+03 3.500000000000000000e+00
4.069005134194554785e+00 5.800000000000000000e+03 3.500000000000000000e+00
4.767078572784194002e+00 5.900000000000000000e+03 3.500000000000000000e+00
5.543894595512153245e+00 6.000000000000000000e+03 3.500000000000000000e+00
6.391305095955254423e+00 6.100000000000000000e+03 3.500000000000000000e+00
7.177163970301865703e+00 6.200000000000000000e+03 3.500000000000000000e+00
8.140642671820788934e+00 6.300000000000000000e+03 3.500000000000000000e+00
9.140647891456241680e+00 6.400000000000000000e+03 3.500000000000000000e+00
2.614053751660095237e+00 4.500000000000000000e+03 4.000000000000000000e+00
2.345818277828990439e+00 4.600000000000000000e+03 4.000000000000000000e+00
2.079074248995338881e+00 4.700000000000000000e+03 4.000000000000000000e+00
1.802257730980985073e+00 4.800000000000000000e+03 4.000000000000000000e+00
1.546053811051971483e+00 4.900000000000000000e+03 4.000000000000000000e+00
1.356843489790140023e+00 5.000000000000000000e+03 4.000000000000000000e+00
1.259344728137326230e+00 5.100000000000000000e+03 4.000000000000000000e+00
1.323134800259427646e+00 5.200000000000000000e+03 4.000000000000000000e+00
1.554206002888463001e+00 5.300000000000000000e+03 4.000000000000000000e+00
1.910869383257145282e+00 5.400000000000000000e+03 4.000000000000000000e+00
2.361159163557186247e+00 5.500000000000000000e+03 4.000000000000000000e+00
2.820954223032471120e+00 5.600000000000000000e+03 4.000000000000000000e+00
3.495387716706960024e+00 5.700000000000000000e+03 4.000000000000000000e+00
4.141613492298368726e+00 5.800000000000000000e+03 4.000000000000000000e+00
4.806818504904039280e+00 5.900000000000000000e+03 4.000000000000000000e+00
5.610408708281225287e+00 6.000000000000000000e+03 4.000000000000000000e+00
6.433356765990833281e+00 6.100000000000000000e+03 4.000000000000000000e+00
7.191518434959458972e+00 6.200000000000000000e+03 4.000000000000000000e+00
8.047459035541050909e+00 6.300000000000000000e+03 4.000000000000000000e+00
8.993494911380476964e+00 6.400000000000000000e+03 4.000000000000000000e+00
2.616098123949560428e+00 4.500000000000000000e+03 4.500000000000000000e+00
2.333860792607049817e+00 4.600000000000000000e+03 4.500000000000000000e+00
2.061151099193057057e+00 4.700000000000000000e+03 4.500000000000000000e+00
1.779559823428366050e+00 4.800000000000000000e+03 4.500000000000000000e+00
1.530601174852475710e+00 4.900000000000000000e+03 4.500000000000000000e+00
1.329428267634741090e+00 5.000000000000000000e+03 4.500000000000000000e+00
1.236437236097216008e+00 5.100000000000000000e+03 4.500000000000000000e+00
1.294393210638562941e+00 5.200000000000000000e+03 4.500000000000000000e+00
1.502895872728756022e+00 5.300000000000000000e+03 4.500000000000000000e+00
1.824989011899981417e+00 5.400000000000000000e+03 4.500000000000000000e+00
2.350856270195067488e+00 5.500000000000000000e+03 4.500000000000000000e+00
2.861620939369903915e+00 5.600000000000000000e+03 4.500000000000000000e+00
3.437851258547168776e+00 5.700000000000000000e+03 4.500000000000000000e+00
3.978087860916381668e+00 5.800000000000000000e+03 4.500000000000000000e+00
4.685681498355129371e+00 5.900000000000000000e+03 4.500000000000000000e+00
5.533408814535015985e+00 6.000000000000000000e+03 4.500000000000000000e+00
6.219848403869487008e+00 6.100000000000000000e+03 4.500000000000000000e+00
7.189636346744884499e+00 6.200000000000000000e+03 4.500000000000000000e+00
8.068525204159314512e+00 6.300000000000000000e+03 4.500000000000000000e+00
9.059203751269647498e+00 6.400000000000000000e+03 4.500000000000000000e+00
