# # Chi square, temp, lg
1.620072408405333952e+00 2.500000000000000000e+03 3.500000000000000000e+00
1.592363020215435077e+00 2.600000000000000000e+03 3.500000000000000000e+00
1.556090869302100943e+00 2.700000000000000000e+03 3.500000000000000000e+00
1.517251957079694513e+00 2.800000000000000000e+03 3.500000000000000000e+00
1.466421369828731835e+00 2.900000000000000000e+03 3.500000000000000000e+00
1.412247931503809451e+00 3.000000000000000000e+03 3.500000000000000000e+00
1.354011277901443711e+00 3.100000000000000000e+03 3.500000000000000000e+00
1.291941509375562402e+00 3.200000000000000000e+03 3.500000000000000000e+00
1.221089947876178750e+00 3.300000000000000000e+03 3.500000000000000000e+00
1.137974891559754953e+00 3.400000000000000000e+03 3.500000000000000000e+00
1.049823240289128767e+00 3.500000000000000000e+03 3.500000000000000000e+00
9.451194723390843322e-01 3.600000000000000000e+03 3.500000000000000000e+00
8.339351625169890703e-01 3.700000000000000000e+03 3.500000000000000000e+00
6.882260968884917895e-01 3.800000000000000000e+03 3.500000000000000000e+00
5.421186350277270583e-01 3.900000000000000000e+03 3.500000000000000000e+00
3.804145102919889165e-01 4.000000000000000000e+03 3.500000000000000000e+00
2.268847754745076661e-01 4.100000000000000000e+03 3.500000000000000000e+00
1.638256914025272015e-01 4.200000000000000000e+03 3.500000000000000000e+00
3.156212466891208934e-01 4.300000000000000000e+03 3.500000000000000000e+00
5.345323774975343500e-01 4.400000000000000000e+03 3.500000000000000000e+00
1.615062985754885716e+00 2.500000000000000000e+03 4.000000000000000000e+00
1.584169395201076691e+00 2.600000000000000000e+03 4.000000000000000000e+00
1.549722757074229795e+00 2.700000000000000000e+03 4.000000000000000000e+00
1.506394143306938327e+00 2.800000000000000000e+03 4.000000000000000000e+00
1.456529608298532619e+00 2.900000000000000000e+03 4.000000000000000000e+00
1.404047926431302828e+00 3.000000000000000000e+03 4.000000000000000000e+00
1.345775830323284072e+00 3.100000000000000000e+03 4.000000000000000000e+00
1.277033815922481441e+00 3.200000000000000000e+03 4.000000000000000000e+00
1.203518513948862445e+00 3.300000000000000000e+03 4.000000000000000000e+00
1.123755373524879531e+00 3.400000000000000000e+03 4.000000000000000000e+00
1.025072284058999861e+00 3.500000000000000000e+03 4.000000000000000000e+00
9.247958119428409951e-01 3.600000000000000000e+03 4.000000000000000000e+00
8.101978827601962196e-01 3.700000000000000000e+03 4.000000000000000000e+00
6.757647971743422355e-01 3.800000000000000000e+03 4.000000000000000000e+00
5.332209255378912438e-01 3.900000000000000000e+03 4.000000000000000000e+00
3.770721149889929569e-01 4.000000000000000000e+03 4.000000000000000000e+00
2.055106994417246202e-01 4.100000000000000000e+03 4.000000000000000000e+00
1.772784970723455533e-01 4.200000000000000000e+03 4.000000000000000000e+00
3.271556056754610919e-01 4.300000000000000000e+03 4.000000000000000000e+00
5.353217458788881444e-01 4.400000000000000000e+03 4.000000000000000000e+00
1.612442840835943247e+00 2.500000000000000000e+03 4.500000000000000000e+00
1.581818829643515834e+00 2.600000000000000000e+03 4.500000000000000000e+00
1.546854040127766616e+00 2.700000000000000000e+03 4.500000000000000000e+00
1.506580048832285801e+00 2.800000000000000000e+03 4.500000000000000000e+00
1.458361358201232694e+00 2.900000000000000000e+03 4.500000000000000000e+00
1.404022987583089854e+00 3.000000000000000000e+03 4.500000000000000000e+00
1.338065656321633323e+00 3.100000000000000000e+03 4.500000000000000000e+00
1.267724493850587608e+00 3.200000000000000000e+03 4.500000000000000000e+00
1.195099751012244083e+00 3.300000000000000000e+03 4.500000000000000000e+00
1.109888739608722030e+00 3.400000000000000000e+03 4.500000000000000000e+00
1.017513995455051612e+00 3.500000000000000000e+03 4.500000000000000000e+00
9.169949468513888258e-01 3.600000000000000000e+03 4.500000000000000000e+00
8.032594973475665201e-01 3.700000000000000000e+03 4.500000000000000000e+00
6.779658228572520429e-01 3.800000000000000000e+03 4.500000000000000000e+00
5.375672340977138974e-01 3.900000000000000000e+03 4.500000000000000000e+00
3.915404409148112719e-01 4.000000000000000000e+03 4.500000000000000000e+00
2.391581946180859064e-01 4.100000000000000000e+03 4.500000000000000000e+00
1.752285472602225502e-01 4.200000000000000000e+03 4.500000000000000000e+00
3.145364548750749223e-01 4.300000000000000000e+03 4.500000000000000000e+00
5.449782472292488134e-01 4.400000000000000000e+03 4.500000000000000000e+00
