# # Chi square, temp, lg
6.990572657766765952e-01 3.500000000000000000e+03 3.500000000000000000e+00
6.045403264895710116e-01 3.600000000000000000e+03 3.500000000000000000e+00
5.193083737452550697e-01 3.700000000000000000e+03 3.500000000000000000e+00
4.533481787287583775e-01 3.800000000000000000e+03 3.500000000000000000e+00
4.360019090719176593e-01 3.900000000000000000e+03 3.500000000000000000e+00
4.861506040747061719e-01 4.000000000000000000e+03 3.500000000000000000e+00
6.004889254511677210e-01 4.100000000000000000e+03 3.500000000000000000e+00
7.438951109614310164e-01 4.200000000000000000e+03 3.500000000000000000e+00
9.490734527407752585e-01 4.300000000000000000e+03 3.500000000000000000e+00
1.172762682823570657e+00 4.400000000000000000e+03 3.500000000000000000e+00
1.427266226337988053e+00 4.500000000000000000e+03 3.500000000000000000e+00
1.709171948550002984e+00 4.600000000000000000e+03 3.500000000000000000e+00
2.009585078568298044e+00 4.700000000000000000e+03 3.500000000000000000e+00
2.352211795565830599e+00 4.800000000000000000e+03 3.500000000000000000e+00
2.692229240095972642e+00 4.900000000000000000e+03 3.500000000000000000e+00
3.071906827639671267e+00 5.000000000000000000e+03 3.500000000000000000e+00
3.469821585596226665e+00 5.100000000000000000e+03 3.500000000000000000e+00
3.946061693766570233e+00 5.200000000000000000e+03 3.500000000000000000e+00
4.397056132300226849e+00 5.300000000000000000e+03 3.500000000000000000e+00
4.884354618858441022e+00 5.400000000000000000e+03 3.500000000000000000e+00
7.018950415198365045e-01 3.500000000000000000e+03 4.000000000000000000e+00
6.173189650458075217e-01 3.600000000000000000e+03 4.000000000000000000e+00
5.332974502192998623e-01 3.700000000000000000e+03 4.000000000000000000e+00
4.711913993390538513e-01 3.800000000000000000e+03 4.000000000000000000e+00
4.444373933248999542e-01 3.900000000000000000e+03 4.000000000000000000e+00
4.877539186238303293e-01 4.000000000000000000e+03 4.000000000000000000e+00
6.148275263557991810e-01 4.100000000000000000e+03 4.000000000000000000e+00
7.638593112971340249e-01 4.200000000000000000e+03 4.000000000000000000e+00
9.554941273138306546e-01 4.300000000000000000e+03 4.000000000000000000e+00
1.176453348316940817e+00 4.400000000000000000e+03 4.000000000000000000e+00
1.440503876029421093e+00 4.500000000000000000e+03 4.000000000000000000e+00
1.727976260535522890e+00 4.600000000000000000e+03 4.000000000000000000e+00
2.022724458386835344e+00 4.700000000000000000e+03 4.000000000000000000e+00
2.352479259280148671e+00 4.800000000000000000e+03 4.000000000000000000e+00
2.727634338301432759e+00 4.900000000000000000e+03 4.000000000000000000e+00
3.129229902417569154e+00 5.000000000000000000e+03 4.000000000000000000e+00
3.519805675245442966e+00 5.100000000000000000e+03 4.000000000000000000e+00
3.948232481173747921e+00 5.200000000000000000e+03 4.000000000000000000e+00
4.483730594137186110e+00 5.300000000000000000e+03 4.000000000000000000e+00
4.971345335341411875e+00 5.400000000000000000e+03 4.000000000000000000e+00
7.112572477729202092e-01 3.500000000000000000e+03 4.500000000000000000e+00
6.325779690428759983e-01 3.600000000000000000e+03 4.500000000000000000e+00
5.598635445400211852e-01 3.700000000000000000e+03 4.500000000000000000e+00
5.066612120399369701e-01 3.800000000000000000e+03 4.500000000000000000e+00
4.808586855376034697e-01 3.900000000000000000e+03 4.500000000000000000e+00
5.062997246404264962e-01 4.000000000000000000e+03 4.500000000000000000e+00
5.957010985928155034e-01 4.100000000000000000e+03 4.500000000000000000e+00
7.301444520297646346e-01 4.200000000000000000e+03 4.500000000000000000e+00
9.455804475946244514e-01 4.300000000000000000e+03 4.500000000000000000e+00
1.161441530055532745e+00 4.400000000000000000e+03 4.500000000000000000e+00
1.422310620712871287e+00 4.500000000000000000e+03 4.500000000000000000e+00
1.728373347443646013e+00 4.600000000000000000e+03 4.500000000000000000e+00
2.039190068802347877e+00 4.700000000000000000e+03 4.500000000000000000e+00
2.369169552585366212e+00 4.800000000000000000e+03 4.500000000000000000e+00
2.724634150362130303e+00 4.900000000000000000e+03 4.500000000000000000e+00
3.123891012893641683e+00 5.000000000000000000e+03 4.500000000000000000e+00
3.518844349598152732e+00 5.100000000000000000e+03 4.500000000000000000e+00
3.947676425300776337e+00 5.200000000000000000e+03 4.500000000000000000e+00
4.425342240127728921e+00 5.300000000000000000e+03 4.500000000000000000e+00
4.870340937409651794e+00 5.400000000000000000e+03 4.500000000000000000e+00
