# # Chi square, temp, lg
1.095533945852639884e-01 3.000000000000000000e+03 3.500000000000000000e+00
1.750929256150341728e-01 3.100000000000000000e+03 3.500000000000000000e+00
2.447443723463532395e-01 3.200000000000000000e+03 3.500000000000000000e+00
3.264840462421180201e-01 3.300000000000000000e+03 3.500000000000000000e+00
4.175921734174472544e-01 3.400000000000000000e+03 3.500000000000000000e+00
5.115985025885942949e-01 3.500000000000000000e+03 3.500000000000000000e+00
6.196597158181507137e-01 3.600000000000000000e+03 3.500000000000000000e+00
7.325331621551617323e-01 3.700000000000000000e+03 3.500000000000000000e+00
8.670857495727531949e-01 3.800000000000000000e+03 3.500000000000000000e+00
1.009867243988709307e+00 3.900000000000000000e+03 3.500000000000000000e+00
1.171148373501993412e+00 4.000000000000000000e+03 3.500000000000000000e+00
1.348032937149092447e+00 4.100000000000000000e+03 3.500000000000000000e+00
1.527202739014560384e+00 4.200000000000000000e+03 3.500000000000000000e+00
1.750031156268712751e+00 4.300000000000000000e+03 3.500000000000000000e+00
1.975289980946573598e+00 4.400000000000000000e+03 3.500000000000000000e+00
2.233446894169527575e+00 4.500000000000000000e+03 3.500000000000000000e+00
2.526334740970344495e+00 4.600000000000000000e+03 3.500000000000000000e+00
2.805182333311094123e+00 4.700000000000000000e+03 3.500000000000000000e+00
3.137217432711575604e+00 4.800000000000000000e+03 3.500000000000000000e+00
3.490619959811520179e+00 4.900000000000000000e+03 3.500000000000000000e+00
1.156405094056463662e-01 3.000000000000000000e+03 4.000000000000000000e+00
1.793609372436870686e-01 3.100000000000000000e+03 4.000000000000000000e+00
2.536146083800811524e-01 3.200000000000000000e+03 4.000000000000000000e+00
3.334530063989750714e-01 3.300000000000000000e+03 4.000000000000000000e+00
4.179198341421765384e-01 3.400000000000000000e+03 4.000000000000000000e+00
5.185264528590841637e-01 3.500000000000000000e+03 4.000000000000000000e+00
6.219859035998216434e-01 3.600000000000000000e+03 4.000000000000000000e+00
7.391427898000562102e-01 3.700000000000000000e+03 4.000000000000000000e+00
8.668094038138804969e-01 3.800000000000000000e+03 4.000000000000000000e+00
1.011589582688112721e+00 3.900000000000000000e+03 4.000000000000000000e+00
1.178671354399552396e+00 4.000000000000000000e+03 4.000000000000000000e+00
1.369080078201484252e+00 4.100000000000000000e+03 4.000000000000000000e+00
1.551536773260732804e+00 4.200000000000000000e+03 4.000000000000000000e+00
1.756617392016494694e+00 4.300000000000000000e+03 4.000000000000000000e+00
1.983068185141408701e+00 4.400000000000000000e+03 4.000000000000000000e+00
2.240156542457347744e+00 4.500000000000000000e+03 4.000000000000000000e+00
2.518957628922690262e+00 4.600000000000000000e+03 4.000000000000000000e+00
2.822639466104620798e+00 4.700000000000000000e+03 4.000000000000000000e+00
3.157436471305182124e+00 4.800000000000000000e+03 4.000000000000000000e+00
3.512828911647237540e+00 4.900000000000000000e+03 4.000000000000000000e+00
1.165017911372097925e-01 3.000000000000000000e+03 4.500000000000000000e+00
1.856165357490415224e-01 3.100000000000000000e+03 4.500000000000000000e+00
2.602337191544935591e-01 3.200000000000000000e+03 4.500000000000000000e+00
3.374735981900026660e-01 3.300000000000000000e+03 4.500000000000000000e+00
4.250862353325222665e-01 3.400000000000000000e+03 4.500000000000000000e+00
5.203245681086485774e-01 3.500000000000000000e+03 4.500000000000000000e+00
6.216329889588939617e-01 3.600000000000000000e+03 4.500000000000000000e+00
7.360336131347331445e-01 3.700000000000000000e+03 4.500000000000000000e+00
8.569095023831057034e-01 3.800000000000000000e+03 4.500000000000000000e+00
1.001511730032127456e+00 3.900000000000000000e+03 4.500000000000000000e+00
1.151181191627921319e+00 4.000000000000000000e+03 4.500000000000000000e+00
1.326618205285128527e+00 4.100000000000000000e+03 4.500000000000000000e+00
1.504639140489601790e+00 4.200000000000000000e+03 4.500000000000000000e+00
1.747344040360058637e+00 4.300000000000000000e+03 4.500000000000000000e+00
1.985331133174075724e+00 4.400000000000000000e+03 4.500000000000000000e+00
2.242367886943960276e+00 4.500000000000000000e+03 4.500000000000000000e+00
2.526815028115641848e+00 4.600000000000000000e+03 4.500000000000000000e+00
2.828596523646118577e+00 4.700000000000000000e+03 4.500000000000000000e+00
3.168030718348368691e+00 4.800000000000000000e+03 4.500000000000000000e+00
3.526788849396958803e+00 4.900000000000000000e+03 4.500000000000000000e+00
