# # Chi square, temp, lg
6.186361544400876822e-01 3.500000000000000000e+03 3.500000000000000000e+00
5.096091051449139764e-01 3.600000000000000000e+03 3.500000000000000000e+00
3.987684174275439308e-01 3.700000000000000000e+03 3.500000000000000000e+00
2.544069275566647748e-01 3.800000000000000000e+03 3.500000000000000000e+00
1.278757576682112429e-01 3.900000000000000000e+03 3.500000000000000000e+00
1.344891537865223752e-01 4.000000000000000000e+03 3.500000000000000000e+00
2.984699427583193954e-01 4.100000000000000000e+03 3.500000000000000000e+00
4.812633893116874395e-01 4.200000000000000000e+03 3.500000000000000000e+00
7.109264753107226165e-01 4.300000000000000000e+03 3.500000000000000000e+00
9.528734804380171175e-01 4.400000000000000000e+03 3.500000000000000000e+00
1.217183163133587209e+00 4.500000000000000000e+03 3.500000000000000000e+00
1.506371620904991770e+00 4.600000000000000000e+03 3.500000000000000000e+00
1.818311563176000956e+00 4.700000000000000000e+03 3.500000000000000000e+00
2.152699270771413875e+00 4.800000000000000000e+03 3.500000000000000000e+00
2.498059846771636394e+00 4.900000000000000000e+03 3.500000000000000000e+00
2.874655398289196917e+00 5.000000000000000000e+03 3.500000000000000000e+00
3.295063991558543126e+00 5.100000000000000000e+03 3.500000000000000000e+00
3.716943352908795628e+00 5.200000000000000000e+03 3.500000000000000000e+00
4.184285157696271185e+00 5.300000000000000000e+03 3.500000000000000000e+00
4.684994432989709523e+00 5.400000000000000000e+03 3.500000000000000000e+00
5.964369472906274616e-01 3.500000000000000000e+03 4.000000000000000000e+00
4.903387693952456217e-01 3.600000000000000000e+03 4.000000000000000000e+00
3.742285225602433041e-01 3.700000000000000000e+03 4.000000000000000000e+00
2.459685913191609341e-01 3.800000000000000000e+03 4.000000000000000000e+00
1.205752844529650175e-01 3.900000000000000000e+03 4.000000000000000000e+00
1.431477946355161068e-01 4.000000000000000000e+03 4.000000000000000000e+00
3.192938447306928884e-01 4.100000000000000000e+03 4.000000000000000000e+00
5.111042876181047800e-01 4.200000000000000000e+03 4.000000000000000000e+00
7.233720875398871319e-01 4.300000000000000000e+03 4.000000000000000000e+00
9.496650027146118500e-01 4.400000000000000000e+03 4.000000000000000000e+00
1.227142289175295442e+00 4.500000000000000000e+03 4.000000000000000000e+00
1.519291874732799474e+00 4.600000000000000000e+03 4.000000000000000000e+00
1.833307882639212627e+00 4.700000000000000000e+03 4.000000000000000000e+00
2.186983254515296071e+00 4.800000000000000000e+03 4.000000000000000000e+00
2.536727803642104373e+00 4.900000000000000000e+03 4.000000000000000000e+00
2.938646858340672630e+00 5.000000000000000000e+03 4.000000000000000000e+00
3.370219317908663026e+00 5.100000000000000000e+03 4.000000000000000000e+00
3.793809003061083818e+00 5.200000000000000000e+03 4.000000000000000000e+00
4.281208041375856865e+00 5.300000000000000000e+03 4.000000000000000000e+00
4.771884968630318191e+00 5.400000000000000000e+03 4.000000000000000000e+00
5.898186946998292823e-01 3.500000000000000000e+03 4.500000000000000000e+00
4.872790500653216283e-01 3.600000000000000000e+03 4.500000000000000000e+00
3.704831745948240496e-01 3.700000000000000000e+03 4.500000000000000000e+00
2.525983698718942128e-01 3.800000000000000000e+03 4.500000000000000000e+00
1.343608532560534030e-01 3.900000000000000000e+03 4.500000000000000000e+00
1.295455237365871204e-01 4.000000000000000000e+03 4.500000000000000000e+00
2.839520156522030714e-01 4.100000000000000000e+03 4.500000000000000000e+00
4.616695605934171831e-01 4.200000000000000000e+03 4.500000000000000000e+00
7.144337032112659802e-01 4.300000000000000000e+03 4.500000000000000000e+00
9.563267509562067836e-01 4.400000000000000000e+03 4.500000000000000000e+00
1.228595956781383780e+00 4.500000000000000000e+03 4.500000000000000000e+00
1.534834544832164749e+00 4.600000000000000000e+03 4.500000000000000000e+00
1.843629963577105846e+00 4.700000000000000000e+03 4.500000000000000000e+00
2.187100368376064807e+00 4.800000000000000000e+03 4.500000000000000000e+00
2.543762774736999521e+00 4.900000000000000000e+03 4.500000000000000000e+00
2.936918556338718567e+00 5.000000000000000000e+03 4.500000000000000000e+00
3.335160400959952476e+00 5.100000000000000000e+03 4.500000000000000000e+00
3.779292589438561834e+00 5.200000000000000000e+03 4.500000000000000000e+00
4.250799118368219887e+00 5.300000000000000000e+03 4.500000000000000000e+00
4.692258642358482668e+00 5.400000000000000000e+03 4.500000000000000000e+00
