# # Chi square, temp, lg
3.410784048363818322e+00 2.500000000000000000e+03 3.500000000000000000e+00
3.388278338661822708e+00 2.600000000000000000e+03 3.500000000000000000e+00
3.358225858801175079e+00 2.700000000000000000e+03 3.500000000000000000e+00
3.325361619051888429e+00 2.800000000000000000e+03 3.500000000000000000e+00
3.283565048819934606e+00 2.900000000000000000e+03 3.500000000000000000e+00
3.236536056273084938e+00 3.000000000000000000e+03 3.500000000000000000e+00
3.186774109579673997e+00 3.100000000000000000e+03 3.500000000000000000e+00
3.133559910882921962e+00 3.200000000000000000e+03 3.500000000000000000e+00
3.068570181854670675e+00 3.300000000000000000e+03 3.500000000000000000e+00
2.996300259076785988e+00 3.400000000000000000e+03 3.500000000000000000e+00
2.916702120644347751e+00 3.500000000000000000e+03 3.500000000000000000e+00
2.819617425039261605e+00 3.600000000000000000e+03 3.500000000000000000e+00
2.707754636553101779e+00 3.700000000000000000e+03 3.500000000000000000e+00
2.567790998987296458e+00 3.800000000000000000e+03 3.500000000000000000e+00
2.424541747230754662e+00 3.900000000000000000e+03 3.500000000000000000e+00
2.255345307852486769e+00 4.000000000000000000e+03 3.500000000000000000e+00
2.071140045047632050e+00 4.100000000000000000e+03 3.500000000000000000e+00
1.890465615668730281e+00 4.200000000000000000e+03 3.500000000000000000e+00
1.664877894718554519e+00 4.300000000000000000e+03 3.500000000000000000e+00
1.420998541314781205e+00 4.400000000000000000e+03 3.500000000000000000e+00
3.406956182386926546e+00 2.500000000000000000e+03 4.000000000000000000e+00
3.381812939689937014e+00 2.600000000000000000e+03 4.000000000000000000e+00
3.353374374133710312e+00 2.700000000000000000e+03 4.000000000000000000e+00
3.317376591044779222e+00 2.800000000000000000e+03 4.000000000000000000e+00
3.275141668849051335e+00 2.900000000000000000e+03 4.000000000000000000e+00
3.229442908161087367e+00 3.000000000000000000e+03 4.000000000000000000e+00
3.177189786611065436e+00 3.100000000000000000e+03 4.000000000000000000e+00
3.118340496927046956e+00 3.200000000000000000e+03 4.000000000000000000e+00
3.051355063634520803e+00 3.300000000000000000e+03 4.000000000000000000e+00
2.978817949250844421e+00 3.400000000000000000e+03 4.000000000000000000e+00
2.888547527561041939e+00 3.500000000000000000e+03 4.000000000000000000e+00
2.792545870670259944e+00 3.600000000000000000e+03 4.000000000000000000e+00
2.683882147350511449e+00 3.700000000000000000e+03 4.000000000000000000e+00
2.557933250360092003e+00 3.800000000000000000e+03 4.000000000000000000e+00
2.416141884942446971e+00 3.900000000000000000e+03 4.000000000000000000e+00
2.247108578303351312e+00 4.000000000000000000e+03 4.000000000000000000e+00
2.051965092184781181e+00 4.100000000000000000e+03 4.000000000000000000e+00
1.869111294709442372e+00 4.200000000000000000e+03 4.000000000000000000e+00
1.655867820121052603e+00 4.300000000000000000e+03 4.000000000000000000e+00
1.431399456841904838e+00 4.400000000000000000e+03 4.000000000000000000e+00
3.405199186300411629e+00 2.500000000000000000e+03 4.500000000000000000e+00
3.381489949524269623e+00 2.600000000000000000e+03 4.500000000000000000e+00
3.352441314643393344e+00 2.700000000000000000e+03 4.500000000000000000e+00
3.318530743906767722e+00 2.800000000000000000e+03 4.500000000000000000e+00
3.276998218799025420e+00 2.900000000000000000e+03 4.500000000000000000e+00
3.230848092945264316e+00 3.000000000000000000e+03 4.500000000000000000e+00
3.171028983209787988e+00 3.100000000000000000e+03 4.500000000000000000e+00
3.109818053842008823e+00 3.200000000000000000e+03 4.500000000000000000e+00
3.042721965040735110e+00 3.300000000000000000e+03 4.500000000000000000e+00
2.964234906523892654e+00 3.400000000000000000e+03 4.500000000000000000e+00
2.878931642677794223e+00 3.500000000000000000e+03 4.500000000000000000e+00
2.781947892592016913e+00 3.600000000000000000e+03 4.500000000000000000e+00
2.668651452761853449e+00 3.700000000000000000e+03 4.500000000000000000e+00
2.550061454343645728e+00 3.800000000000000000e+03 4.500000000000000000e+00
2.413389513315648216e+00 3.900000000000000000e+03 4.500000000000000000e+00
2.264580922329614054e+00 4.000000000000000000e+03 4.500000000000000000e+00
2.091392273024849757e+00 4.100000000000000000e+03 4.500000000000000000e+00
1.922284768050537496e+00 4.200000000000000000e+03 4.500000000000000000e+00
1.675253564195802847e+00 4.300000000000000000e+03 4.500000000000000000e+00
1.433159788319535055e+00 4.400000000000000000e+03 4.500000000000000000e+00
