# # Chi square, temp, lg
5.717343272043807767e-01 2.500000000000000000e+03 3.500000000000000000e+00
5.390499810170596984e-01 2.600000000000000000e+03 3.500000000000000000e+00
4.969120215582563116e-01 2.700000000000000000e+03 3.500000000000000000e+00
4.514445162665763345e-01 2.800000000000000000e+03 3.500000000000000000e+00
3.939591527097730528e-01 2.900000000000000000e+03 3.500000000000000000e+00
3.324445723051609458e-01 3.000000000000000000e+03 3.500000000000000000e+00
2.688776571796659964e-01 3.100000000000000000e+03 3.500000000000000000e+00
1.995708907831513501e-01 3.200000000000000000e+03 3.500000000000000000e+00
1.220528473983227002e-01 3.300000000000000000e+03 3.500000000000000000e+00
5.270037491514435041e-02 3.400000000000000000e+03 3.500000000000000000e+00
8.608247009806788141e-02 3.500000000000000000e+03 3.500000000000000000e+00
1.916978132949722913e-01 3.600000000000000000e+03 3.500000000000000000e+00
3.040085046314379147e-01 3.700000000000000000e+03 3.500000000000000000e+00
4.464815254518301746e-01 3.800000000000000000e+03 3.500000000000000000e+00
5.962165109082089298e-01 3.900000000000000000e+03 3.500000000000000000e+00
7.697261083401794046e-01 4.000000000000000000e+03 3.500000000000000000e+00
9.533675069559044424e-01 4.100000000000000000e+03 3.500000000000000000e+00
1.135893712615429596e+00 4.200000000000000000e+03 3.500000000000000000e+00
1.363687400433401420e+00 4.300000000000000000e+03 3.500000000000000000e+00
1.599250025380858586e+00 4.400000000000000000e+03 3.500000000000000000e+00
5.655949156371494757e-01 2.500000000000000000e+03 4.000000000000000000e+00
5.284863467130300752e-01 2.600000000000000000e+03 4.000000000000000000e+00
4.889898890338364446e-01 2.700000000000000000e+03 4.000000000000000000e+00
4.401628096356357545e-01 2.800000000000000000e+03 4.000000000000000000e+00
3.841388516782451301e-01 2.900000000000000000e+03 4.000000000000000000e+00
3.263104714078680635e-01 3.000000000000000000e+03 4.000000000000000000e+00
2.641492361105427511e-01 3.100000000000000000e+03 4.000000000000000000e+00
1.919009923944781648e-01 3.200000000000000000e+03 4.000000000000000000e+00
1.186783762354737953e-01 3.300000000000000000e+03 4.000000000000000000e+00
6.306503980521982466e-02 3.400000000000000000e+03 4.000000000000000000e+00
1.069290116868498314e-01 3.500000000000000000e+03 4.000000000000000000e+00
2.020356194478273859e-01 3.600000000000000000e+03 4.000000000000000000e+00
3.210296452805312395e-01 3.700000000000000000e+03 4.000000000000000000e+00
4.535984042940554017e-01 3.800000000000000000e+03 4.000000000000000000e+00
6.036737260271201055e-01 3.900000000000000000e+03 4.000000000000000000e+00
7.781366594278867899e-01 4.000000000000000000e+03 4.000000000000000000e+00
9.787587396160873920e-01 4.100000000000000000e+03 4.000000000000000000e+00
1.170119872697567898e+00 4.200000000000000000e+03 4.000000000000000000e+00
1.381101433483382435e+00 4.300000000000000000e+03 4.000000000000000000e+00
1.612290966176152862e+00 4.400000000000000000e+03 4.000000000000000000e+00
5.617911875019673262e-01 2.500000000000000000e+03 4.500000000000000000e+00
5.261194141774856448e-01 2.600000000000000000e+03 4.500000000000000000e+00
4.849930854098711830e-01 2.700000000000000000e+03 4.500000000000000000e+00
4.388726546019506292e-01 2.800000000000000000e+03 4.500000000000000000e+00
3.862008665857172840e-01 2.900000000000000000e+03 4.500000000000000000e+00
3.280456982438808566e-01 3.000000000000000000e+03 4.500000000000000000e+00
2.591915768303781897e-01 3.100000000000000000e+03 4.500000000000000000e+00
1.889822030114483575e-01 3.200000000000000000e+03 4.500000000000000000e+00
1.209795696528353087e-01 3.300000000000000000e+03 4.500000000000000000e+00
7.806366844555237550e-02 3.400000000000000000e+03 4.500000000000000000e+00
1.208703424635019091e-01 3.500000000000000000e+03 4.500000000000000000e+00
2.154956817655777346e-01 3.600000000000000000e+03 4.500000000000000000e+00
3.273315629272055549e-01 3.700000000000000000e+03 4.500000000000000000e+00
4.531209126918456231e-01 3.800000000000000000e+03 4.500000000000000000e+00
5.989218638806034223e-01 3.900000000000000000e+03 4.500000000000000000e+00
7.523038246288822339e-01 4.000000000000000000e+03 4.500000000000000000e+00
9.370968869206995899e-01 4.100000000000000000e+03 4.500000000000000000e+00
1.120751626341420115e+00 4.200000000000000000e+03 4.500000000000000000e+00
1.373042250574096013e+00 4.300000000000000000e+03 4.500000000000000000e+00
1.605711725205404061e+00 4.400000000000000000e+03 4.500000000000000000e+00
