# # Chi square, temp, lg
8.738696570126337770e-02 3.000000000000000000e+03 3.500000000000000000e+00
1.524699890840183480e-01 3.100000000000000000e+03 3.500000000000000000e+00
2.220511301847366281e-01 3.200000000000000000e+03 3.500000000000000000e+00
3.037738890939216119e-01 3.300000000000000000e+03 3.500000000000000000e+00
3.949709737489268679e-01 3.400000000000000000e+03 3.500000000000000000e+00
4.890876414265860062e-01 3.500000000000000000e+03 3.500000000000000000e+00
5.973602014506550484e-01 3.600000000000000000e+03 3.500000000000000000e+00
7.104689648186336415e-01 3.700000000000000000e+03 3.500000000000000000e+00
8.454184806666509289e-01 3.800000000000000000e+03 3.500000000000000000e+00
9.886454494111538427e-01 3.900000000000000000e+03 3.500000000000000000e+00
1.150379334383966778e+00 4.000000000000000000e+03 3.500000000000000000e+00
1.327766815175788873e+00 4.100000000000000000e+03 3.500000000000000000e+00
1.507429239432212631e+00 4.200000000000000000e+03 3.500000000000000000e+00
1.730790627250494040e+00 4.300000000000000000e+03 3.500000000000000000e+00
1.956470360536751718e+00 4.400000000000000000e+03 3.500000000000000000e+00
2.215110037163859680e+00 4.500000000000000000e+03 3.500000000000000000e+00
2.508486883105789822e+00 4.600000000000000000e+03 3.500000000000000000e+00
2.787695855562569491e+00 4.700000000000000000e+03 3.500000000000000000e+00
3.120149562767914997e+00 4.800000000000000000e+03 3.500000000000000000e+00
3.473960512014188318e+00 4.900000000000000000e+03 3.500000000000000000e+00
9.337996361359679476e-02 3.000000000000000000e+03 4.000000000000000000e+00
1.568149171859283819e-01 3.100000000000000000e+03 4.000000000000000000e+00
2.309872465452586510e-01 3.200000000000000000e+03 4.000000000000000000e+00
3.108444751957110119e-01 3.300000000000000000e+03 4.000000000000000000e+00
3.954601381023830631e-01 3.400000000000000000e+03 4.000000000000000000e+00
4.961770950808965241e-01 3.500000000000000000e+03 4.000000000000000000e+00
5.998617050969997644e-01 3.600000000000000000e+03 4.000000000000000000e+00
7.172857379840278380e-01 3.700000000000000000e+03 4.000000000000000000e+00
8.452609932891304023e-01 3.800000000000000000e+03 4.000000000000000000e+00
9.903932167871684067e-01 3.900000000000000000e+03 4.000000000000000000e+00
1.157863644056428942e+00 4.000000000000000000e+03 4.000000000000000000e+00
1.348756461485471680e+00 4.100000000000000000e+03 4.000000000000000000e+00
1.531580231437421169e+00 4.200000000000000000e+03 4.000000000000000000e+00
1.737136757780281426e+00 4.300000000000000000e+03 4.000000000000000000e+00
1.964078416751563472e+00 4.400000000000000000e+03 4.000000000000000000e+00
2.221634367427143264e+00 4.500000000000000000e+03 4.000000000000000000e+00
2.500871326979309917e+00 4.600000000000000000e+03 4.000000000000000000e+00
2.805014779632648114e+00 4.700000000000000000e+03 4.000000000000000000e+00
3.140244072334200442e+00 4.800000000000000000e+03 4.000000000000000000e+00
3.496060046573413516e+00 4.900000000000000000e+03 4.000000000000000000e+00
9.438391003593900319e-02 3.000000000000000000e+03 4.500000000000000000e+00
1.631804237086069698e-01 3.100000000000000000e+03 4.500000000000000000e+00
2.377566278173322833e-01 3.200000000000000000e+03 4.500000000000000000e+00
3.150498443959316441e-01 3.300000000000000000e+03 4.500000000000000000e+00
4.028403426745623683e-01 3.400000000000000000e+03 4.500000000000000000e+00
4.982180877379150941e-01 3.500000000000000000e+03 4.500000000000000000e+00
5.997749826045153387e-01 3.600000000000000000e+03 4.500000000000000000e+00
7.144601075085976749e-01 3.700000000000000000e+03 4.500000000000000000e+00
8.356248654579532253e-01 3.800000000000000000e+03 4.500000000000000000e+00
9.805705541888105614e-01 3.900000000000000000e+03 4.500000000000000000e+00
1.130548049255454712e+00 4.000000000000000000e+03 4.500000000000000000e+00
1.306245062846881577e+00 4.100000000000000000e+03 4.500000000000000000e+00
1.484635288661753982e+00 4.200000000000000000e+03 4.500000000000000000e+00
1.727750684376594625e+00 4.300000000000000000e+03 4.500000000000000000e+00
1.966208967645406203e+00 4.400000000000000000e+03 4.500000000000000000e+00
2.223718435008029015e+00 4.500000000000000000e+03 4.500000000000000000e+00
2.508607298862011170e+00 4.600000000000000000e+03 4.500000000000000000e+00
2.810835671951211090e+00 4.700000000000000000e+03 4.500000000000000000e+00
3.150691179642766127e+00 4.800000000000000000e+03 4.500000000000000000e+00
3.509927891005519829e+00 4.900000000000000000e+03 4.500000000000000000e+00
