# # Chi square, temp, lg
2.680150946901159736e-01 2.000000000000000000e+03 3.500000000000000000e+00
2.525431272313615749e-01 2.100000000000000000e+03 3.500000000000000000e+00
2.277625099142075171e-01 2.200000000000000000e+03 3.500000000000000000e+00
1.977684637563616177e-01 2.300000000000000000e+03 3.500000000000000000e+00
1.712925702877623191e-01 2.400000000000000000e+03 3.500000000000000000e+00
1.399183316326094717e-01 2.500000000000000000e+03 3.500000000000000000e+00
1.059827817077618056e-01 2.600000000000000000e+03 3.500000000000000000e+00
6.360878640218210756e-02 2.700000000000000000e+03 3.500000000000000000e+00
2.498692189249405657e-02 2.800000000000000000e+03 3.500000000000000000e+00
4.959486444789533433e-02 2.900000000000000000e+03 3.500000000000000000e+00
1.095533945852639884e-01 3.000000000000000000e+03 3.500000000000000000e+00
1.750929256150341728e-01 3.100000000000000000e+03 3.500000000000000000e+00
2.447443723463532395e-01 3.200000000000000000e+03 3.500000000000000000e+00
3.264840462421180201e-01 3.300000000000000000e+03 3.500000000000000000e+00
4.175921734174472544e-01 3.400000000000000000e+03 3.500000000000000000e+00
5.115985025885942949e-01 3.500000000000000000e+03 3.500000000000000000e+00
6.196597158181507137e-01 3.600000000000000000e+03 3.500000000000000000e+00
7.325331621551617323e-01 3.700000000000000000e+03 3.500000000000000000e+00
8.670857495727531949e-01 3.800000000000000000e+03 3.500000000000000000e+00
1.009867243988709307e+00 3.900000000000000000e+03 3.500000000000000000e+00
2.611788885112225622e-01 2.000000000000000000e+03 4.000000000000000000e+00
2.519695532135157734e-01 2.100000000000000000e+03 4.000000000000000000e+00
2.265363503719673433e-01 2.200000000000000000e+03 4.000000000000000000e+00
1.968495551263563514e-01 2.300000000000000000e+03 4.000000000000000000e+00
1.660079634046390806e-01 2.400000000000000000e+03 4.000000000000000000e+00
1.331599669381961504e-01 2.500000000000000000e+03 4.000000000000000000e+00
9.479659535055152964e-02 2.600000000000000000e+03 4.000000000000000000e+00
5.655370130690570013e-02 2.700000000000000000e+03 4.000000000000000000e+00
2.089807961179606863e-02 2.800000000000000000e+03 4.000000000000000000e+00
5.901108779058174963e-02 2.900000000000000000e+03 4.000000000000000000e+00
1.156405094056463662e-01 3.000000000000000000e+03 4.000000000000000000e+00
1.793609372436870686e-01 3.100000000000000000e+03 4.000000000000000000e+00
2.536146083800811524e-01 3.200000000000000000e+03 4.000000000000000000e+00
3.334530063989750714e-01 3.300000000000000000e+03 4.000000000000000000e+00
4.179198341421765384e-01 3.400000000000000000e+03 4.000000000000000000e+00
5.185264528590841637e-01 3.500000000000000000e+03 4.000000000000000000e+00
6.219859035998216434e-01 3.600000000000000000e+03 4.000000000000000000e+00
7.391427898000562102e-01 3.700000000000000000e+03 4.000000000000000000e+00
8.668094038138804969e-01 3.800000000000000000e+03 4.000000000000000000e+00
1.011589582688112721e+00 3.900000000000000000e+03 4.000000000000000000e+00
2.743890695237553579e-01 2.000000000000000000e+03 4.500000000000000000e+00
2.483363908340956161e-01 2.100000000000000000e+03 4.500000000000000000e+00
2.244128333699385025e-01 2.200000000000000000e+03 4.500000000000000000e+00
1.909066459375495517e-01 2.300000000000000000e+03 4.500000000000000000e+00
1.599875519747804564e-01 2.400000000000000000e+03 4.500000000000000000e+00
1.286914288233211023e-01 2.500000000000000000e+03 4.500000000000000000e+00
9.314442862049175653e-02 2.600000000000000000e+03 4.500000000000000000e+00
5.337509043705190859e-02 2.700000000000000000e+03 4.500000000000000000e+00
2.432615866359659831e-02 2.800000000000000000e+03 4.500000000000000000e+00
5.851612590865320346e-02 2.900000000000000000e+03 4.500000000000000000e+00
1.165017911372097925e-01 3.000000000000000000e+03 4.500000000000000000e+00
1.856165357490415224e-01 3.100000000000000000e+03 4.500000000000000000e+00
2.602337191544935591e-01 3.200000000000000000e+03 4.500000000000000000e+00
3.374735981900026660e-01 3.300000000000000000e+03 4.500000000000000000e+00
4.250862353325222665e-01 3.400000000000000000e+03 4.500000000000000000e+00
5.203245681086485774e-01 3.500000000000000000e+03 4.500000000000000000e+00
6.216329889588939617e-01 3.600000000000000000e+03 4.500000000000000000e+00
7.360336131347331445e-01 3.700000000000000000e+03 4.500000000000000000e+00
8.569095023831057034e-01 3.800000000000000000e+03 4.500000000000000000e+00
1.001511730032127456e+00 3.900000000000000000e+03 4.500000000000000000e+00
