# # Chi square, temp, lg
4.743942643246822577e+00 3.000000000000000000e+03 3.500000000000000000e+00
4.688038579124798488e+00 3.100000000000000000e+03 3.500000000000000000e+00
4.628579834008702321e+00 3.200000000000000000e+03 3.500000000000000000e+00
4.557392300896844439e+00 3.300000000000000000e+03 3.500000000000000000e+00
4.473506876632323603e+00 3.400000000000000000e+03 3.500000000000000000e+00
4.386713311283658712e+00 3.500000000000000000e+03 3.500000000000000000e+00
4.279775495189035439e+00 3.600000000000000000e+03 3.500000000000000000e+00
4.167696259324374708e+00 3.700000000000000000e+03 3.500000000000000000e+00
4.018988076984362223e+00 3.800000000000000000e+03 3.500000000000000000e+00
3.867219485714296301e+00 3.900000000000000000e+03 3.500000000000000000e+00
3.699258891445944997e+00 4.000000000000000000e+03 3.500000000000000000e+00
3.512827084848728187e+00 4.100000000000000000e+03 3.500000000000000000e+00
3.334279824227639466e+00 4.200000000000000000e+03 3.500000000000000000e+00
3.113659489138603131e+00 4.300000000000000000e+03 3.500000000000000000e+00
2.875927298744732408e+00 4.400000000000000000e+03 3.500000000000000000e+00
2.637135945279038385e+00 4.500000000000000000e+03 3.500000000000000000e+00
2.362247316078432746e+00 4.600000000000000000e+03 3.500000000000000000e+00
2.101967542715225346e+00 4.700000000000000000e+03 3.500000000000000000e+00
1.832880464867791215e+00 4.800000000000000000e+03 3.500000000000000000e+00
1.588516506729697353e+00 4.900000000000000000e+03 3.500000000000000000e+00
4.737619765341978706e+00 3.000000000000000000e+03 4.000000000000000000e+00
4.678825133835226247e+00 3.100000000000000000e+03 4.000000000000000000e+00
4.613255400028232422e+00 3.200000000000000000e+03 4.000000000000000000e+00
4.540103629511598626e+00 3.300000000000000000e+03 4.000000000000000000e+00
4.459795412945167570e+00 3.400000000000000000e+03 4.000000000000000000e+00
4.363737183165606659e+00 3.500000000000000000e+03 4.000000000000000000e+00
4.260782860471424627e+00 3.600000000000000000e+03 4.000000000000000000e+00
4.144663617066616013e+00 3.700000000000000000e+03 4.000000000000000000e+00
4.010178968456637350e+00 3.800000000000000000e+03 4.000000000000000000e+00
3.859915406028046281e+00 3.900000000000000000e+03 4.000000000000000000e+00
3.684799732729449939e+00 4.000000000000000000e+03 4.000000000000000000e+00
3.491140333050993139e+00 4.100000000000000000e+03 4.000000000000000000e+00
3.298199985244372634e+00 4.200000000000000000e+03 4.000000000000000000e+00
3.090216939723022804e+00 4.300000000000000000e+03 4.000000000000000000e+00
2.869482455290210954e+00 4.400000000000000000e+03 4.000000000000000000e+00
2.614053751660095237e+00 4.500000000000000000e+03 4.000000000000000000e+00
2.345818277828990439e+00 4.600000000000000000e+03 4.000000000000000000e+00
2.079074248995338881e+00 4.700000000000000000e+03 4.000000000000000000e+00
1.802257730980985073e+00 4.800000000000000000e+03 4.000000000000000000e+00
1.546053811051971483e+00 4.900000000000000000e+03 4.000000000000000000e+00
4.737607967590545144e+00 3.000000000000000000e+03 4.500000000000000000e+00
4.672739851911425824e+00 3.100000000000000000e+03 4.500000000000000000e+00
4.604441527072577145e+00 3.200000000000000000e+03 4.500000000000000000e+00
4.530059686790488094e+00 3.300000000000000000e+03 4.500000000000000000e+00
4.447119528302032165e+00 3.400000000000000000e+03 4.500000000000000000e+00
4.354338855112080964e+00 3.500000000000000000e+03 4.500000000000000000e+00
4.251973367263172321e+00 3.600000000000000000e+03 4.500000000000000000e+00
4.136563744546219112e+00 3.700000000000000000e+03 4.500000000000000000e+00
4.011840774016650180e+00 3.800000000000000000e+03 4.500000000000000000e+00
3.869114983525071771e+00 3.900000000000000000e+03 4.500000000000000000e+00
3.715889237188914951e+00 4.000000000000000000e+03 4.500000000000000000e+00
3.532631895015192924e+00 4.100000000000000000e+03 4.500000000000000000e+00
3.350485921560294234e+00 4.200000000000000000e+03 4.500000000000000000e+00
3.100196312405393062e+00 4.300000000000000000e+03 4.500000000000000000e+00
2.870036067529965873e+00 4.400000000000000000e+03 4.500000000000000000e+00
2.616098123949560428e+00 4.500000000000000000e+03 4.500000000000000000e+00
2.333860792607049817e+00 4.600000000000000000e+03 4.500000000000000000e+00
2.061151099193057057e+00 4.700000000000000000e+03 4.500000000000000000e+00
1.779559823428366050e+00 4.800000000000000000e+03 4.500000000000000000e+00
1.530601174852475710e+00 4.900000000000000000e+03 4.500000000000000000e+00
