# # Chi square, temp, lg
8.608247009806788141e-02 3.500000000000000000e+03 3.500000000000000000e+00
1.916978132949722913e-01 3.600000000000000000e+03 3.500000000000000000e+00
3.040085046314379147e-01 3.700000000000000000e+03 3.500000000000000000e+00
4.464815254518301746e-01 3.800000000000000000e+03 3.500000000000000000e+00
5.962165109082089298e-01 3.900000000000000000e+03 3.500000000000000000e+00
7.697261083401794046e-01 4.000000000000000000e+03 3.500000000000000000e+00
9.533675069559044424e-01 4.100000000000000000e+03 3.500000000000000000e+00
1.135893712615429596e+00 4.200000000000000000e+03 3.500000000000000000e+00
1.363687400433401420e+00 4.300000000000000000e+03 3.500000000000000000e+00
1.599250025380858586e+00 4.400000000000000000e+03 3.500000000000000000e+00
1.860869810278398928e+00 4.500000000000000000e+03 3.500000000000000000e+00
2.146922300978070020e+00 4.600000000000000000e+03 3.500000000000000000e+00
2.446758712196895225e+00 4.700000000000000000e+03 3.500000000000000000e+00
2.787840613287992042e+00 4.800000000000000000e+03 3.500000000000000000e+00
3.125730100780695242e+00 4.900000000000000000e+03 3.500000000000000000e+00
3.501865223071588318e+00 5.000000000000000000e+03 3.500000000000000000e+00
3.894517526161359822e+00 5.100000000000000000e+03 3.500000000000000000e+00
4.364064410336020217e+00 5.200000000000000000e+03 3.500000000000000000e+00
4.811158867521206695e+00 5.300000000000000000e+03 3.500000000000000000e+00
5.292964530684438174e+00 5.400000000000000000e+03 3.500000000000000000e+00
1.069290116868498314e-01 3.500000000000000000e+03 4.000000000000000000e+00
2.020356194478273859e-01 3.600000000000000000e+03 4.000000000000000000e+00
3.210296452805312395e-01 3.700000000000000000e+03 4.000000000000000000e+00
4.535984042940554017e-01 3.800000000000000000e+03 4.000000000000000000e+00
6.036737260271201055e-01 3.900000000000000000e+03 4.000000000000000000e+00
7.781366594278867899e-01 4.000000000000000000e+03 4.000000000000000000e+00
9.787587396160873920e-01 4.100000000000000000e+03 4.000000000000000000e+00
1.170119872697567898e+00 4.200000000000000000e+03 4.000000000000000000e+00
1.381101433483382435e+00 4.300000000000000000e+03 4.000000000000000000e+00
1.612290966176152862e+00 4.400000000000000000e+03 4.000000000000000000e+00
1.880982345148947577e+00 4.500000000000000000e+03 4.000000000000000000e+00
2.170852149658655694e+00 4.600000000000000000e+03 4.000000000000000000e+00
2.466233003481706820e+00 4.700000000000000000e+03 4.000000000000000000e+00
2.795788282463781194e+00 4.800000000000000000e+03 4.000000000000000000e+00
3.166039441056189396e+00 4.900000000000000000e+03 4.000000000000000000e+00
3.562115646398006596e+00 5.000000000000000000e+03 4.000000000000000000e+00
3.949028236048853113e+00 5.100000000000000000e+03 4.000000000000000000e+00
4.372282826395545996e+00 5.200000000000000000e+03 4.000000000000000000e+00
4.898790355834037769e+00 5.300000000000000000e+03 4.000000000000000000e+00
5.381161374161308686e+00 5.400000000000000000e+03 4.000000000000000000e+00
1.208703424635019091e-01 3.500000000000000000e+03 4.500000000000000000e+00
2.154956817655777346e-01 3.600000000000000000e+03 4.500000000000000000e+00
3.273315629272055549e-01 3.700000000000000000e+03 4.500000000000000000e+00
4.531209126918456231e-01 3.800000000000000000e+03 4.500000000000000000e+00
5.989218638806034223e-01 3.900000000000000000e+03 4.500000000000000000e+00
7.523038246288822339e-01 4.000000000000000000e+03 4.500000000000000000e+00
9.370968869206995899e-01 4.100000000000000000e+03 4.500000000000000000e+00
1.120751626341420115e+00 4.200000000000000000e+03 4.500000000000000000e+00
1.373042250574096013e+00 4.300000000000000000e+03 4.500000000000000000e+00
1.605711725205404061e+00 4.400000000000000000e+03 4.500000000000000000e+00
1.871310297992907046e+00 4.500000000000000000e+03 4.500000000000000000e+00
2.177508598498793635e+00 4.600000000000000000e+03 4.500000000000000000e+00
2.487086201658166296e+00 4.700000000000000000e+03 4.500000000000000000e+00
2.816086044439555014e+00 4.800000000000000000e+03 4.500000000000000000e+00
3.167636757876903353e+00 4.900000000000000000e+03 4.500000000000000000e+00
3.561080719512852433e+00 5.000000000000000000e+03 4.500000000000000000e+00
3.951612255835788901e+00 5.100000000000000000e+03 4.500000000000000000e+00
4.375340974078582690e+00 5.200000000000000000e+03 4.500000000000000000e+00
4.846545356094563495e+00 5.300000000000000000e+03 4.500000000000000000e+00
5.286293140808583146e+00 5.400000000000000000e+03 4.500000000000000000e+00
