# # Chi square, temp, lg
7.853672063985882579e-01 2.500000000000000000e+03 3.500000000000000000e+00
7.537408513730153858e-01 2.600000000000000000e+03 3.500000000000000000e+00
7.121543965612553428e-01 2.700000000000000000e+03 3.500000000000000000e+00
6.680246623623333768e-01 2.800000000000000000e+03 3.500000000000000000e+00
6.119360959168226310e-01 2.900000000000000000e+03 3.500000000000000000e+00
5.506950724116816964e-01 3.000000000000000000e+03 3.500000000000000000e+00
4.871583193741372830e-01 3.100000000000000000e+03 3.500000000000000000e+00
4.185382694224928368e-01 3.200000000000000000e+03 3.500000000000000000e+00
3.400564285462777669e-01 3.300000000000000000e+03 3.500000000000000000e+00
2.525260771460903775e-01 3.400000000000000000e+03 3.500000000000000000e+00
1.648216168577669449e-01 3.500000000000000000e+03 3.500000000000000000e+00
7.976437730123479841e-02 3.600000000000000000e+03 3.500000000000000000e+00
1.067032429452835218e-01 3.700000000000000000e+03 3.500000000000000000e+00
2.337736888458629148e-01 3.800000000000000000e+03 3.500000000000000000e+00
3.785763722651437901e-01 3.900000000000000000e+03 3.500000000000000000e+00
5.481960133506318389e-01 4.000000000000000000e+03 3.500000000000000000e+00
7.354094676685638543e-01 4.100000000000000000e+03 3.500000000000000000e+00
9.190022005349135492e-01 4.200000000000000000e+03 3.500000000000000000e+00
1.148537947076234245e+00 4.300000000000000000e+03 3.500000000000000000e+00
1.391551450350883234e+00 4.400000000000000000e+03 3.500000000000000000e+00
7.792412730119057107e-01 2.500000000000000000e+03 4.000000000000000000e+00
7.428429095068750376e-01 2.600000000000000000e+03 4.000000000000000000e+00
7.037527746808946993e-01 2.700000000000000000e+03 4.000000000000000000e+00
6.560472051600196863e-01 2.800000000000000000e+03 4.000000000000000000e+00
6.024270880564610575e-01 2.900000000000000000e+03 4.000000000000000000e+00
5.440829663400305050e-01 3.000000000000000000e+03 4.000000000000000000e+00
4.811510875336622028e-01 3.100000000000000000e+03 4.000000000000000000e+00
4.088929520974439180e-01 3.200000000000000000e+03 4.000000000000000000e+00
3.306407606779950270e-01 3.300000000000000000e+03 4.000000000000000000e+00
2.489536594303446704e-01 3.400000000000000000e+03 4.000000000000000000e+00
1.544694658519663588e-01 3.500000000000000000e+03 4.000000000000000000e+00
8.498557223073541222e-02 3.600000000000000000e+03 4.000000000000000000e+00
1.213259151742078490e-01 3.700000000000000000e+03 4.000000000000000000e+00
2.407996527327562752e-01 3.800000000000000000e+03 4.000000000000000000e+00
3.852530636934399233e-01 3.900000000000000000e+03 4.000000000000000000e+00
5.606191439623394723e-01 4.000000000000000000e+03 4.000000000000000000e+00
7.580770151240038279e-01 4.100000000000000000e+03 4.000000000000000000e+00
9.518180886149103515e-01 4.200000000000000000e+03 4.000000000000000000e+00
1.169138151565873418e+00 4.300000000000000000e+03 4.000000000000000000e+00
1.391403136305569443e+00 4.400000000000000000e+03 4.000000000000000000e+00
7.746489735287365175e-01 2.500000000000000000e+03 4.500000000000000000e+00
7.414235580803921755e-01 2.600000000000000000e+03 4.500000000000000000e+00
7.001240352587526639e-01 2.700000000000000000e+03 4.500000000000000000e+00
6.550694422607407086e-01 2.800000000000000000e+03 4.500000000000000000e+00
6.031093404955581994e-01 2.900000000000000000e+03 4.500000000000000000e+00
5.444099674411827516e-01 3.000000000000000000e+03 4.500000000000000000e+00
4.749976770042035334e-01 3.100000000000000000e+03 4.500000000000000000e+00
4.022735196722040385e-01 3.200000000000000000e+03 4.500000000000000000e+00
3.269992561454783675e-01 3.300000000000000000e+03 4.500000000000000000e+00
2.440795851775855174e-01 3.400000000000000000e+03 4.500000000000000000e+00
1.614067969475507514e-01 3.500000000000000000e+03 4.500000000000000000e+00
1.040056941953855230e-01 3.600000000000000000e+03 4.500000000000000000e+00
1.431742191594438107e-01 3.700000000000000000e+03 4.500000000000000000e+00
2.494405838820430710e-01 3.800000000000000000e+03 4.500000000000000000e+00
3.860112767572942971e-01 3.900000000000000000e+03 4.500000000000000000e+00
5.363343272764583558e-01 4.000000000000000000e+03 4.500000000000000000e+00
7.258053570705901292e-01 4.100000000000000000e+03 4.500000000000000000e+00
9.048941305070034025e-01 4.200000000000000000e+03 4.500000000000000000e+00
1.149880748161127952e+00 4.300000000000000000e+03 4.500000000000000000e+00
1.397414630654656875e+00 4.400000000000000000e+03 4.500000000000000000e+00
