# # Chi square, temp, lg
3.825292284422696643e+00 3.500000000000000000e+03 3.500000000000000000e+00
3.715069729259963704e+00 3.600000000000000000e+03 3.500000000000000000e+00
3.603849587173129088e+00 3.700000000000000000e+03 3.500000000000000000e+00
3.454830668449479614e+00 3.800000000000000000e+03 3.500000000000000000e+00
3.303266279097627933e+00 3.900000000000000000e+03 3.500000000000000000e+00
3.134265348667032214e+00 4.000000000000000000e+03 3.500000000000000000e+00
2.948205904355937435e+00 4.100000000000000000e+03 3.500000000000000000e+00
2.771768693719349752e+00 4.200000000000000000e+03 3.500000000000000000e+00
2.554682566974146862e+00 4.300000000000000000e+03 3.500000000000000000e+00
2.323747536534249480e+00 4.400000000000000000e+03 3.500000000000000000e+00
2.090947553522181757e+00 4.500000000000000000e+03 3.500000000000000000e+00
1.833863863346542944e+00 4.600000000000000000e+03 3.500000000000000000e+00
1.598590131373163636e+00 4.700000000000000000e+03 3.500000000000000000e+00
1.375600961749114282e+00 4.800000000000000000e+03 3.500000000000000000e+00
1.216209361236991304e+00 4.900000000000000000e+03 3.500000000000000000e+00
1.152657197072380679e+00 5.000000000000000000e+03 3.500000000000000000e+00
1.246852098028543354e+00 5.100000000000000000e+03 3.500000000000000000e+00
1.479553743656696119e+00 5.200000000000000000e+03 3.500000000000000000e+00
1.822092052588304423e+00 5.300000000000000000e+03 3.500000000000000000e+00
2.256803348490617367e+00 5.400000000000000000e+03 3.500000000000000000e+00
3.803056063093610550e+00 3.500000000000000000e+03 4.000000000000000000e+00
3.699665564501674275e+00 3.600000000000000000e+03 4.000000000000000000e+00
3.580470367810649535e+00 3.700000000000000000e+03 4.000000000000000000e+00
3.446858527058965560e+00 3.800000000000000000e+03 4.000000000000000000e+00
3.296820644190012750e+00 3.900000000000000000e+03 4.000000000000000000e+00
3.119316597573283278e+00 4.000000000000000000e+03 4.000000000000000000e+00
2.926297642119072506e+00 4.100000000000000000e+03 4.000000000000000000e+00
2.735364531270909172e+00 4.200000000000000000e+03 4.000000000000000000e+00
2.529517912095929688e+00 4.300000000000000000e+03 4.000000000000000000e+00
2.314865501025874295e+00 4.400000000000000000e+03 4.000000000000000000e+00
2.065694140086289377e+00 4.500000000000000000e+03 4.000000000000000000e+00
1.820729042949859044e+00 4.600000000000000000e+03 4.000000000000000000e+00
1.570799955623104482e+00 4.700000000000000000e+03 4.000000000000000000e+00
1.345029781327159446e+00 4.800000000000000000e+03 4.000000000000000000e+00
1.176264043537061710e+00 4.900000000000000000e+03 4.000000000000000000e+00
1.127291830304410825e+00 5.000000000000000000e+03 4.000000000000000000e+00
1.229965239988660253e+00 5.100000000000000000e+03 4.000000000000000000e+00
1.466382910016997831e+00 5.200000000000000000e+03 4.000000000000000000e+00
1.854274108156980683e+00 5.300000000000000000e+03 4.000000000000000000e+00
2.277723334944306011e+00 5.400000000000000000e+03 4.000000000000000000e+00
3.794336629721512200e+00 3.500000000000000000e+03 4.500000000000000000e+00
3.691220923308367929e+00 3.600000000000000000e+03 4.500000000000000000e+00
3.573251407959757486e+00 3.700000000000000000e+03 4.500000000000000000e+00
3.448830372324193760e+00 3.800000000000000000e+03 4.500000000000000000e+00
3.304667240394186578e+00 3.900000000000000000e+03 4.500000000000000000e+00
3.152330683136816525e+00 4.000000000000000000e+03 4.500000000000000000e+00
2.968213782080316498e+00 4.100000000000000000e+03 4.500000000000000000e+00
2.791082168828284527e+00 4.200000000000000000e+03 4.500000000000000000e+00
2.538970797067793050e+00 4.300000000000000000e+03 4.500000000000000000e+00
2.314436544095301418e+00 4.400000000000000000e+03 4.500000000000000000e+00
2.068269838591485055e+00 4.500000000000000000e+03 4.500000000000000000e+00
1.802783009754851618e+00 4.600000000000000000e+03 4.500000000000000000e+00
1.555453479805473993e+00 4.700000000000000000e+03 4.500000000000000000e+00
1.315296191313390706e+00 4.800000000000000000e+03 4.500000000000000000e+00
1.151933746174456097e+00 4.900000000000000000e+03 4.500000000000000000e+00
1.089855791133004237e+00 5.000000000000000000e+03 4.500000000000000000e+00
1.195737238455621076e+00 5.100000000000000000e+03 4.500000000000000000e+00
1.465933884524718289e+00 5.200000000000000000e+03 4.500000000000000000e+00
1.804633701776447330e+00 5.300000000000000000e+03 4.500000000000000000e+00
2.201589889090103558e+00 5.400000000000000000e+03 4.500000000000000000e+00
