# # Chi square, temp, lg
5.506950724116816964e-01 3.000000000000000000e+03 3.500000000000000000e+00
4.871583193741372830e-01 3.100000000000000000e+03 3.500000000000000000e+00
4.185382694224928368e-01 3.200000000000000000e+03 3.500000000000000000e+00
3.400564285462777669e-01 3.300000000000000000e+03 3.500000000000000000e+00
2.525260771460903775e-01 3.400000000000000000e+03 3.500000000000000000e+00
1.648216168577669449e-01 3.500000000000000000e+03 3.500000000000000000e+00
7.976437730123479841e-02 3.600000000000000000e+03 3.500000000000000000e+00
1.067032429452835218e-01 3.700000000000000000e+03 3.500000000000000000e+00
2.337736888458629148e-01 3.800000000000000000e+03 3.500000000000000000e+00
3.785763722651437901e-01 3.900000000000000000e+03 3.500000000000000000e+00
5.481960133506318389e-01 4.000000000000000000e+03 3.500000000000000000e+00
7.354094676685638543e-01 4.100000000000000000e+03 3.500000000000000000e+00
9.190022005349135492e-01 4.200000000000000000e+03 3.500000000000000000e+00
1.148537947076234245e+00 4.300000000000000000e+03 3.500000000000000000e+00
1.391551450350883234e+00 4.400000000000000000e+03 3.500000000000000000e+00
1.646499580543830499e+00 4.500000000000000000e+03 3.500000000000000000e+00
1.937940300710966124e+00 4.600000000000000000e+03 3.500000000000000000e+00
2.230204332155972136e+00 4.700000000000000000e+03 3.500000000000000000e+00
2.573217631649839632e+00 4.800000000000000000e+03 3.500000000000000000e+00
2.907953998269934726e+00 4.900000000000000000e+03 3.500000000000000000e+00
5.440829663400305050e-01 3.000000000000000000e+03 4.000000000000000000e+00
4.811510875336622028e-01 3.100000000000000000e+03 4.000000000000000000e+00
4.088929520974439180e-01 3.200000000000000000e+03 4.000000000000000000e+00
3.306407606779950270e-01 3.300000000000000000e+03 4.000000000000000000e+00
2.489536594303446704e-01 3.400000000000000000e+03 4.000000000000000000e+00
1.544694658519663588e-01 3.500000000000000000e+03 4.000000000000000000e+00
8.498557223073541222e-02 3.600000000000000000e+03 4.000000000000000000e+00
1.213259151742078490e-01 3.700000000000000000e+03 4.000000000000000000e+00
2.407996527327562752e-01 3.800000000000000000e+03 4.000000000000000000e+00
3.852530636934399233e-01 3.900000000000000000e+03 4.000000000000000000e+00
5.606191439623394723e-01 4.000000000000000000e+03 4.000000000000000000e+00
7.580770151240038279e-01 4.100000000000000000e+03 4.000000000000000000e+00
9.518180886149103515e-01 4.200000000000000000e+03 4.000000000000000000e+00
1.169138151565873418e+00 4.300000000000000000e+03 4.000000000000000000e+00
1.391403136305569443e+00 4.400000000000000000e+03 4.000000000000000000e+00
1.661869758230884786e+00 4.500000000000000000e+03 4.000000000000000000e+00
1.966002212157592410e+00 4.600000000000000000e+03 4.000000000000000000e+00
2.251289344409753923e+00 4.700000000000000000e+03 4.000000000000000000e+00
2.594570303840508352e+00 4.800000000000000000e+03 4.000000000000000000e+00
2.946820958522704093e+00 4.900000000000000000e+03 4.000000000000000000e+00
5.444099674411827516e-01 3.000000000000000000e+03 4.500000000000000000e+00
4.749976770042035334e-01 3.100000000000000000e+03 4.500000000000000000e+00
4.022735196722040385e-01 3.200000000000000000e+03 4.500000000000000000e+00
3.269992561454783675e-01 3.300000000000000000e+03 4.500000000000000000e+00
2.440795851775855174e-01 3.400000000000000000e+03 4.500000000000000000e+00
1.614067969475507514e-01 3.500000000000000000e+03 4.500000000000000000e+00
1.040056941953855230e-01 3.600000000000000000e+03 4.500000000000000000e+00
1.431742191594438107e-01 3.700000000000000000e+03 4.500000000000000000e+00
2.494405838820430710e-01 3.800000000000000000e+03 4.500000000000000000e+00
3.860112767572942971e-01 3.900000000000000000e+03 4.500000000000000000e+00
5.363343272764583558e-01 4.000000000000000000e+03 4.500000000000000000e+00
7.258053570705901292e-01 4.100000000000000000e+03 4.500000000000000000e+00
9.048941305070034025e-01 4.200000000000000000e+03 4.500000000000000000e+00
1.149880748161127952e+00 4.300000000000000000e+03 4.500000000000000000e+00
1.397414630654656875e+00 4.400000000000000000e+03 4.500000000000000000e+00
1.661756618064818003e+00 4.500000000000000000e+03 4.500000000000000000e+00
1.960592304996229274e+00 4.600000000000000000e+03 4.500000000000000000e+00
2.262053457567991810e+00 4.700000000000000000e+03 4.500000000000000000e+00
2.605676575205163381e+00 4.800000000000000000e+03 4.500000000000000000e+00
2.934949258677693962e+00 4.900000000000000000e+03 4.500000000000000000e+00
