# # Chi square, temp, lg
1.648216168577669449e-01 3.500000000000000000e+03 3.500000000000000000e+00
7.976437730123479841e-02 3.600000000000000000e+03 3.500000000000000000e+00
1.067032429452835218e-01 3.700000000000000000e+03 3.500000000000000000e+00
2.337736888458629148e-01 3.800000000000000000e+03 3.500000000000000000e+00
3.785763722651437901e-01 3.900000000000000000e+03 3.500000000000000000e+00
5.481960133506318389e-01 4.000000000000000000e+03 3.500000000000000000e+00
7.354094676685638543e-01 4.100000000000000000e+03 3.500000000000000000e+00
9.190022005349135492e-01 4.200000000000000000e+03 3.500000000000000000e+00
1.148537947076234245e+00 4.300000000000000000e+03 3.500000000000000000e+00
1.391551450350883234e+00 4.400000000000000000e+03 3.500000000000000000e+00
1.646499580543830499e+00 4.500000000000000000e+03 3.500000000000000000e+00
1.937940300710966124e+00 4.600000000000000000e+03 3.500000000000000000e+00
2.230204332155972136e+00 4.700000000000000000e+03 3.500000000000000000e+00
2.573217631649839632e+00 4.800000000000000000e+03 3.500000000000000000e+00
2.907953998269934726e+00 4.900000000000000000e+03 3.500000000000000000e+00
3.276570229026507075e+00 5.000000000000000000e+03 3.500000000000000000e+00
3.679627168213729149e+00 5.100000000000000000e+03 3.500000000000000000e+00
4.151333699340497674e+00 5.200000000000000000e+03 3.500000000000000000e+00
4.580639198330162642e+00 5.300000000000000000e+03 3.500000000000000000e+00
5.060049995841461978e+00 5.400000000000000000e+03 3.500000000000000000e+00
1.544694658519663588e-01 3.500000000000000000e+03 4.000000000000000000e+00
8.498557223073541222e-02 3.600000000000000000e+03 4.000000000000000000e+00
1.213259151742078490e-01 3.700000000000000000e+03 4.000000000000000000e+00
2.407996527327562752e-01 3.800000000000000000e+03 4.000000000000000000e+00
3.852530636934399233e-01 3.900000000000000000e+03 4.000000000000000000e+00
5.606191439623394723e-01 4.000000000000000000e+03 4.000000000000000000e+00
7.580770151240038279e-01 4.100000000000000000e+03 4.000000000000000000e+00
9.518180886149103515e-01 4.200000000000000000e+03 4.000000000000000000e+00
1.169138151565873418e+00 4.300000000000000000e+03 4.000000000000000000e+00
1.391403136305569443e+00 4.400000000000000000e+03 4.000000000000000000e+00
1.661869758230884786e+00 4.500000000000000000e+03 4.000000000000000000e+00
1.966002212157592410e+00 4.600000000000000000e+03 4.000000000000000000e+00
2.251289344409753923e+00 4.700000000000000000e+03 4.000000000000000000e+00
2.594570303840508352e+00 4.800000000000000000e+03 4.000000000000000000e+00
2.946820958522704093e+00 4.900000000000000000e+03 4.000000000000000000e+00
3.337151493002288749e+00 5.000000000000000000e+03 4.000000000000000000e+00
3.754034673206517958e+00 5.100000000000000000e+03 4.000000000000000000e+00
4.174360876639858553e+00 5.200000000000000000e+03 4.000000000000000000e+00
4.668039013671676507e+00 5.300000000000000000e+03 4.000000000000000000e+00
5.154927691234973075e+00 5.400000000000000000e+03 4.000000000000000000e+00
1.614067969475507514e-01 3.500000000000000000e+03 4.500000000000000000e+00
1.040056941953855230e-01 3.600000000000000000e+03 4.500000000000000000e+00
1.431742191594438107e-01 3.700000000000000000e+03 4.500000000000000000e+00
2.494405838820430710e-01 3.800000000000000000e+03 4.500000000000000000e+00
3.860112767572942971e-01 3.900000000000000000e+03 4.500000000000000000e+00
5.363343272764583558e-01 4.000000000000000000e+03 4.500000000000000000e+00
7.258053570705901292e-01 4.100000000000000000e+03 4.500000000000000000e+00
9.048941305070034025e-01 4.200000000000000000e+03 4.500000000000000000e+00
1.149880748161127952e+00 4.300000000000000000e+03 4.500000000000000000e+00
1.397414630654656875e+00 4.400000000000000000e+03 4.500000000000000000e+00
1.661756618064818003e+00 4.500000000000000000e+03 4.500000000000000000e+00
1.960592304996229274e+00 4.600000000000000000e+03 4.500000000000000000e+00
2.262053457567991810e+00 4.700000000000000000e+03 4.500000000000000000e+00
2.605676575205163381e+00 4.800000000000000000e+03 4.500000000000000000e+00
2.934949258677693962e+00 4.900000000000000000e+03 4.500000000000000000e+00
3.311264241064639346e+00 5.000000000000000000e+03 4.500000000000000000e+00
3.714406039856500197e+00 5.100000000000000000e+03 4.500000000000000000e+00
4.165998169356252667e+00 5.200000000000000000e+03 4.500000000000000000e+00
4.629170489847131087e+00 5.300000000000000000e+03 4.500000000000000000e+00
5.055904743541350221e+00 5.400000000000000000e+03 4.500000000000000000e+00
