# # Chi square, temp, lg
3.814412197313933328e-01 3.500000000000000000e+03 3.500000000000000000e+00
3.184412564995799388e-01 3.600000000000000000e+03 3.500000000000000000e+00
2.877891683769329134e-01 3.700000000000000000e+03 3.500000000000000000e+00
3.383158088011101738e-01 3.800000000000000000e+03 3.500000000000000000e+00
4.423750077374888900e-01 3.900000000000000000e+03 3.500000000000000000e+00
5.817203242996237256e-01 4.000000000000000000e+03 3.500000000000000000e+00
7.552853580824445690e-01 4.100000000000000000e+03 3.500000000000000000e+00
9.342264368367159122e-01 4.200000000000000000e+03 3.500000000000000000e+00
1.159044139613759850e+00 4.300000000000000000e+03 3.500000000000000000e+00
1.401571207117246143e+00 4.400000000000000000e+03 3.500000000000000000e+00
1.653263630655420258e+00 4.500000000000000000e+03 3.500000000000000000e+00
1.954833458580648609e+00 4.600000000000000000e+03 3.500000000000000000e+00
2.245381029443667131e+00 4.700000000000000000e+03 3.500000000000000000e+00
2.583209198569415666e+00 4.800000000000000000e+03 3.500000000000000000e+00
2.960437708297528836e+00 4.900000000000000000e+03 3.500000000000000000e+00
3.350921421746887674e+00 5.000000000000000000e+03 3.500000000000000000e+00
3.742676964112340965e+00 5.100000000000000000e+03 3.500000000000000000e+00
4.179559242588969603e+00 5.200000000000000000e+03 3.500000000000000000e+00
4.664440928304434131e+00 5.300000000000000000e+03 3.500000000000000000e+00
5.161624531484203082e+00 5.400000000000000000e+03 3.500000000000000000e+00
3.946444464335249203e-01 3.500000000000000000e+03 4.000000000000000000e+00
3.421188663497082838e-01 3.600000000000000000e+03 4.000000000000000000e+00
3.216917630258944172e-01 3.700000000000000000e+03 4.000000000000000000e+00
3.572665055701179648e-01 3.800000000000000000e+03 4.000000000000000000e+00
4.463402299202630097e-01 3.900000000000000000e+03 4.000000000000000000e+00
5.964753555643035332e-01 4.000000000000000000e+03 4.000000000000000000e+00
7.723530213520752863e-01 4.100000000000000000e+03 4.000000000000000000e+00
9.554771160548961584e-01 4.200000000000000000e+03 4.000000000000000000e+00
1.167334109149349208e+00 4.300000000000000000e+03 4.000000000000000000e+00
1.392441454898918574e+00 4.400000000000000000e+03 4.000000000000000000e+00
1.671356938526210367e+00 4.500000000000000000e+03 4.000000000000000000e+00
1.951351614759336606e+00 4.600000000000000000e+03 4.000000000000000000e+00
2.265458456113520480e+00 4.700000000000000000e+03 4.000000000000000000e+00
2.598221899729690421e+00 4.800000000000000000e+03 4.000000000000000000e+00
2.964860867180163950e+00 4.900000000000000000e+03 4.000000000000000000e+00
3.369617632351360470e+00 5.000000000000000000e+03 4.000000000000000000e+00
3.804731821861149221e+00 5.100000000000000000e+03 4.000000000000000000e+00
4.228539453636071421e+00 5.200000000000000000e+03 4.000000000000000000e+00
4.709756105252686176e+00 5.300000000000000000e+03 4.000000000000000000e+00
5.218693192113002866e+00 5.400000000000000000e+03 4.000000000000000000e+00
4.107843191026133711e-01 3.500000000000000000e+03 4.500000000000000000e+00
3.677932701551107075e-01 3.600000000000000000e+03 4.500000000000000000e+00
3.546323619468264576e-01 3.700000000000000000e+03 4.500000000000000000e+00
3.929785412226868280e-01 3.800000000000000000e+03 4.500000000000000000e+00
4.713973711788274068e-01 3.900000000000000000e+03 4.500000000000000000e+00
5.904791209465144464e-01 4.000000000000000000e+03 4.500000000000000000e+00
7.407609504355188168e-01 4.100000000000000000e+03 4.500000000000000000e+00
9.147471133374419638e-01 4.200000000000000000e+03 4.500000000000000000e+00
1.155519342956148998e+00 4.300000000000000000e+03 4.500000000000000000e+00
1.386077349372460743e+00 4.400000000000000000e+03 4.500000000000000000e+00
1.651437068492511484e+00 4.500000000000000000e+03 4.500000000000000000e+00
1.967640664053833310e+00 4.600000000000000000e+03 4.500000000000000000e+00
2.264704156528244638e+00 4.700000000000000000e+03 4.500000000000000000e+00
2.615023555817150847e+00 4.800000000000000000e+03 4.500000000000000000e+00
2.970221552015137600e+00 4.900000000000000000e+03 4.500000000000000000e+00
3.351526513328483059e+00 5.000000000000000000e+03 4.500000000000000000e+00
3.761918041741600049e+00 5.100000000000000000e+03 4.500000000000000000e+00
4.215308444603217630e+00 5.200000000000000000e+03 4.500000000000000000e+00
4.691243303642402829e+00 5.300000000000000000e+03 4.500000000000000000e+00
5.132264378446208752e+00 5.400000000000000000e+03 4.500000000000000000e+00
