# # Chi square, temp, lg
1.331154642106866737e+00 2.500000000000000000e+03 3.500000000000000000e+00
1.297983717596675524e+00 2.600000000000000000e+03 3.500000000000000000e+00
1.255416539742047366e+00 2.700000000000000000e+03 3.500000000000000000e+00
1.209453474845237464e+00 2.800000000000000000e+03 3.500000000000000000e+00
1.151355140387523512e+00 2.900000000000000000e+03 3.500000000000000000e+00
1.089089404754222334e+00 3.000000000000000000e+03 3.500000000000000000e+00
1.025173778541567104e+00 3.100000000000000000e+03 3.500000000000000000e+00
9.548378633459539966e-01 3.200000000000000000e+03 3.500000000000000000e+00
8.748478655079912070e-01 3.300000000000000000e+03 3.500000000000000000e+00
7.884861289829612208e-01 3.400000000000000000e+03 3.500000000000000000e+00
6.990572657766765952e-01 3.500000000000000000e+03 3.500000000000000000e+00
6.045403264895710116e-01 3.600000000000000000e+03 3.500000000000000000e+00
5.193083737452550697e-01 3.700000000000000000e+03 3.500000000000000000e+00
4.533481787287583775e-01 3.800000000000000000e+03 3.500000000000000000e+00
4.360019090719176593e-01 3.900000000000000000e+03 3.500000000000000000e+00
4.861506040747061719e-01 4.000000000000000000e+03 3.500000000000000000e+00
6.004889254511677210e-01 4.100000000000000000e+03 3.500000000000000000e+00
7.438951109614310164e-01 4.200000000000000000e+03 3.500000000000000000e+00
9.490734527407752585e-01 4.300000000000000000e+03 3.500000000000000000e+00
1.172762682823570657e+00 4.400000000000000000e+03 3.500000000000000000e+00
1.324771544322613126e+00 2.500000000000000000e+03 4.000000000000000000e+00
1.287059391862664715e+00 2.600000000000000000e+03 4.000000000000000000e+00
1.247252275734871407e+00 2.700000000000000000e+03 4.000000000000000000e+00
1.198032908804364860e+00 2.800000000000000000e+03 4.000000000000000000e+00
1.141789703440516668e+00 2.900000000000000000e+03 4.000000000000000000e+00
1.083587104279295943e+00 3.000000000000000000e+03 4.000000000000000000e+00
1.021544311244412917e+00 3.100000000000000000e+03 4.000000000000000000e+00
9.488984980226434773e-01 3.200000000000000000e+03 4.000000000000000000e+00
8.719622559723393396e-01 3.300000000000000000e+03 4.000000000000000000e+00
7.934971899889587954e-01 3.400000000000000000e+03 4.000000000000000000e+00
7.018950415198365045e-01 3.500000000000000000e+03 4.000000000000000000e+00
6.173189650458075217e-01 3.600000000000000000e+03 4.000000000000000000e+00
5.332974502192998623e-01 3.700000000000000000e+03 4.000000000000000000e+00
4.711913993390538513e-01 3.800000000000000000e+03 4.000000000000000000e+00
4.444373933248999542e-01 3.900000000000000000e+03 4.000000000000000000e+00
4.877539186238303293e-01 4.000000000000000000e+03 4.000000000000000000e+00
6.148275263557991810e-01 4.100000000000000000e+03 4.000000000000000000e+00
7.638593112971340249e-01 4.200000000000000000e+03 4.000000000000000000e+00
9.554941273138306546e-01 4.300000000000000000e+03 4.000000000000000000e+00
1.176453348316940817e+00 4.400000000000000000e+03 4.000000000000000000e+00
1.320598307503542346e+00 2.500000000000000000e+03 4.500000000000000000e+00
1.284375761650748959e+00 2.600000000000000000e+03 4.500000000000000000e+00
1.242895542474796278e+00 2.700000000000000000e+03 4.500000000000000000e+00
1.196369993161827683e+00 2.800000000000000000e+03 4.500000000000000000e+00
1.143691407949566807e+00 2.900000000000000000e+03 4.500000000000000000e+00
1.085359170579177190e+00 3.000000000000000000e+03 4.500000000000000000e+00
1.016998691051093306e+00 3.100000000000000000e+03 4.500000000000000000e+00
9.457348814370978296e-01 3.200000000000000000e+03 4.500000000000000000e+00
8.723688720728617341e-01 3.300000000000000000e+03 4.500000000000000000e+00
7.937986347146293031e-01 3.400000000000000000e+03 4.500000000000000000e+00
7.112572477729202092e-01 3.500000000000000000e+03 4.500000000000000000e+00
6.325779690428759983e-01 3.600000000000000000e+03 4.500000000000000000e+00
5.598635445400211852e-01 3.700000000000000000e+03 4.500000000000000000e+00
5.066612120399369701e-01 3.800000000000000000e+03 4.500000000000000000e+00
4.808586855376034697e-01 3.900000000000000000e+03 4.500000000000000000e+00
5.062997246404264962e-01 4.000000000000000000e+03 4.500000000000000000e+00
5.957010985928155034e-01 4.100000000000000000e+03 4.500000000000000000e+00
7.301444520297646346e-01 4.200000000000000000e+03 4.500000000000000000e+00
9.455804475946244514e-01 4.300000000000000000e+03 4.500000000000000000e+00
1.161441530055532745e+00 4.400000000000000000e+03 4.500000000000000000e+00
