# # Chi square, temp, lg
3.591896626931803560e+00 3.000000000000000000e+03 3.500000000000000000e+00
3.533693428762733735e+00 3.100000000000000000e+03 3.500000000000000000e+00
3.469937954858594242e+00 3.200000000000000000e+03 3.500000000000000000e+00
3.395988104563937959e+00 3.300000000000000000e+03 3.500000000000000000e+00
3.309045786659072785e+00 3.400000000000000000e+03 3.500000000000000000e+00
3.218902415306724052e+00 3.500000000000000000e+03 3.500000000000000000e+00
3.106914572157198684e+00 3.600000000000000000e+03 3.500000000000000000e+00
2.995678689745552958e+00 3.700000000000000000e+03 3.500000000000000000e+00
2.846615082330186564e+00 3.800000000000000000e+03 3.500000000000000000e+00
2.696874977687996555e+00 3.900000000000000000e+03 3.500000000000000000e+00
2.528514833998247724e+00 4.000000000000000000e+03 3.500000000000000000e+00
2.346389881265817490e+00 4.100000000000000000e+03 3.500000000000000000e+00
2.173283170877349235e+00 4.200000000000000000e+03 3.500000000000000000e+00
1.964394989793409430e+00 4.300000000000000000e+03 3.500000000000000000e+00
1.747674855046473352e+00 4.400000000000000000e+03 3.500000000000000000e+00
1.536952074594804429e+00 4.500000000000000000e+03 3.500000000000000000e+00
1.321496925101352859e+00 4.600000000000000000e+03 3.500000000000000000e+00
1.150753999062038790e+00 4.700000000000000000e+03 3.500000000000000000e+00
1.045894487859383215e+00 4.800000000000000000e+03 3.500000000000000000e+00
1.056165405926113410e+00 4.900000000000000000e+03 3.500000000000000000e+00
3.585744676229850825e+00 3.000000000000000000e+03 4.000000000000000000e+00
3.524449670444754101e+00 3.100000000000000000e+03 4.000000000000000000e+00
3.455788383603391356e+00 3.200000000000000000e+03 4.000000000000000000e+00
3.379874267467190663e+00 3.300000000000000000e+03 4.000000000000000000e+00
3.297731223351404228e+00 3.400000000000000000e+03 4.000000000000000000e+00
3.198305169260084124e+00 3.500000000000000000e+03 4.000000000000000000e+00
3.094234335742503283e+00 3.600000000000000000e+03 4.000000000000000000e+00
2.973486908323960787e+00 3.700000000000000000e+03 4.000000000000000000e+00
2.839830855855275171e+00 3.800000000000000000e+03 4.000000000000000000e+00
2.690424365393295325e+00 3.900000000000000000e+03 4.000000000000000000e+00
2.513756046901568286e+00 4.000000000000000000e+03 4.000000000000000000e+00
2.324069843105886157e+00 4.100000000000000000e+03 4.000000000000000000e+00
2.136911513275630004e+00 4.200000000000000000e+03 4.000000000000000000e+00
1.937052181255646710e+00 4.300000000000000000e+03 4.000000000000000000e+00
1.737722812657136018e+00 4.400000000000000000e+03 4.000000000000000000e+00
1.509687557076350828e+00 4.500000000000000000e+03 4.000000000000000000e+00
1.302268611492024775e+00 4.600000000000000000e+03 4.000000000000000000e+00
1.119813726534222287e+00 4.700000000000000000e+03 4.000000000000000000e+00
1.016225218147257969e+00 4.800000000000000000e+03 4.000000000000000000e+00
1.034835295477836148e+00 4.900000000000000000e+03 4.000000000000000000e+00
3.584829959451086623e+00 3.000000000000000000e+03 4.500000000000000000e+00
3.517984341605076892e+00 3.100000000000000000e+03 4.500000000000000000e+00
3.447588970502272865e+00 3.200000000000000000e+03 4.500000000000000000e+00
3.370336620535660188e+00 3.300000000000000000e+03 4.500000000000000000e+00
3.285117608427898794e+00 3.400000000000000000e+03 4.500000000000000000e+00
3.190662233624185440e+00 3.500000000000000000e+03 4.500000000000000000e+00
3.086914839494903973e+00 3.600000000000000000e+03 4.500000000000000000e+00
2.968405290225878623e+00 3.700000000000000000e+03 4.500000000000000000e+00
2.844043307726596304e+00 3.800000000000000000e+03 4.500000000000000000e+00
2.699574310837468349e+00 3.900000000000000000e+03 4.500000000000000000e+00
2.547310189219463616e+00 4.000000000000000000e+03 4.500000000000000000e+00
2.365709966504800033e+00 4.100000000000000000e+03 4.500000000000000000e+00
2.193455047968788652e+00 4.200000000000000000e+03 4.500000000000000000e+00
1.947050278253348976e+00 4.300000000000000000e+03 4.500000000000000000e+00
1.732774537488686040e+00 4.400000000000000000e+03 4.500000000000000000e+00
1.507210287198307297e+00 4.500000000000000000e+03 4.500000000000000000e+00
1.281933617233369516e+00 4.600000000000000000e+03 4.500000000000000000e+00
1.099981011189321345e+00 4.700000000000000000e+03 4.500000000000000000e+00
9.845108831845789110e-01 4.800000000000000000e+03 4.500000000000000000e+00
1.003595314888727108e+00 4.900000000000000000e+03 4.500000000000000000e+00
