# # Chi square, temp, lg
2.315054790314704736e+00 2.000000000000000000e+03 3.500000000000000000e+00
2.304840106194832927e+00 2.100000000000000000e+03 3.500000000000000000e+00
2.288534246489544621e+00 2.200000000000000000e+03 3.500000000000000000e+00
2.267782411767364170e+00 2.300000000000000000e+03 3.500000000000000000e+00
2.248987187651035224e+00 2.400000000000000000e+03 3.500000000000000000e+00
2.225496469044920822e+00 2.500000000000000000e+03 3.500000000000000000e+00
2.199315640837514074e+00 2.600000000000000000e+03 3.500000000000000000e+00
2.165412896347979288e+00 2.700000000000000000e+03 3.500000000000000000e+00
2.128845685078562866e+00 2.800000000000000000e+03 3.500000000000000000e+00
2.081686700349571595e+00 2.900000000000000000e+03 3.500000000000000000e+00
2.030645144195684981e+00 3.000000000000000000e+03 3.500000000000000000e+00
1.976837862291796144e+00 3.100000000000000000e+03 3.500000000000000000e+00
1.919247290283633278e+00 3.200000000000000000e+03 3.500000000000000000e+00
1.851791598916436632e+00 3.300000000000000000e+03 3.500000000000000000e+00
1.771127391841850418e+00 3.400000000000000000e+03 3.500000000000000000e+00
1.688689268187120840e+00 3.500000000000000000e+03 3.500000000000000000e+00
1.583759447852442603e+00 3.600000000000000000e+03 3.500000000000000000e+00
1.477490598957621026e+00 3.700000000000000000e+03 3.500000000000000000e+00
1.331024192195564115e+00 3.800000000000000000e+03 3.500000000000000000e+00
1.180853508573693311e+00 3.900000000000000000e+03 3.500000000000000000e+00
2.310579824951331407e+00 2.000000000000000000e+03 4.000000000000000000e+00
2.304342890077314632e+00 2.100000000000000000e+03 4.000000000000000000e+00
2.287880319543327268e+00 2.200000000000000000e+03 4.000000000000000000e+00
2.267211372072373443e+00 2.300000000000000000e+03 4.000000000000000000e+00
2.244930978814858591e+00 2.400000000000000000e+03 4.000000000000000000e+00
2.220581010610641837e+00 2.500000000000000000e+03 4.000000000000000000e+00
2.192161991881247829e+00 2.600000000000000000e+03 4.000000000000000000e+00
2.159414264569808672e+00 2.700000000000000000e+03 4.000000000000000000e+00
2.119588491275176345e+00 2.800000000000000000e+03 4.000000000000000000e+00
2.072915520318332483e+00 2.900000000000000000e+03 4.000000000000000000e+00
2.024320606377366882e+00 3.000000000000000000e+03 4.000000000000000000e+00
1.967028478829798477e+00 3.100000000000000000e+03 4.000000000000000000e+00
1.903109116932091505e+00 3.200000000000000000e+03 4.000000000000000000e+00
1.832836495254875686e+00 3.300000000000000000e+03 4.000000000000000000e+00
1.755111477088130645e+00 3.400000000000000000e+03 4.000000000000000000e+00
1.662284768047497030e+00 3.500000000000000000e+03 4.000000000000000000e+00
1.562786349577431899e+00 3.600000000000000000e+03 4.000000000000000000e+00
1.448365487441075405e+00 3.700000000000000000e+03 4.000000000000000000e+00
1.318683466325391240e+00 3.800000000000000000e+03 4.000000000000000000e+00
1.172725012343738493e+00 3.900000000000000000e+03 4.000000000000000000e+00
2.318817124679911856e+00 2.000000000000000000e+03 4.500000000000000000e+00
2.301959639809705305e+00 2.100000000000000000e+03 4.500000000000000000e+00
2.286188001438208328e+00 2.200000000000000000e+03 4.500000000000000000e+00
2.262898893075961926e+00 2.300000000000000000e+03 4.500000000000000000e+00
2.241180830913391819e+00 2.400000000000000000e+03 4.500000000000000000e+00
2.217630647841262626e+00 2.500000000000000000e+03 4.500000000000000000e+00
2.190455221368758920e+00 2.600000000000000000e+03 4.500000000000000000e+00
2.157590055197329271e+00 2.700000000000000000e+03 4.500000000000000000e+00
2.119860723174605610e+00 2.800000000000000000e+03 4.500000000000000000e+00
2.074851748416315367e+00 2.900000000000000000e+03 4.500000000000000000e+00
2.023622810514693171e+00 3.000000000000000000e+03 4.500000000000000000e+00
1.960364017343408038e+00 3.100000000000000000e+03 4.500000000000000000e+00
1.894304709978128276e+00 3.200000000000000000e+03 4.500000000000000000e+00
1.821349606735247928e+00 3.300000000000000000e+03 4.500000000000000000e+00
1.740496176911732418e+00 3.400000000000000000e+03 4.500000000000000000e+00
1.650663613516196282e+00 3.500000000000000000e+03 4.500000000000000000e+00
1.550616139485869516e+00 3.600000000000000000e+03 4.500000000000000000e+00
1.435603068320641773e+00 3.700000000000000000e+03 4.500000000000000000e+00
1.313884228809464316e+00 3.800000000000000000e+03 4.500000000000000000e+00
1.173078203503660433e+00 3.900000000000000000e+03 4.500000000000000000e+00
