# # Chi square, temp, lg
1.207270926950184808e+01 2.500000000000000000e+03 3.500000000000000000e+00
1.205303476675299734e+01 2.600000000000000000e+03 3.500000000000000000e+00
1.202757550129939013e+01 2.700000000000000000e+03 3.500000000000000000e+00
1.199860765615349756e+01 2.800000000000000000e+03 3.500000000000000000e+00
1.196089685189862806e+01 2.900000000000000000e+03 3.500000000000000000e+00
1.191956505496005470e+01 3.000000000000000000e+03 3.500000000000000000e+00
1.187384320664166459e+01 3.100000000000000000e+03 3.500000000000000000e+00
1.182481994549348236e+01 3.200000000000000000e+03 3.500000000000000000e+00
1.176619602251244423e+01 3.300000000000000000e+03 3.500000000000000000e+00
1.169744735436183802e+01 3.400000000000000000e+03 3.500000000000000000e+00
1.162160852613543227e+01 3.500000000000000000e+03 3.500000000000000000e+00
1.152848851988538392e+01 3.600000000000000000e+03 3.500000000000000000e+00
1.142544127382956809e+01 3.700000000000000000e+03 3.500000000000000000e+00
1.129067060611369833e+01 3.800000000000000000e+03 3.500000000000000000e+00
1.115034711145415258e+01 3.900000000000000000e+03 3.500000000000000000e+00
1.099054196203612221e+01 4.000000000000000000e+03 3.500000000000000000e+00
1.080849615355314697e+01 4.100000000000000000e+03 3.500000000000000000e+00
1.062683814589520814e+01 4.200000000000000000e+03 3.500000000000000000e+00
1.040231054479387574e+01 4.300000000000000000e+03 3.500000000000000000e+00
1.016995593986258761e+01 4.400000000000000000e+03 3.500000000000000000e+00
1.206998125203238992e+01 2.500000000000000000e+03 4.000000000000000000e+00
1.204822369521265202e+01 2.600000000000000000e+03 4.000000000000000000e+00
1.202344891945499583e+01 2.700000000000000000e+03 4.000000000000000000e+00
1.199180039293383437e+01 2.800000000000000000e+03 4.000000000000000000e+00
1.195403259068999091e+01 2.900000000000000000e+03 4.000000000000000000e+00
1.191263292007800700e+01 3.000000000000000000e+03 4.000000000000000000e+00
1.186548199606219711e+01 3.100000000000000000e+03 4.000000000000000000e+00
1.181025321600740341e+01 3.200000000000000000e+03 4.000000000000000000e+00
1.174817310974007434e+01 3.300000000000000000e+03 4.000000000000000000e+00
1.168040496372838710e+01 3.400000000000000000e+03 4.000000000000000000e+00
1.159570084523316247e+01 3.500000000000000000e+03 4.000000000000000000e+00
1.150475534518388443e+01 3.600000000000000000e+03 4.000000000000000000e+00
1.140138028821773553e+01 3.700000000000000000e+03 4.000000000000000000e+00
1.128014767233350568e+01 3.800000000000000000e+03 4.000000000000000000e+00
1.114502937911963087e+01 3.900000000000000000e+03 4.000000000000000000e+00
1.098252122874620262e+01 4.000000000000000000e+03 4.000000000000000000e+00
1.079383769904640111e+01 4.100000000000000000e+03 4.000000000000000000e+00
1.060211598305402525e+01 4.200000000000000000e+03 4.000000000000000000e+00
1.039240209472647614e+01 4.300000000000000000e+03 4.000000000000000000e+00
1.017810584042413602e+01 4.400000000000000000e+03 4.000000000000000000e+00
1.206796958479672277e+01 2.500000000000000000e+03 4.500000000000000000e+00
1.204789414892896282e+01 2.600000000000000000e+03 4.500000000000000000e+00
1.202228491584510728e+01 2.700000000000000000e+03 4.500000000000000000e+00
1.199267692236939276e+01 2.800000000000000000e+03 4.500000000000000000e+00
1.195628447043508835e+01 2.900000000000000000e+03 4.500000000000000000e+00
1.191232690013519502e+01 3.000000000000000000e+03 4.500000000000000000e+00
1.185922600834496698e+01 3.100000000000000000e+03 4.500000000000000000e+00
1.180232156743033833e+01 3.200000000000000000e+03 4.500000000000000000e+00
1.173893306820430560e+01 3.300000000000000000e+03 4.500000000000000000e+00
1.166641907347393392e+01 3.400000000000000000e+03 4.500000000000000000e+00
1.158477509277101269e+01 3.500000000000000000e+03 4.500000000000000000e+00
1.149404456323806123e+01 3.600000000000000000e+03 4.500000000000000000e+00
1.138893580616544376e+01 3.700000000000000000e+03 4.500000000000000000e+00
1.127417956067846738e+01 3.800000000000000000e+03 4.500000000000000000e+00
1.114023620547371252e+01 3.900000000000000000e+03 4.500000000000000000e+00
1.100155256443526142e+01 4.000000000000000000e+03 4.500000000000000000e+00
1.082659537021550911e+01 4.100000000000000000e+03 4.500000000000000000e+00
1.066542874461938872e+01 4.200000000000000000e+03 4.500000000000000000e+00
1.042542396913762204e+01 4.300000000000000000e+03 4.500000000000000000e+00
1.018735279818533712e+01 4.400000000000000000e+03 4.500000000000000000e+00
