# # Chi square, temp, lg
1.323020874686970938e+00 2.000000000000000000e+03 3.500000000000000000e+00
1.311055463179510605e+00 2.100000000000000000e+03 3.500000000000000000e+00
1.291070637907827612e+00 2.200000000000000000e+03 3.500000000000000000e+00
1.266396276393968678e+00 2.300000000000000000e+03 3.500000000000000000e+00
1.244833213856681997e+00 2.400000000000000000e+03 3.500000000000000000e+00
1.216430050073457281e+00 2.500000000000000000e+03 3.500000000000000000e+00
1.186381168452271373e+00 2.600000000000000000e+03 3.500000000000000000e+00
1.147791636712767627e+00 2.700000000000000000e+03 3.500000000000000000e+00
1.106183020132124328e+00 2.800000000000000000e+03 3.500000000000000000e+00
1.052390570760406430e+00 2.900000000000000000e+03 3.500000000000000000e+00
9.954823870214577486e-01 3.000000000000000000e+03 3.500000000000000000e+00
9.352368977687800511e-01 3.100000000000000000e+03 3.500000000000000000e+00
8.697331025370655944e-01 3.200000000000000000e+03 3.500000000000000000e+00
7.938150076627189522e-01 3.300000000000000000e+03 3.500000000000000000e+00
7.092903398414807103e-01 3.400000000000000000e+03 3.500000000000000000e+00
6.186361544400876822e-01 3.500000000000000000e+03 3.500000000000000000e+00
5.096091051449139764e-01 3.600000000000000000e+03 3.500000000000000000e+00
3.987684174275439308e-01 3.700000000000000000e+03 3.500000000000000000e+00
2.544069275566647748e-01 3.800000000000000000e+03 3.500000000000000000e+00
1.278757576682112429e-01 3.900000000000000000e+03 3.500000000000000000e+00
1.317779256854456404e+00 2.000000000000000000e+03 4.000000000000000000e+00
1.309838678184740646e+00 2.100000000000000000e+03 4.000000000000000000e+00
1.290276470256476848e+00 2.200000000000000000e+03 4.000000000000000000e+00
1.265534751751992593e+00 2.300000000000000000e+03 4.000000000000000000e+00
1.239980617553329445e+00 2.400000000000000000e+03 4.000000000000000000e+00
1.210235224886694105e+00 2.500000000000000000e+03 4.000000000000000000e+00
1.177934388972673441e+00 2.600000000000000000e+03 4.000000000000000000e+00
1.140898999997202790e+00 2.700000000000000000e+03 4.000000000000000000e+00
1.095733423147424723e+00 2.800000000000000000e+03 4.000000000000000000e+00
1.042843240991200737e+00 2.900000000000000000e+03 4.000000000000000000e+00
9.876388018507767930e-01 3.000000000000000000e+03 4.000000000000000000e+00
9.262505569835338681e-01 3.100000000000000000e+03 4.000000000000000000e+00
8.555410301816178675e-01 3.200000000000000000e+03 4.000000000000000000e+00
7.786560988814097417e-01 3.300000000000000000e+03 4.000000000000000000e+00
6.957625670395155559e-01 3.400000000000000000e+03 4.000000000000000000e+00
5.964369472906274616e-01 3.500000000000000000e+03 4.000000000000000000e+00
4.903387693952456217e-01 3.600000000000000000e+03 4.000000000000000000e+00
3.742285225602433041e-01 3.700000000000000000e+03 4.000000000000000000e+00
2.459685913191609341e-01 3.800000000000000000e+03 4.000000000000000000e+00
1.205752844529650175e-01 3.900000000000000000e+03 4.000000000000000000e+00
1.327663734753161240e+00 2.000000000000000000e+03 4.500000000000000000e+00
1.307140935393700687e+00 2.100000000000000000e+03 4.500000000000000000e+00
1.288270663922412851e+00 2.200000000000000000e+03 4.500000000000000000e+00
1.260677137531095227e+00 2.300000000000000000e+03 4.500000000000000000e+00
1.234862784703808503e+00 2.400000000000000000e+03 4.500000000000000000e+00
1.207256586887046623e+00 2.500000000000000000e+03 4.500000000000000000e+00
1.175736770379571583e+00 2.600000000000000000e+03 4.500000000000000000e+00
1.137967086735580446e+00 2.700000000000000000e+03 4.500000000000000000e+00
1.095326241819834623e+00 2.800000000000000000e+03 4.500000000000000000e+00
1.044450023996276622e+00 2.900000000000000000e+03 4.500000000000000000e+00
9.874001498611276739e-01 3.000000000000000000e+03 4.500000000000000000e+00
9.191874804090748308e-01 3.100000000000000000e+03 4.500000000000000000e+00
8.472221361543281759e-01 3.200000000000000000e+03 4.500000000000000000e+00
7.710079803083299543e-01 3.300000000000000000e+03 4.500000000000000000e+00
6.845549458220049344e-01 3.400000000000000000e+03 4.500000000000000000e+00
5.898186946998292823e-01 3.500000000000000000e+03 4.500000000000000000e+00
4.872790500653216283e-01 3.600000000000000000e+03 4.500000000000000000e+00
3.704831745948240496e-01 3.700000000000000000e+03 4.500000000000000000e+00
2.525983698718942128e-01 3.800000000000000000e+03 4.500000000000000000e+00
1.343608532560534030e-01 3.900000000000000000e+03 4.500000000000000000e+00
