# # Chi square, temp, lg
6.888777553612900062e-02 3.000000000000000000e+03 3.500000000000000000e+00
1.308429070107093306e-01 3.100000000000000000e+03 3.500000000000000000e+00
2.017900788249870625e-01 3.200000000000000000e+03 3.500000000000000000e+00
2.825791964381020316e-01 3.300000000000000000e+03 3.500000000000000000e+00
3.727723290286321656e-01 3.400000000000000000e+03 3.500000000000000000e+00
4.660236451685875192e-01 3.500000000000000000e+03 3.500000000000000000e+00
5.749276900806448154e-01 3.600000000000000000e+03 3.500000000000000000e+00
6.862809474934590259e-01 3.700000000000000000e+03 3.500000000000000000e+00
8.245425922422686682e-01 3.800000000000000000e+03 3.500000000000000000e+00
9.643500194203912246e-01 3.900000000000000000e+03 3.500000000000000000e+00
1.129079494396979966e+00 4.000000000000000000e+03 3.500000000000000000e+00
1.305142564110803205e+00 4.100000000000000000e+03 3.500000000000000000e+00
1.475258137331869612e+00 4.200000000000000000e+03 3.500000000000000000e+00
1.695796387387667803e+00 4.300000000000000000e+03 3.500000000000000000e+00
1.931692317292043048e+00 4.400000000000000000e+03 3.500000000000000000e+00
2.178220656813584455e+00 4.500000000000000000e+03 3.500000000000000000e+00
2.462514745135226946e+00 4.600000000000000000e+03 3.500000000000000000e+00
2.758243378202897667e+00 4.700000000000000000e+03 3.500000000000000000e+00
3.085367311631692200e+00 4.800000000000000000e+03 3.500000000000000000e+00
3.424177987608036045e+00 4.900000000000000000e+03 3.500000000000000000e+00
7.461134644059150278e-02 3.000000000000000000e+03 4.000000000000000000e+00
1.378732773460086269e-01 3.100000000000000000e+03 4.000000000000000000e+00
2.107584689736418382e-01 3.200000000000000000e+03 4.000000000000000000e+00
2.900391501527945226e-01 3.300000000000000000e+03 4.000000000000000000e+00
3.728954860154581885e-01 3.400000000000000000e+03 4.000000000000000000e+00
4.734037930721572418e-01 3.500000000000000000e+03 4.000000000000000000e+00
5.786783349498052509e-01 3.600000000000000000e+03 4.000000000000000000e+00
6.949178997579057437e-01 3.700000000000000000e+03 4.000000000000000000e+00
8.235006276018912441e-01 3.800000000000000000e+03 4.000000000000000000e+00
9.697530621830877662e-01 3.900000000000000000e+03 4.000000000000000000e+00
1.139842393814554100e+00 4.000000000000000000e+03 4.000000000000000000e+00
1.325249757051145005e+00 4.100000000000000000e+03 4.000000000000000000e+00
1.513595736980321460e+00 4.200000000000000000e+03 4.000000000000000000e+00
1.717838295348244948e+00 4.300000000000000000e+03 4.000000000000000000e+00
1.942120479930182331e+00 4.400000000000000000e+03 4.000000000000000000e+00
2.194571115222398117e+00 4.500000000000000000e+03 4.000000000000000000e+00
2.476573181713266347e+00 4.600000000000000000e+03 4.000000000000000000e+00
2.775288886916913444e+00 4.700000000000000000e+03 4.000000000000000000e+00
3.103710617850528930e+00 4.800000000000000000e+03 4.000000000000000000e+00
3.463784779309479589e+00 4.900000000000000000e+03 4.000000000000000000e+00
7.530520945739503647e-02 3.000000000000000000e+03 4.500000000000000000e+00
1.430617862791014328e-01 3.100000000000000000e+03 4.500000000000000000e+00
2.172055340956149938e-01 3.200000000000000000e+03 4.500000000000000000e+00
2.945711167146276011e-01 3.300000000000000000e+03 4.500000000000000000e+00
3.822193216536922122e-01 3.400000000000000000e+03 4.500000000000000000e+00
4.774012040642408028e-01 3.500000000000000000e+03 4.500000000000000000e+00
5.802164492176462574e-01 3.600000000000000000e+03 4.500000000000000000e+00
6.933182374288309191e-01 3.700000000000000000e+03 4.500000000000000000e+00
8.160033919393122614e-01 3.800000000000000000e+03 4.500000000000000000e+00
9.590183363594678712e-01 3.900000000000000000e+03 4.500000000000000000e+00
1.107875149685186189e+00 4.000000000000000000e+03 4.500000000000000000e+00
1.290654906081586617e+00 4.100000000000000000e+03 4.500000000000000000e+00
1.464490085943181752e+00 4.200000000000000000e+03 4.500000000000000000e+00
1.709640784817787029e+00 4.300000000000000000e+03 4.500000000000000000e+00
1.944269924582137099e+00 4.400000000000000000e+03 4.500000000000000000e+00
2.199185327789817901e+00 4.500000000000000000e+03 4.500000000000000000e+00
2.491219130354517919e+00 4.600000000000000000e+03 4.500000000000000000e+00
2.781876143332251416e+00 4.700000000000000000e+03 4.500000000000000000e+00
3.121132509776648245e+00 4.800000000000000000e+03 4.500000000000000000e+00
3.460149859195388089e+00 4.900000000000000000e+03 4.500000000000000000e+00
