# # Chi square, temp, lg
1.876527598202563540e+00 3.500000000000000000e+03 3.500000000000000000e+00
1.774451189259693917e+00 3.600000000000000000e+03 3.500000000000000000e+00
1.666992109281151269e+00 3.700000000000000000e+03 3.500000000000000000e+00
1.521054832085940722e+00 3.800000000000000000e+03 3.500000000000000000e+00
1.371415334348180082e+00 3.900000000000000000e+03 3.500000000000000000e+00
1.206327808397959833e+00 4.000000000000000000e+03 3.500000000000000000e+00
1.021573819738962774e+00 4.100000000000000000e+03 3.500000000000000000e+00
8.453732424342784713e-01 4.200000000000000000e+03 3.500000000000000000e+00
6.292460837826258091e-01 4.300000000000000000e+03 3.500000000000000000e+00
4.034868969922364434e-01 4.400000000000000000e+03 3.500000000000000000e+00
2.560880614285652168e-01 4.500000000000000000e+03 3.500000000000000000e+00
3.364753907575401826e-01 4.600000000000000000e+03 3.500000000000000000e+00
6.002421961023681751e-01 4.700000000000000000e+03 3.500000000000000000e+00
9.175675515295033113e-01 4.800000000000000000e+03 3.500000000000000000e+00
1.259614645395177535e+00 4.900000000000000000e+03 3.500000000000000000e+00
1.642209732017323232e+00 5.000000000000000000e+03 3.500000000000000000e+00
2.064242868498431527e+00 5.100000000000000000e+03 3.500000000000000000e+00
2.507396936004961496e+00 5.200000000000000000e+03 3.500000000000000000e+00
2.968966876646179198e+00 5.300000000000000000e+03 3.500000000000000000e+00
3.487316090890974163e+00 5.400000000000000000e+03 3.500000000000000000e+00
1.850087796686341823e+00 3.500000000000000000e+03 4.000000000000000000e+00
1.750761697226404401e+00 3.600000000000000000e+03 4.000000000000000000e+00
1.639182614609367761e+00 3.700000000000000000e+03 4.000000000000000000e+00
1.508505125866559826e+00 3.800000000000000000e+03 4.000000000000000000e+00
1.362536784671652068e+00 3.900000000000000000e+03 4.000000000000000000e+00
1.191262912429506660e+00 4.000000000000000000e+03 4.000000000000000000e+00
1.001202882350499479e+00 4.100000000000000000e+03 4.000000000000000000e+00
8.137994946497969506e-01 4.200000000000000000e+03 4.000000000000000000e+00
6.149728155364012627e-01 4.300000000000000000e+03 4.000000000000000000e+00
4.154647427707015006e-01 4.400000000000000000e+03 4.000000000000000000e+00
2.489849133582834051e-01 4.500000000000000000e+03 4.000000000000000000e+00
3.479725967199125414e-01 4.600000000000000000e+03 4.000000000000000000e+00
6.158626830640289151e-01 4.700000000000000000e+03 4.000000000000000000e+00
9.407268000953180609e-01 4.800000000000000000e+03 4.000000000000000000e+00
1.294520439311588111e+00 4.900000000000000000e+03 4.000000000000000000e+00
1.690730423527277981e+00 5.000000000000000000e+03 4.000000000000000000e+00
2.122782562128342043e+00 5.100000000000000000e+03 4.000000000000000000e+00
2.546081831594320111e+00 5.200000000000000000e+03 4.000000000000000000e+00
3.038177289046334550e+00 5.300000000000000000e+03 4.000000000000000000e+00
3.532660519246850317e+00 5.400000000000000000e+03 4.000000000000000000e+00
1.838325689377201755e+00 3.500000000000000000e+03 4.500000000000000000e+00
1.738805549224407443e+00 3.600000000000000000e+03 4.500000000000000000e+00
1.626465618336202290e+00 3.700000000000000000e+03 4.500000000000000000e+00
1.504605686813766274e+00 3.800000000000000000e+03 4.500000000000000000e+00
1.365615015787247533e+00 3.900000000000000000e+03 4.500000000000000000e+00
1.217060662947316407e+00 4.000000000000000000e+03 4.500000000000000000e+00
1.040073821526708464e+00 4.100000000000000000e+03 4.500000000000000000e+00
8.628051418285201946e-01 4.200000000000000000e+03 4.500000000000000000e+00
6.248989380620083578e-01 4.300000000000000000e+03 4.500000000000000000e+00
4.269603051690351037e-01 4.400000000000000000e+03 4.500000000000000000e+00
2.753062219395251420e-01 4.500000000000000000e+03 4.500000000000000000e+00
3.641332436346550461e-01 4.600000000000000000e+03 4.500000000000000000e+00
6.230663268849896408e-01 4.700000000000000000e+03 4.500000000000000000e+00
9.367277568239542607e-01 4.800000000000000000e+03 4.500000000000000000e+00
1.301811267701378227e+00 4.900000000000000000e+03 4.500000000000000000e+00
1.692335485262528083e+00 5.000000000000000000e+03 4.500000000000000000e+00
2.110375634128112576e+00 5.100000000000000000e+03 4.500000000000000000e+00
2.557549523348363607e+00 5.200000000000000000e+03 4.500000000000000000e+00
3.019414093219863204e+00 5.300000000000000000e+03 4.500000000000000000e+00
3.465598089647142555e+00 5.400000000000000000e+03 4.500000000000000000e+00
