# # Chi square, temp, lg
2.516889528876911086e-01 3.500000000000000000e+03 3.500000000000000000e+00
3.603459110502679752e-01 3.600000000000000000e+03 3.500000000000000000e+00
4.760216708302560940e-01 3.700000000000000000e+03 3.500000000000000000e+00
6.163363282540696986e-01 3.800000000000000000e+03 3.500000000000000000e+00
7.652307417318258143e-01 3.900000000000000000e+03 3.500000000000000000e+00
9.289443229207389185e-01 4.000000000000000000e+03 3.500000000000000000e+00
1.110351257288227700e+00 4.100000000000000000e+03 3.500000000000000000e+00
1.291985970196523281e+00 4.200000000000000000e+03 3.500000000000000000e+00
1.515343659101536566e+00 4.300000000000000000e+03 3.500000000000000000e+00
1.753898364232353124e+00 4.400000000000000000e+03 3.500000000000000000e+00
2.003519165247066969e+00 4.500000000000000000e+03 3.500000000000000000e+00
2.300265273863787208e+00 4.600000000000000000e+03 3.500000000000000000e+00
2.586134598211592639e+00 4.700000000000000000e+03 3.500000000000000000e+00
2.919273549802896994e+00 4.800000000000000000e+03 3.500000000000000000e+00
3.289458249798855594e+00 4.900000000000000000e+03 3.500000000000000000e+00
3.674027954810540120e+00 5.000000000000000000e+03 3.500000000000000000e+00
4.060577731034679339e+00 5.100000000000000000e+03 3.500000000000000000e+00
4.491735086641996055e+00 5.200000000000000000e+03 3.500000000000000000e+00
4.970217324367974143e+00 5.300000000000000000e+03 3.500000000000000000e+00
5.460420844007162877e+00 5.400000000000000000e+03 3.500000000000000000e+00
2.667677889840753269e-01 3.500000000000000000e+03 4.000000000000000000e+00
3.709801703266245032e-01 3.600000000000000000e+03 4.000000000000000000e+00
4.878594784364893577e-01 3.700000000000000000e+03 4.000000000000000000e+00
6.204652494006382968e-01 3.800000000000000000e+03 4.000000000000000000e+00
7.653560651523400038e-01 3.900000000000000000e+03 4.000000000000000000e+00
9.434927855208248282e-01 4.000000000000000000e+03 4.000000000000000000e+00
1.132164462082746903e+00 4.100000000000000000e+03 4.000000000000000000e+00
1.321212303923116060e+00 4.200000000000000000e+03 4.000000000000000000e+00
1.530583104954325258e+00 4.300000000000000000e+03 4.000000000000000000e+00
1.752566835678379453e+00 4.400000000000000000e+03 4.000000000000000000e+00
2.025426259586414979e+00 4.500000000000000000e+03 4.000000000000000000e+00
2.302329307294295635e+00 4.600000000000000000e+03 4.000000000000000000e+00
2.610485518537331906e+00 4.700000000000000000e+03 4.000000000000000000e+00
2.938081945408101081e+00 4.800000000000000000e+03 4.000000000000000000e+00
3.298510214697943255e+00 4.900000000000000000e+03 4.000000000000000000e+00
3.696482033881824059e+00 5.000000000000000000e+03 4.000000000000000000e+00
4.124267298743317767e+00 5.100000000000000000e+03 4.000000000000000000e+00
4.541895032861768655e+00 5.200000000000000000e+03 4.000000000000000000e+00
5.017454431672220494e+00 5.300000000000000000e+03 4.000000000000000000e+00
5.519610788354127884e+00 5.400000000000000000e+03 4.000000000000000000e+00
2.724138904956323048e-01 3.500000000000000000e+03 4.500000000000000000e+00
3.765980876770119723e-01 3.600000000000000000e+03 4.500000000000000000e+00
4.907239293349887066e-01 3.700000000000000000e+03 4.500000000000000000e+00
6.190336981461854737e-01 3.800000000000000000e+03 4.500000000000000000e+00
7.604943542667806922e-01 3.900000000000000000e+03 4.500000000000000000e+00
9.154490309852643115e-01 4.000000000000000000e+03 4.500000000000000000e+00
1.091739688061979185e+00 4.100000000000000000e+03 4.500000000000000000e+00
1.273814869093766955e+00 4.200000000000000000e+03 4.500000000000000000e+00
1.520622675615810548e+00 4.300000000000000000e+03 4.500000000000000000e+00
1.751357119484584501e+00 4.400000000000000000e+03 4.500000000000000000e+00
2.011678647042664192e+00 4.500000000000000000e+03 4.500000000000000000e+00
2.320138816480710187e+00 4.600000000000000000e+03 4.500000000000000000e+00
2.612919279846525722e+00 4.700000000000000000e+03 4.500000000000000000e+00
2.957722429077961124e+00 4.800000000000000000e+03 4.500000000000000000e+00
3.307051102609835702e+00 4.900000000000000000e+03 4.500000000000000000e+00
3.681696229215906335e+00 5.000000000000000000e+03 4.500000000000000000e+00
4.086171560050504858e+00 5.100000000000000000e+03 4.500000000000000000e+00
4.532342411368291302e+00 5.200000000000000000e+03 4.500000000000000000e+00
5.001853157479259515e+00 5.300000000000000000e+03 4.500000000000000000e+00
5.437327205492345605e+00 5.400000000000000000e+03 4.500000000000000000e+00
