# # Chi square, temp, lg
1.114821348045014870e+00 2.000000000000000000e+03 3.500000000000000000e+00
1.099837726801732973e+00 2.100000000000000000e+03 3.500000000000000000e+00
1.076039825637773228e+00 2.200000000000000000e+03 3.500000000000000000e+00
1.047320911555625234e+00 2.300000000000000000e+03 3.500000000000000000e+00
1.020430558607331673e+00 2.400000000000000000e+03 3.500000000000000000e+00
9.884830068902054068e-01 2.500000000000000000e+03 3.500000000000000000e+00
9.546259556050433748e-01 2.600000000000000000e+03 3.500000000000000000e+00
9.117986789198748721e-01 2.700000000000000000e+03 3.500000000000000000e+00
8.659533502071261601e-01 2.800000000000000000e+03 3.500000000000000000e+00
8.087582985678415382e-01 2.900000000000000000e+03 3.500000000000000000e+00
7.468749258527129786e-01 3.000000000000000000e+03 3.500000000000000000e+00
6.834061592853888367e-01 3.100000000000000000e+03 3.500000000000000000e+00
6.144072526328244743e-01 3.200000000000000000e+03 3.500000000000000000e+00
5.389452511881701602e-01 3.300000000000000000e+03 3.500000000000000000e+00
4.571714811837055970e-01 3.400000000000000000e+03 3.500000000000000000e+00
3.814412197313933328e-01 3.500000000000000000e+03 3.500000000000000000e+00
3.184412564995799388e-01 3.600000000000000000e+03 3.500000000000000000e+00
2.877891683769329134e-01 3.700000000000000000e+03 3.500000000000000000e+00
3.383158088011101738e-01 3.800000000000000000e+03 3.500000000000000000e+00
4.423750077374888900e-01 3.900000000000000000e+03 3.500000000000000000e+00
1.108336199109170250e+00 2.000000000000000000e+03 4.000000000000000000e+00
1.099012810310097343e+00 2.100000000000000000e+03 4.000000000000000000e+00
1.075526892290432412e+00 2.200000000000000000e+03 4.000000000000000000e+00
1.046273566331585192e+00 2.300000000000000000e+03 4.000000000000000000e+00
1.015866439501055485e+00 2.400000000000000000e+03 4.000000000000000000e+00
9.824569080546624589e-01 2.500000000000000000e+03 4.000000000000000000e+00
9.442664475455878614e-01 2.600000000000000000e+03 4.000000000000000000e+00
9.038180774683767238e-01 2.700000000000000000e+03 4.000000000000000000e+00
8.544481952837498229e-01 2.800000000000000000e+03 4.000000000000000000e+00
8.002153990750160428e-01 2.900000000000000000e+03 4.000000000000000000e+00
7.429578012201437653e-01 3.000000000000000000e+03 4.000000000000000000e+00
6.819146135312791346e-01 3.100000000000000000e+03 4.000000000000000000e+00
6.124921375903205067e-01 3.200000000000000000e+03 4.000000000000000000e+00
5.401309159109626279e-01 3.300000000000000000e+03 4.000000000000000000e+00
4.694125286266716546e-01 3.400000000000000000e+03 4.000000000000000000e+00
3.946444464335249203e-01 3.500000000000000000e+03 4.000000000000000000e+00
3.421188663497082838e-01 3.600000000000000000e+03 4.000000000000000000e+00
3.216917630258944172e-01 3.700000000000000000e+03 4.000000000000000000e+00
3.572665055701179648e-01 3.800000000000000000e+03 4.000000000000000000e+00
4.463402299202630097e-01 3.900000000000000000e+03 4.000000000000000000e+00
1.120802725817353851e+00 2.000000000000000000e+03 4.500000000000000000e+00
1.095913602094219730e+00 2.100000000000000000e+03 4.500000000000000000e+00
1.073100715797860927e+00 2.200000000000000000e+03 4.500000000000000000e+00
1.040047094527115190e+00 2.300000000000000000e+03 4.500000000000000000e+00
1.010247074481260610e+00 2.400000000000000000e+03 4.500000000000000000e+00
9.782815804333772070e-01 2.500000000000000000e+03 4.500000000000000000e+00
9.419076829980818077e-01 2.600000000000000000e+03 4.500000000000000000e+00
9.000422865635115954e-01 2.700000000000000000e+03 4.500000000000000000e+00
8.544151468773018010e-01 2.800000000000000000e+03 4.500000000000000000e+00
8.028677120511664711e-01 2.900000000000000000e+03 4.500000000000000000e+00
7.438628426071246524e-01 3.000000000000000000e+03 4.500000000000000000e+00
6.794829207502776081e-01 3.100000000000000000e+03 4.500000000000000000e+00
6.101685411846823337e-01 3.200000000000000000e+03 4.500000000000000000e+00
5.419852582119661921e-01 3.300000000000000000e+03 4.500000000000000000e+00
4.751620654088359874e-01 3.400000000000000000e+03 4.500000000000000000e+00
4.107843191026133711e-01 3.500000000000000000e+03 4.500000000000000000e+00
3.677932701551107075e-01 3.600000000000000000e+03 4.500000000000000000e+00
3.546323619468264576e-01 3.700000000000000000e+03 4.500000000000000000e+00
3.929785412226868280e-01 3.800000000000000000e+03 4.500000000000000000e+00
4.713973711788274068e-01 3.900000000000000000e+03 4.500000000000000000e+00
