# # Chi square, temp, lg
3.070822410347509024e-01 3.500000000000000000e+03 3.500000000000000000e+00
4.160639479497372784e-01 3.600000000000000000e+03 3.500000000000000000e+00
5.313393180124690307e-01 3.700000000000000000e+03 3.500000000000000000e+00
6.724565367574069086e-01 3.800000000000000000e+03 3.500000000000000000e+00
8.219566521139201054e-01 3.900000000000000000e+03 3.500000000000000000e+00
9.895421592564297431e-01 4.000000000000000000e+03 3.500000000000000000e+00
1.173918281329245472e+00 4.100000000000000000e+03 3.500000000000000000e+00
1.359807323727858286e+00 4.200000000000000000e+03 3.500000000000000000e+00
1.590287033702611597e+00 4.300000000000000000e+03 3.500000000000000000e+00
1.821812419984082831e+00 4.400000000000000000e+03 3.500000000000000000e+00
2.086659870911329318e+00 4.500000000000000000e+03 3.500000000000000000e+00
2.386469266042186455e+00 4.600000000000000000e+03 3.500000000000000000e+00
2.670810705433244614e+00 4.700000000000000000e+03 3.500000000000000000e+00
3.009026027545535609e+00 4.800000000000000000e+03 3.500000000000000000e+00
3.368648013290736376e+00 4.900000000000000000e+03 3.500000000000000000e+00
3.754656951069930138e+00 5.000000000000000000e+03 3.500000000000000000e+00
4.151673086949862146e+00 5.100000000000000000e+03 3.500000000000000000e+00
4.629758578376623745e+00 5.200000000000000000e+03 3.500000000000000000e+00
5.074721890841924044e+00 5.300000000000000000e+03 3.500000000000000000e+00
5.568338287757200966e+00 5.400000000000000000e+03 3.500000000000000000e+00
3.259641421775628656e-01 3.500000000000000000e+03 4.000000000000000000e+00
4.283521568129586288e-01 3.600000000000000000e+03 4.000000000000000000e+00
5.464380851702480557e-01 3.700000000000000000e+03 4.000000000000000000e+00
6.767028468108392536e-01 3.800000000000000000e+03 4.000000000000000000e+00
8.255399517400654474e-01 3.900000000000000000e+03 4.000000000000000000e+00
9.978194704916315549e-01 4.000000000000000000e+03 4.000000000000000000e+00
1.194654276668548176e+00 4.100000000000000000e+03 4.000000000000000000e+00
1.381981063843223057e+00 4.200000000000000000e+03 4.000000000000000000e+00
1.593808499988631722e+00 4.300000000000000000e+03 4.000000000000000000e+00
1.827250617357646600e+00 4.400000000000000000e+03 4.000000000000000000e+00
2.090949060877827392e+00 4.500000000000000000e+03 4.000000000000000000e+00
2.376410200088176161e+00 4.600000000000000000e+03 4.000000000000000000e+00
2.686617847390020852e+00 4.700000000000000000e+03 4.000000000000000000e+00
3.028005650023424256e+00 4.800000000000000000e+03 4.000000000000000000e+00
3.389670064685703643e+00 4.900000000000000000e+03 4.000000000000000000e+00
3.776851842684119109e+00 5.000000000000000000e+03 4.000000000000000000e+00
4.227035848427360243e+00 5.100000000000000000e+03 4.000000000000000000e+00
4.661846115531229628e+00 5.200000000000000000e+03 4.000000000000000000e+00
5.114978997801498117e+00 5.300000000000000000e+03 4.000000000000000000e+00
5.618401172686320777e+00 5.400000000000000000e+03 4.000000000000000000e+00
3.376951406109576781e-01 3.500000000000000000e+03 4.500000000000000000e+00
4.372196788901622222e-01 3.600000000000000000e+03 4.500000000000000000e+00
5.523807990622029429e-01 3.700000000000000000e+03 4.500000000000000000e+00
6.749974650789937192e-01 3.800000000000000000e+03 4.500000000000000000e+00
8.225270481771165265e-01 3.900000000000000000e+03 4.500000000000000000e+00
9.749727145815184626e-01 4.000000000000000000e+03 4.500000000000000000e+00
1.152974760081574290e+00 4.100000000000000000e+03 4.500000000000000000e+00
1.335644606800652445e+00 4.200000000000000000e+03 4.500000000000000000e+00
1.583820618380636036e+00 4.300000000000000000e+03 4.500000000000000000e+00
1.827927605911800590e+00 4.400000000000000000e+03 4.500000000000000000e+00
2.091877587509758829e+00 4.500000000000000000e+03 4.500000000000000000e+00
2.382898516443154424e+00 4.600000000000000000e+03 4.500000000000000000e+00
2.691142201696695047e+00 4.700000000000000000e+03 4.500000000000000000e+00
3.037077419312769422e+00 4.800000000000000000e+03 4.500000000000000000e+00
3.402825504383371946e+00 4.900000000000000000e+03 4.500000000000000000e+00
3.794765287145077437e+00 5.000000000000000000e+03 4.500000000000000000e+00
4.210693610430486622e+00 5.100000000000000000e+03 4.500000000000000000e+00
4.643325354541813610e+00 5.200000000000000000e+03 4.500000000000000000e+00
5.117980314718217016e+00 5.300000000000000000e+03 4.500000000000000000e+00
5.569988419948780134e+00 5.400000000000000000e+03 4.500000000000000000e+00
