# # chi square, temperature, log(g), normalization
1.188717412335616075e+02 4.000000000000000000e+03 3.500000000000000000e+00 1.321415878491565277e+00
4.991254502380221680e+01 4.100000000000000000e+03 3.500000000000000000e+00 1.139899675530710921e+00
3.492520946609033672e+01 4.200000000000000000e+03 3.500000000000000000e+00 1.009037609749480424e+00
5.064043354210761549e+01 4.300000000000000000e+03 3.500000000000000000e+00 8.813077568258939065e-01
8.541445886222474826e+01 4.400000000000000000e+03 3.500000000000000000e+00 7.795435031115119928e-01
1.226436021148300881e+02 4.500000000000000000e+03 3.500000000000000000e+00 6.969728019854245504e-01
1.623845379622859184e+02 4.600000000000000000e+03 3.500000000000000000e+00 6.234334648667011480e-01
2.041577461398558455e+02 4.700000000000000000e+03 3.500000000000000000e+00 5.646105923930042625e-01
2.435255878439989488e+02 4.800000000000000000e+03 3.500000000000000000e+00 5.107207917247456042e-01
2.855205392954042054e+02 4.900000000000000000e+03 3.500000000000000000e+00 4.659668797475595703e-01
3.256043217884817409e+02 5.000000000000000000e+03 3.500000000000000000e+00 4.260684609830905356e-01
3.689347277487703423e+02 5.100000000000000000e+03 3.500000000000000000e+00 3.916883582151657883e-01
4.106949314477347457e+02 5.200000000000000000e+03 3.500000000000000000e+00 3.601833974586456377e-01
1.130110522272621267e+02 4.000000000000000000e+03 4.000000000000000000e+00 1.302655574843117448e+00
5.295630729550226334e+01 4.100000000000000000e+03 4.000000000000000000e+00 1.121677793090679165e+00
3.885612496665732607e+01 4.200000000000000000e+03 4.000000000000000000e+00 9.897586551358648066e-01
4.979725866474311147e+01 4.300000000000000000e+03 4.000000000000000000e+00 8.747845935743057133e-01
8.039184219376166141e+01 4.400000000000000000e+03 4.000000000000000000e+00 7.788793226588212049e-01
1.225168667216833853e+02 4.500000000000000000e+03 4.000000000000000000e+00 6.925053374154899188e-01
1.668118863955078552e+02 4.600000000000000000e+03 4.000000000000000000e+00 6.197630520933049558e-01
2.093031044532449698e+02 4.700000000000000000e+03 4.000000000000000000e+00 5.592599505694738626e-01
2.544538307567138418e+02 4.800000000000000000e+03 4.000000000000000000e+00 5.063037802797886178e-01
3.004790159574914696e+02 4.900000000000000000e+03 4.000000000000000000e+00 4.607404763229375200e-01
3.472026119782295268e+02 5.000000000000000000e+03 4.000000000000000000e+00 4.205453694833009570e-01
3.925510440546261179e+02 5.100000000000000000e+03 4.000000000000000000e+00 3.862239417082627968e-01
4.319186951181571317e+02 5.200000000000000000e+03 4.000000000000000000e+00 3.567302995197649262e-01
