# # chi square, temperature, log(g), normalization
4.171692257573296274e+02 3.300000000000000000e+03 3.500000000000000000e+00 1.748057022130236726e+00
2.485401388763102375e+02 3.400000000000000000e+03 3.500000000000000000e+00 1.464675408607768681e+00
1.444285014459888714e+02 3.500000000000000000e+03 3.500000000000000000e+00 1.250703245080149184e+00
7.142381357736313419e+01 3.600000000000000000e+03 3.500000000000000000e+00 1.057656412512699706e+00
8.232214741410433589e+01 3.700000000000000000e+03 3.500000000000000000e+00 9.106256856504810759e-01
2.122271548052369496e+02 3.800000000000000000e+03 3.500000000000000000e+00 7.701972516591709672e-01
4.098429205082262570e+02 3.900000000000000000e+03 3.500000000000000000e+00 6.672980261986911632e-01
6.625730759758661179e+02 4.000000000000000000e+03 3.500000000000000000e+00 5.804292056894697627e-01
9.736520136652225119e+02 4.100000000000000000e+03 3.500000000000000000e+00 5.085615908070949542e-01
1.256081173387428635e+03 4.200000000000000000e+03 3.500000000000000000e+00 4.553424437623188603e-01
1.580088998768988176e+03 4.300000000000000000e+03 3.500000000000000000e+00 4.023012403133288672e-01
1.869890799301849029e+03 4.400000000000000000e+03 3.500000000000000000e+00 3.589300189621190684e-01
2.102009851407768565e+03 4.500000000000000000e+03 3.500000000000000000e+00 3.229190176883454666e-01
3.288884138530430619e+02 3.300000000000000000e+03 4.000000000000000000e+00 1.620732908733482747e+00
2.123618819388687200e+02 3.400000000000000000e+03 4.000000000000000000e+00 1.373313998851787732e+00
1.515573147227914035e+02 3.500000000000000000e+03 4.000000000000000000e+00 1.159623785026137943e+00
1.427414252490013098e+02 3.600000000000000000e+03 4.000000000000000000e+00 9.974990734894919608e-01
1.933514547421093539e+02 3.700000000000000000e+03 4.000000000000000000e+00 8.616258128438405439e-01
3.187280410504288284e+02 3.800000000000000000e+03 4.000000000000000000e+00 7.469096090693398970e-01
4.903260193509843248e+02 3.900000000000000000e+03 4.000000000000000000e+00 6.519800335692520488e-01
7.233412379634418130e+02 4.000000000000000000e+03 4.000000000000000000e+00 5.666149344105555485e-01
1.005326275062660329e+03 4.100000000000000000e+03 4.000000000000000000e+00 4.945910387632869165e-01
1.261197554838181759e+03 4.200000000000000000e+03 4.000000000000000000e+00 4.409511889404660878e-01
1.559014732970663090e+03 4.300000000000000000e+03 4.000000000000000000e+00 3.938240341310942916e-01
1.844395166725924128e+03 4.400000000000000000e+03 4.000000000000000000e+00 3.536624477775237585e-01
2.113132193415176062e+03 4.500000000000000000e+03 4.000000000000000000e+00 3.167149762573843175e-01
