# # chi square, temperature, log(g), normalization
3.901763371060381047e+01 4.700000000000000000e+03 3.500000000000000000e+00 1.384776768951491599e+00
2.750029003568957719e+01 4.800000000000000000e+03 3.500000000000000000e+00 1.249731030267783982e+00
2.054726396495226126e+01 4.900000000000000000e+03 3.500000000000000000e+00 1.138043133877333135e+00
1.766620176574533829e+01 5.000000000000000000e+03 3.500000000000000000e+00 1.038990889505662762e+00
1.854271804156541847e+01 5.100000000000000000e+03 3.500000000000000000e+00 9.536328103660509647e-01
2.172132493528591723e+01 5.200000000000000000e+03 3.500000000000000000e+00 8.757746629594074239e-01
2.724602759616530179e+01 5.300000000000000000e+03 3.500000000000000000e+00 8.083776632314838562e-01
3.402210365080333077e+01 5.400000000000000000e+03 3.500000000000000000e+00 7.488286421217628108e-01
4.330891197891706668e+01 5.500000000000000000e+03 3.500000000000000000e+00 6.949284121719622176e-01
5.304585666099765007e+01 5.600000000000000000e+03 3.500000000000000000e+00 6.456770997517996546e-01
6.576989075894388748e+01 5.700000000000000000e+03 3.500000000000000000e+00 6.034284868481304409e-01
7.842699315553370809e+01 5.800000000000000000e+03 3.500000000000000000e+00 5.651868348475090897e-01
9.361443177660086690e+01 5.900000000000000000e+03 3.500000000000000000e+00 5.301515027491222609e-01
3.057112564943853172e+01 4.700000000000000000e+03 4.000000000000000000e+00 1.378852602269926786e+00
1.955634642208401885e+01 4.800000000000000000e+03 4.000000000000000000e+00 1.245399120426819772e+00
1.476612461289169076e+01 4.900000000000000000e+03 4.000000000000000000e+00 1.131253245528088369e+00
1.484612031016518863e+01 5.000000000000000000e+03 4.000000000000000000e+00 1.030673728352705432e+00
1.822249812174719352e+01 5.100000000000000000e+03 4.000000000000000000e+00 9.449720512212024248e-01
2.359119794866715836e+01 5.200000000000000000e+03 4.000000000000000000e+00 8.717868236350220235e-01
3.163509869959901977e+01 5.300000000000000000e+03 4.000000000000000000e+00 8.027362707007402731e-01
4.080418447368251833e+01 5.400000000000000000e+03 4.000000000000000000e+00 7.439519422267349968e-01
5.146544606277589651e+01 5.500000000000000000e+03 4.000000000000000000e+00 6.907947258587444628e-01
6.158360699897296797e+01 5.600000000000000000e+03 4.000000000000000000e+00 6.480591945102229801e-01
7.629006005852419037e+01 5.700000000000000000e+03 4.000000000000000000e+00 6.033579374049776733e-01
9.035244825248743439e+01 5.800000000000000000e+03 4.000000000000000000e+00 5.647741998587766377e-01
1.063398542181052733e+02 5.900000000000000000e+03 4.000000000000000000e+00 5.300539776822492666e-01
