# # chi square, temperature, log(g), normalization
3.253044974657981214e+01 4.600000000000000000e+03 3.500000000000000000e+00 1.233477518940312212e+00
2.306755313646961270e+01 4.700000000000000000e+03 3.500000000000000000e+00 1.114530498517527057e+00
2.102274641855073511e+01 4.800000000000000000e+03 3.500000000000000000e+00 1.006421154007779872e+00
2.308058894315830401e+01 4.900000000000000000e+03 3.500000000000000000e+00 9.167520475168894345e-01
2.835747532356232270e+01 5.000000000000000000e+03 3.500000000000000000e+00 8.372682557446872176e-01
3.679041386801024061e+01 5.100000000000000000e+03 3.500000000000000000e+00 7.687834881895456718e-01
4.661881182558222747e+01 5.200000000000000000e+03 3.500000000000000000e+00 7.060315075116523342e-01
5.882822261780615491e+01 5.300000000000000000e+03 3.500000000000000000e+00 6.519336921082722336e-01
7.111468717929709271e+01 5.400000000000000000e+03 3.500000000000000000e+00 6.039916827684486123e-01
8.617546773532917825e+01 5.500000000000000000e+03 3.500000000000000000e+00 5.606864719297025568e-01
1.011861496495902770e+02 5.600000000000000000e+03 3.500000000000000000e+00 5.210074481088738940e-01
1.199761411054511484e+02 5.700000000000000000e+03 3.500000000000000000e+00 4.870076042629708502e-01
1.375608631994810196e+02 5.800000000000000000e+03 3.500000000000000000e+00 4.562516123688074576e-01
2.459350038552080520e+01 4.600000000000000000e+03 4.000000000000000000e+00 1.231582186423759495e+00
1.722709751561084346e+01 4.700000000000000000e+03 4.000000000000000000e+00 1.108954217879104531e+00
1.651687729315618824e+01 4.800000000000000000e+03 4.000000000000000000e+00 1.002048247530429981e+00
2.121215368075888819e+01 4.900000000000000000e+03 4.000000000000000000e+00 9.105913507200865675e-01
2.985622821264917803e+01 5.000000000000000000e+03 4.000000000000000000e+00 8.298602566596762209e-01
4.079711850540334694e+01 5.100000000000000000e+03 4.000000000000000000e+00 7.611086562473453609e-01
5.250060545778404020e+01 5.200000000000000000e+03 4.000000000000000000e+00 7.023922936865015787e-01
6.702066937290537396e+01 5.300000000000000000e+03 4.000000000000000000e+00 6.468611118317845188e-01
8.199983090880846248e+01 5.400000000000000000e+03 4.000000000000000000e+00 5.995363358350050964e-01
9.858808570851562081e+01 5.500000000000000000e+03 4.000000000000000000e+00 5.570101805246098214e-01
1.131150626267309605e+02 5.600000000000000000e+03 4.000000000000000000e+00 5.225129817603025861e-01
1.338473917239630566e+02 5.700000000000000000e+03 4.000000000000000000e+00 4.865762581689555000e-01
1.528977809485105865e+02 5.800000000000000000e+03 4.000000000000000000e+00 4.555547567138925058e-01
