# # chi square, temperature, log(g), normalization
7.796697940786452818e+01 4.200000000000000000e+03 3.500000000000000000e+00 1.304048910942527728e+00
3.796057521350705599e+01 4.300000000000000000e+03 3.500000000000000000e+00 1.136162606946025777e+00
2.834700142517304400e+01 4.400000000000000000e+03 3.500000000000000000e+00 1.002915905886112791e+00
3.373208246301009439e+01 4.500000000000000000e+03 3.500000000000000000e+00 8.953126547206519126e-01
4.757986555743660517e+01 4.600000000000000000e+03 3.500000000000000000e+00 8.001431498061537528e-01
6.634883348969405858e+01 4.700000000000000000e+03 3.500000000000000000e+00 7.238497428685853885e-01
8.664503983360523875e+01 4.800000000000000000e+03 3.500000000000000000e+00 6.542328828562349319e-01
1.106461609128967183e+02 4.900000000000000000e+03 3.500000000000000000e+00 5.966214270955521037e-01
1.344797842519117239e+02 5.000000000000000000e+03 3.500000000000000000e+00 5.451870233634413809e-01
1.614020515268348959e+02 5.100000000000000000e+03 3.500000000000000000e+00 5.009409193871011690e-01
1.886084667326241799e+02 5.200000000000000000e+03 3.500000000000000000e+00 4.603372232115124918e-01
2.162703198857375355e+02 5.300000000000000000e+03 3.500000000000000000e+00 4.253399069988476056e-01
2.426416861108602063e+02 5.400000000000000000e+03 3.500000000000000000e+00 3.942286277678047068e-01
7.701753231137250566e+01 4.200000000000000000e+03 4.000000000000000000e+00 1.281898991897402196e+00
3.732887168469873984e+01 4.300000000000000000e+03 4.000000000000000000e+00 1.130527142766517112e+00
2.483427716640004590e+01 4.400000000000000000e+03 4.000000000000000000e+00 1.004497488522783977e+00
3.026820876090232915e+01 4.500000000000000000e+03 4.000000000000000000e+00 8.916814700712762942e-01
4.556044373587553054e+01 4.600000000000000000e+03 4.000000000000000000e+00 7.969383065036472757e-01
6.583020645863727793e+01 4.700000000000000000e+03 4.000000000000000000e+00 7.186137310260394262e-01
9.065910815777787946e+01 4.800000000000000000e+03 4.000000000000000000e+00 6.500315549756230382e-01
1.174973903067061798e+02 4.900000000000000000e+03 4.000000000000000000e+00 5.911182663515195390e-01
1.464660815773183060e+02 5.000000000000000000e+03 4.000000000000000000e+00 5.391991967087856885e-01
1.761033247325240723e+02 5.100000000000000000e+03 4.000000000000000000e+00 4.949411967615801600e-01
2.025427979122448505e+02 5.200000000000000000e+03 4.000000000000000000e+00 4.569170463347739242e-01
2.335289947413575646e+02 5.300000000000000000e+03 4.000000000000000000e+00 4.210491444250587523e-01
2.630767078583085095e+02 5.400000000000000000e+03 4.000000000000000000e+00 3.904608282065911706e-01
