# # chi square, temperature, log(g), normalization
2.886021034628648962e+01 4.700000000000000000e+03 3.500000000000000000e+00 1.225067520855834369e+00
2.240426670227767758e+01 4.800000000000000000e+03 3.500000000000000000e+00 1.106022873053254640e+00
2.019099000150787404e+01 4.900000000000000000e+03 3.500000000000000000e+00 1.007449628320818968e+00
2.140839428209573825e+01 5.000000000000000000e+03 3.500000000000000000e+00 9.197869128723252796e-01
2.633046010809539084e+01 5.100000000000000000e+03 3.500000000000000000e+00 8.444027904255966277e-01
3.318141595912092612e+01 5.200000000000000000e+03 3.500000000000000000e+00 7.755490355615468623e-01
4.202803861129201835e+01 5.300000000000000000e+03 3.500000000000000000e+00 7.159700304376990232e-01
5.184281271136796221e+01 5.400000000000000000e+03 3.500000000000000000e+00 6.632533923871675174e-01
6.420438634394383826e+01 5.500000000000000000e+03 3.500000000000000000e+00 6.156258198207726906e-01
7.678984633193134357e+01 5.600000000000000000e+03 3.500000000000000000e+00 5.719745295677037822e-01
9.259393756914491291e+01 5.700000000000000000e+03 3.500000000000000000e+00 5.346574296370678603e-01
1.079578343725868734e+02 5.800000000000000000e+03 3.500000000000000000e+00 5.008493293903557575e-01
1.260391354931845171e+02 5.900000000000000000e+03 3.500000000000000000e+00 4.699018038075158388e-01
2.125459794522140200e+01 4.700000000000000000e+03 4.000000000000000000e+00 1.219671903789946388e+00
1.580763107013536128e+01 4.800000000000000000e+03 4.000000000000000000e+00 1.101654242908985282e+00
1.599347190302526300e+01 4.900000000000000000e+03 4.000000000000000000e+00 1.000740732211136352e+00
2.063387053061991239e+01 5.000000000000000000e+03 4.000000000000000000e+00 9.121029138408922599e-01
2.808812676626268612e+01 5.100000000000000000e+03 4.000000000000000000e+00 8.364897737382747112e-01
3.678001820797832266e+01 5.200000000000000000e+03 4.000000000000000000e+00 7.717249229753780915e-01
4.842307249642299638e+01 5.300000000000000000e+03 4.000000000000000000e+00 7.106333568204291629e-01
6.074478039573746457e+01 5.400000000000000000e+03 4.000000000000000000e+00 6.587076107425057225e-01
7.443128306179184506e+01 5.500000000000000000e+03 4.000000000000000000e+00 6.117814449347308559e-01
8.706682338220761608e+01 5.600000000000000000e+03 4.000000000000000000e+00 5.739720975091870958e-01
1.049326827954678407e+02 5.700000000000000000e+03 4.000000000000000000e+00 5.343886260236657693e-01
1.216722278360107765e+02 5.800000000000000000e+03 4.000000000000000000e+00 5.003048227080688637e-01
1.403179878285047550e+02 5.900000000000000000e+03 4.000000000000000000e+00 4.695370805938918757e-01
