# # chi square, temperature, log(g), normalization
1.859791900306730952e+02 2.900000000000000000e+03 3.500000000000000000e+00 1.662589051651765182e+00
1.491197756113639343e+02 3.000000000000000000e+03 3.500000000000000000e+00 1.330035136398848516e+00
1.790010197102789107e+02 3.100000000000000000e+03 3.500000000000000000e+00 1.098337311082957957e+00
2.496376576633429636e+02 3.200000000000000000e+03 3.500000000000000000e+00 9.246364368405192158e-01
3.711869697601087523e+02 3.300000000000000000e+03 3.500000000000000000e+00 7.811524392156099506e-01
5.762994513595251647e+02 3.400000000000000000e+03 3.500000000000000000e+00 6.632222908795956107e-01
8.292667858173982722e+02 3.500000000000000000e+03 3.500000000000000000e+00 5.730649512218510822e-01
1.278783211771697552e+03 3.600000000000000000e+03 3.500000000000000000e+00 4.928523367544058176e-01
1.810705486151999821e+03 3.700000000000000000e+03 3.500000000000000000e+00 4.308280178979735364e-01
2.697016335774017989e+03 3.800000000000000000e+03 3.500000000000000000e+00 3.719195946243341044e-01
3.598729546843406752e+03 3.900000000000000000e+03 3.500000000000000000e+00 3.275890680682577716e-01
4.571752499910392544e+03 4.000000000000000000e+03 3.500000000000000000e+00 2.891917208394133021e-01
5.664037783134799611e+03 4.100000000000000000e+03 3.500000000000000000e+00 2.570470629559516995e-01
6.122951317557252651e+02 2.900000000000000000e+03 4.000000000000000000e+00 1.550018739947692348e+00
5.769686106413055313e+02 3.000000000000000000e+03 4.000000000000000000e+00 1.256261857415092997e+00
6.210166214870184831e+02 3.100000000000000000e+03 4.000000000000000000e+00 1.034613575675494168e+00
7.377137481586159993e+02 3.200000000000000000e+03 4.000000000000000000e+00 8.625976852396689543e-01
9.025104239224076537e+02 3.300000000000000000e+03 4.000000000000000000e+00 7.303743251529349889e-01
1.158671190276457537e+03 3.400000000000000000e+03 4.000000000000000000e+00 6.267530217711455576e-01
1.496463411383376297e+03 3.500000000000000000e+03 4.000000000000000000e+00 5.359691865066880112e-01
1.938689350334435630e+03 3.600000000000000000e+03 4.000000000000000000e+00 4.669804124261182077e-01
2.477205278425788038e+03 3.700000000000000000e+03 4.000000000000000000e+00 4.084454443610072705e-01
3.195978529415990124e+03 3.800000000000000000e+03 4.000000000000000000e+00 3.590450276048950951e-01
3.959346400964891018e+03 3.900000000000000000e+03 4.000000000000000000e+00 3.174187840265201843e-01
4.876178739989391943e+03 4.000000000000000000e+03 4.000000000000000000e+00 2.795558476666872294e-01
5.889107421445874934e+03 4.100000000000000000e+03 4.000000000000000000e+00 2.470164157177518194e-01
