# # chi square, temperature, log(g), normalization
7.081404326047218092e+02 2.600000000000000000e+03 3.500000000000000000e+00 2.272079505316922265e+00
3.516258526598638241e+02 2.700000000000000000e+03 3.500000000000000000e+00 1.672796501468495123e+00
2.492598016815748565e+02 2.800000000000000000e+03 3.500000000000000000e+00 1.298560773586903139e+00
2.637784445234270265e+02 2.900000000000000000e+03 3.500000000000000000e+00 1.009103533218230098e+00
3.511282458806064710e+02 3.000000000000000000e+03 3.500000000000000000e+00 8.106900945036366046e-01
5.055208288025193610e+02 3.100000000000000000e+03 3.500000000000000000e+00 6.718676424127008051e-01
6.690254710074317472e+02 3.200000000000000000e+03 3.500000000000000000e+00 5.667635811699853754e-01
8.855024645201689282e+02 3.300000000000000000e+03 3.500000000000000000e+00 4.796612260219197954e-01
1.209232149610489614e+03 3.400000000000000000e+03 3.500000000000000000e+00 4.083582112604250969e-01
1.591989985370512613e+03 3.500000000000000000e+03 3.500000000000000000e+00 3.539793126879441920e-01
2.220217212321529587e+03 3.600000000000000000e+03 3.500000000000000000e+00 3.055833758765647556e-01
2.931537397731715828e+03 3.700000000000000000e+03 3.500000000000000000e+00 2.679931525529964942e-01
4.079784285021240521e+03 3.800000000000000000e+03 3.500000000000000000e+00 2.321040578450712100e-01
1.628733093370126426e+03 2.600000000000000000e+03 4.000000000000000000e+00 2.110342342067164534e+00
1.134293513259355905e+03 2.700000000000000000e+03 4.000000000000000000e+00 1.587280502925386250e+00
9.474184446134705695e+02 2.800000000000000000e+03 4.000000000000000000e+00 1.208095717048746520e+00
9.079541954418273235e+02 2.900000000000000000e+03 4.000000000000000000e+00 9.431528191809614992e-01
9.869047795381898140e+02 3.000000000000000000e+03 4.000000000000000000e+00 7.672697548445883697e-01
1.154394964279157421e+03 3.100000000000000000e+03 4.000000000000000000e+00 6.341511814757243570e-01
1.372392804639271162e+03 3.200000000000000000e+03 4.000000000000000000e+00 5.298901999456219203e-01
1.634751420535863645e+03 3.300000000000000000e+03 4.000000000000000000e+00 4.492953519474501833e-01
2.001440008306412665e+03 3.400000000000000000e+03 4.000000000000000000e+00 3.859503850010369552e-01
2.471273560251764138e+03 3.500000000000000000e+03 4.000000000000000000e+00 3.306233155697168580e-01
3.079015853586342928e+03 3.600000000000000000e+03 4.000000000000000000e+00 2.887765096985419055e-01
3.811933712536675102e+03 3.700000000000000000e+03 4.000000000000000000e+00 2.533102613773088319e-01
4.758530363262639185e+03 3.800000000000000000e+03 4.000000000000000000e+00 2.231850846237698194e-01
