# # chi square, temperature, log(g), normalization
1.103530889823711277e+03 2.500000000000000000e+03 3.500000000000000000e+00 2.495949770534966916e+00
6.413252116733341381e+02 2.600000000000000000e+03 3.500000000000000000e+00 1.859204244924123062e+00
3.479976602284808109e+02 2.700000000000000000e+03 3.500000000000000000e+00 1.371998348900930642e+00
2.858362026202550510e+02 2.800000000000000000e+03 3.500000000000000000e+00 1.066436243465606504e+00
3.410590027941698281e+02 2.900000000000000000e+03 3.500000000000000000e+00 8.299127070220018165e-01
4.562895947418380729e+02 3.000000000000000000e+03 3.500000000000000000e+00 6.668430626866639344e-01
6.372702546179343699e+02 3.100000000000000000e+03 3.500000000000000000e+00 5.529664284144092390e-01
8.214778456622553904e+02 3.200000000000000000e+03 3.500000000000000000e+00 4.665898527972653365e-01
1.067501345791496760e+03 3.300000000000000000e+03 3.500000000000000000e+00 3.951848995602770809e-01
1.430786122889002627e+03 3.400000000000000000e+03 3.500000000000000000e+00 3.368812787331758596e-01
1.845546007957087568e+03 3.500000000000000000e+03 3.500000000000000000e+00 2.921702483931767347e-01
2.515427836160316019e+03 3.600000000000000000e+03 3.500000000000000000e+00 2.522938146369726464e-01
3.281399044275730830e+03 3.700000000000000000e+03 3.500000000000000000e+00 2.214509002510355595e-01
2.103150764674700440e+03 2.500000000000000000e+03 4.000000000000000000e+00 2.358747104264998118e+00
1.602957180379405827e+03 2.600000000000000000e+03 4.000000000000000000e+00 1.726541813153852800e+00
1.155011632702745601e+03 2.700000000000000000e+03 4.000000000000000000e+00 1.300942800187215198e+00
1.004880375951886776e+03 2.800000000000000000e+03 4.000000000000000000e+00 9.914427955454913066e-01
9.963592473842389836e+02 2.900000000000000000e+03 4.000000000000000000e+00 7.746197865939760119e-01
1.103245776348379877e+03 3.000000000000000000e+03 4.000000000000000000e+00 6.307166742685310634e-01
1.300137030879254780e+03 3.100000000000000000e+03 4.000000000000000000e+00 5.213879021856392404e-01
1.539426258190856288e+03 3.200000000000000000e+03 4.000000000000000000e+00 4.356393770481008509e-01
1.827378687784664635e+03 3.300000000000000000e+03 4.000000000000000000e+00 3.694552720394533307e-01
2.233232829027221669e+03 3.400000000000000000e+03 4.000000000000000000e+00 3.176307512523944276e-01
2.751848338287071329e+03 3.500000000000000000e+03 4.000000000000000000e+00 2.723639753845071843e-01
3.414766513661851604e+03 3.600000000000000000e+03 4.000000000000000000e+00 2.380909849279189416e-01
4.201852660389564335e+03 3.700000000000000000e+03 4.000000000000000000e+00 2.089016411898552694e-01
