0.000000000000000000e+00 1.187588977010995528e+00 0.000000000000000000e+00 1.000000000000000000e+00 0.000000000000000000e+00 4.456000000000000000e+03 3.669999999999999929e+00 3.499999999999999778e-01 1.580000000000000000e+02
1.000000000000000000e+00 1.113744116991888022e+00 0.000000000000000000e+00 1.000000000000000000e+00 0.000000000000000000e+00 4.377000000000000000e+03 3.660000000000000142e+00 2.800000000000000266e-01 1.580000000000000000e+02
2.000000000000000000e+00 1.150151621209315689e+00 0.000000000000000000e+00 1.000000000000000000e+00 0.000000000000000000e+00 4.456000000000000000e+03 3.669999999999999929e+00 3.499999999999999778e-01 1.580000000000000000e+02
3.000000000000000000e+00 1.108453206444390160e+00 0.000000000000000000e+00 1.000000000000000000e+00 0.000000000000000000e+00 4.377000000000000000e+03 3.660000000000000142e+00 2.800000000000000266e-01 1.580000000000000000e+02
4.000000000000000000e+00 1.180616562703046935e+00 0.000000000000000000e+00 1.000000000000000000e+00 0.000000000000000000e+00 4.456000000000000000e+03 3.669999999999999929e+00 3.499999999999999778e-01 1.440000000000000000e+02
5.000000000000000000e+00 1.128842926489907805e+00 0.000000000000000000e+00 1.000000000000000000e+00 0.000000000000000000e+00 4.377000000000000000e+03 3.660000000000000142e+00 2.800000000000000266e-01 1.440000000000000000e+02
6.000000000000000000e+00 2.826018553995384708e-01 0.000000000000000000e+00 1.000000000000000000e+00 0.000000000000000000e+00 3.226000000000000000e+03 3.379999999999999893e+00 -6.600000000000000311e-01 1.440000000000000000e+02
7.000000000000000000e+00 1.172038991513165151e-01 0.000000000000000000e+00 1.000000000000000000e+00 0.000000000000000000e+00 2.908000000000000000e+03 3.419999999999999929e+00 -1.229999999999999982e+00 1.440000000000000000e+02
8.000000000000000000e+00 2.534536308916912617e-01 0.000000000000000000e+00 1.000000000000000000e+00 0.000000000000000000e+00 3.226000000000000000e+03 3.379999999999999893e+00 -6.600000000000000311e-01 1.480000000000000000e+02
9.000000000000000000e+00 4.074780573619149471e-01 0.000000000000000000e+00 1.000000000000000000e+00 0.000000000000000000e+00 3.428000000000000000e+03 3.479999999999999982e+00 -4.799999999999999822e-01 1.480000000000000000e+02
1.000000000000000000e+01 1.151724693493377583e+00 0.000000000000000000e+00 1.000000000000000000e+00 0.000000000000000000e+00 4.456000000000000000e+03 3.669999999999999929e+00 3.499999999999999778e-01 1.480000000000000000e+02
1.100000000000000000e+01 3.902862411990150049e-01 0.000000000000000000e+00 1.000000000000000000e+00 0.000000000000000000e+00 3.428000000000000000e+03 3.479999999999999982e+00 -4.799999999999999822e-01 1.480000000000000000e+02
1.200000000000000000e+01 1.217758495663017637e+00 0.000000000000000000e+00 1.000000000000000000e+00 0.000000000000000000e+00 4.456000000000000000e+03 3.669999999999999929e+00 3.499999999999999778e-01 1.540000000000000000e+02
1.300000000000000000e+01 6.042604042913377743e-02 0.000000000000000000e+00 1.000000000000000000e+00 0.000000000000000000e+00 2.824000000000000000e+03 3.529999999999999805e+00 -1.649999999999999911e+00 1.540000000000000000e+02
1.400000000000000000e+01 1.108857447663222029e+00 0.000000000000000000e+00 1.000000000000000000e+00 0.000000000000000000e+00 4.377000000000000000e+03 3.660000000000000142e+00 2.800000000000000266e-01 1.540000000000000000e+02
1.500000000000000000e+01 2.785509049609116161e-01 0.000000000000000000e+00 1.000000000000000000e+00 0.000000000000000000e+00 3.226000000000000000e+03 3.379999999999999893e+00 -6.600000000000000311e-01 1.540000000000000000e+02
