# # Chi square, temp, lg, norm
3.260036289520780883e+02 3.700000000000000000e+03 3.500000000000000000e+00 8.126478479755659678e-02
2.627587713365816739e+02 3.800000000000000000e+03 3.500000000000000000e+00 7.292684611158455066e-02
2.262217851322794715e+01 3.900000000000000000e+03 3.500000000000000000e+00 5.363816755827185978e-02
1.061918909613208406e+01 4.000000000000000000e+03 3.500000000000000000e+00 4.765608832664624400e-02
1.028433025170979676e+02 4.100000000000000000e+03 3.500000000000000000e+00 4.258254550929818638e-02
2.132255877420305410e+02 4.200000000000000000e+03 3.500000000000000000e+00 3.795972295815588232e-02
2.989524757994796005e+02 4.300000000000000000e+03 3.500000000000000000e+00 3.210733186181009141e-02
3.961422881184759603e+02 4.400000000000000000e+03 3.500000000000000000e+00 2.777015351899338527e-02
4.602027482502435873e+02 4.500000000000000000e+03 3.500000000000000000e+00 2.438431468468731447e-02
5.147879371798428565e+02 4.600000000000000000e+03 3.500000000000000000e+00 2.149677542088026042e-02
5.580720079007591039e+02 4.700000000000000000e+03 3.500000000000000000e+00 1.916767267052729706e-02
6.015149363008075625e+02 4.800000000000000000e+03 3.500000000000000000e+00 1.712301459756232838e-02
6.451072699291888739e+02 4.900000000000000000e+03 3.500000000000000000e+00 1.542745739772867324e-02
6.851815478762283647e+02 5.000000000000000000e+03 3.500000000000000000e+00 1.397308248298438638e-02
7.263472770381405326e+02 5.100000000000000000e+03 3.500000000000000000e+00 1.271392683309368644e-02
7.653692304980140761e+02 5.200000000000000000e+03 3.500000000000000000e+00 1.159704674129517950e-02
8.050870743970342573e+02 5.300000000000000000e+03 3.500000000000000000e+00 1.060839941843346595e-02
8.383154580697643041e+02 5.400000000000000000e+03 3.500000000000000000e+00 9.771613689630729432e-03
2.607221025490684383e+02 3.700000000000000000e+03 4.000000000000000000e+00 7.955956577496557658e-02
8.269531473904176266e+01 3.800000000000000000e+03 4.000000000000000000e+00 5.965139922081855173e-02
1.449792644367914818e+01 3.900000000000000000e+03 4.000000000000000000e+00 5.295196724258866006e-02
1.483637522407205189e+01 4.000000000000000000e+03 4.000000000000000000e+00 4.681864565665500716e-02
9.629184420331152694e+01 4.100000000000000000e+03 4.000000000000000000e+00 4.155401228249619439e-02
1.821806630425122648e+02 4.200000000000000000e+03 4.000000000000000000e+00 3.690568014614855480e-02
2.551977754613310481e+02 4.300000000000000000e+03 4.000000000000000000e+00 3.166443886468095492e-02
3.437335703687492128e+02 4.400000000000000000e+03 4.000000000000000000e+00 2.748826949879421694e-02
4.309989268993621181e+02 4.500000000000000000e+03 4.000000000000000000e+00 2.396794177752701108e-02
4.955404997392004134e+02 4.600000000000000000e+03 4.000000000000000000e+00 2.112267827531896444e-02
5.476660482221602706e+02 4.700000000000000000e+03 4.000000000000000000e+00 1.882003372850300088e-02
5.973832322649758453e+02 4.800000000000000000e+03 4.000000000000000000e+00 1.685009421018160772e-02
6.410587073554524977e+02 4.900000000000000000e+03 4.000000000000000000e+00 1.514963574527949074e-02
6.861947147453588514e+02 5.000000000000000000e+03 4.000000000000000000e+00 1.365514828541039213e-02
7.294068768526904023e+02 5.100000000000000000e+03 4.000000000000000000e+00 1.242639633083283263e-02
7.661828776417706877e+02 5.200000000000000000e+03 4.000000000000000000e+00 1.137738953312922296e-02
8.079629408156962427e+02 5.300000000000000000e+03 4.000000000000000000e+00 1.038435485289946128e-02
8.448716553249967092e+02 5.400000000000000000e+03 4.000000000000000000e+00 9.564866800840669814e-03
