# # Chi square, temp, lg, norm
1.761210345507740203e+04 3.100000000000000000e+03 3.500000000000000000e+00 9.872175766896204019e-01
1.426281433285339153e+04 3.200000000000000000e+03 3.500000000000000000e+00 7.731957375714387792e-01
1.037194946605794576e+04 3.300000000000000000e+03 3.500000000000000000e+00 5.898391605086585887e-01
6.465151553860265267e+03 3.400000000000000000e+03 3.500000000000000000e+00 4.382782900051614972e-01
4.262369344608729079e+03 3.500000000000000000e+03 3.500000000000000000e+00 3.405974569479693903e-01
2.383657338263367365e+03 3.600000000000000000e+03 3.500000000000000000e+00 2.582770843753160461e-01
1.377221661921553505e+03 3.700000000000000000e+03 3.500000000000000000e+00 2.045762203793158873e-01
4.490765879702634606e+02 3.800000000000000000e+03 3.500000000000000000e+00 1.498490441666754103e-01
2.114125177784749781e+02 3.900000000000000000e+03 3.500000000000000000e+00 1.233228286426165249e-01
9.113710898520002957e+01 4.000000000000000000e+03 3.500000000000000000e+00 9.846314626384973512e-02
5.244349995686570054e+01 4.100000000000000000e+03 3.500000000000000000e+00 8.798059919016545938e-02
5.986511295809313538e+01 4.200000000000000000e+03 3.500000000000000000e+00 7.842930255454459709e-02
8.525817731551261147e+01 4.300000000000000000e+03 3.500000000000000000e+00 6.633756116190110685e-02
1.318522586193531083e+02 4.400000000000000000e+03 3.500000000000000000e+00 5.737643580978230018e-02
1.761272046198295982e+02 4.500000000000000000e+03 3.500000000000000000e+00 5.038089264529036632e-02
2.189894648029300583e+02 4.600000000000000000e+03 3.500000000000000000e+00 4.441489241464664783e-02
7.463393150828021589e+02 4.700000000000000000e+03 3.500000000000000000e+00 5.210268943086415749e-02
8.685272821279045274e+02 4.800000000000000000e+03 3.500000000000000000e+00 4.787818349919358007e-02
1.330544983530670834e+04 3.100000000000000000e+03 4.000000000000000000e+00 8.565233513523832221e-01
8.798995087487121054e+03 3.200000000000000000e+03 4.000000000000000000e+00 6.289966187033843026e-01
6.305366748242576250e+03 3.300000000000000000e+03 4.000000000000000000e+00 4.849372413162138518e-01
3.533443204356921342e+03 3.400000000000000000e+03 4.000000000000000000e+00 3.604344155568245389e-01
2.467010012841764365e+03 3.500000000000000000e+03 4.000000000000000000e+00 2.858731597749492592e-01
1.197466011821278016e+03 3.600000000000000000e+03 4.000000000000000000e+00 2.174383772946800464e-01
6.913731533841299779e+02 3.700000000000000000e+03 4.000000000000000000e+00 1.760530320762692114e-01
4.295341313318895686e+02 3.800000000000000000e+03 4.000000000000000000e+00 1.482468805996734751e-01
2.022394884631997911e+02 3.900000000000000000e+03 4.000000000000000000e+00 1.219050567242015576e-01
8.559755489278357743e+01 4.000000000000000000e+03 4.000000000000000000e+00 9.673288249578250453e-02
5.407012545724464303e+01 4.100000000000000000e+03 4.000000000000000000e+00 8.585553211137886276e-02
5.907547287803543412e+01 4.200000000000000000e+03 4.000000000000000000e+00 7.625152095285905873e-02
8.016830542591603148e+01 4.300000000000000000e+03 4.000000000000000000e+00 6.542248900080251117e-02
1.251657462874889148e+02 4.400000000000000000e+03 4.000000000000000000e+00 5.679403081552856364e-02
1.779665229914830036e+02 4.500000000000000000e+03 4.000000000000000000e+00 4.952061729301565629e-02
2.248702697942029829e+02 4.600000000000000000e+03 4.000000000000000000e+00 4.364196200313569252e-02
7.466262368303237054e+02 4.700000000000000000e+03 4.000000000000000000e+00 5.138442642725084275e-02
8.836070803185392606e+02 4.800000000000000000e+03 4.000000000000000000e+00 4.731429683077933990e-02
