# # Chi square, temp, lg, norm
4.085524939096757589e+04 3.100000000000000000e+03 3.500000000000000000e+00 2.158816577896051747e+00
3.333805681130485755e+04 3.200000000000000000e+03 3.500000000000000000e+00 1.681178943583522711e+00
2.494110781860971474e+04 3.300000000000000000e+03 3.500000000000000000e+00 1.277312836224643533e+00
1.603657174302240128e+04 3.400000000000000000e+03 3.500000000000000000e+00 9.369674606081411783e-01
1.077833552421270724e+04 3.500000000000000000e+03 3.500000000000000000e+00 7.168418124310667050e-01
6.076046854468942911e+03 3.600000000000000000e+03 3.500000000000000000e+00 5.274072903673381330e-01
3.609644755451884066e+03 3.700000000000000000e+03 3.500000000000000000e+00 4.076741360378707824e-01
1.567970702184801439e+03 3.800000000000000000e+03 3.500000000000000000e+00 2.983990447595272211e-01
9.645503915508567161e+02 3.900000000000000000e+03 3.500000000000000000e+00 2.454925360290539094e-01
4.469381689034757414e+02 4.000000000000000000e+03 3.500000000000000000e+00 1.959017774421584202e-01
2.156595096545281365e+02 4.100000000000000000e+03 3.500000000000000000e+00 1.625457696566606769e-01
1.297542592041977230e+02 4.200000000000000000e+03 3.500000000000000000e+00 1.435425541219851331e-01
6.740969572242744334e+01 4.300000000000000000e+03 3.500000000000000000e+00 1.194848925675675438e-01
7.028536212998791655e+01 4.400000000000000000e+03 3.500000000000000000e+00 1.141558775329937214e-01
4.250325218368958957e+01 4.500000000000000000e+03 3.500000000000000000e+00 1.002375734045489464e-01
3.196815490599476561e+01 4.600000000000000000e+03 3.500000000000000000e+00 8.836764836032039161e-02
3.155903347904593303e+01 4.700000000000000000e+03 3.500000000000000000e+00 7.879331417620037692e-02
3.821880647315414592e+01 4.800000000000000000e+03 3.500000000000000000e+00 7.038825604525048019e-02
3.132232673901276576e+04 3.100000000000000000e+03 4.000000000000000000e+00 1.859987441206677472e+00
2.197975343476481794e+04 3.200000000000000000e+03 4.000000000000000000e+00 1.367850360954705913e+00
1.542805450295322225e+04 3.300000000000000000e+03 4.000000000000000000e+00 1.030060020330075155e+00
9.693861816805661874e+03 3.400000000000000000e+03 4.000000000000000000e+00 7.688093189635677449e-01
6.212404374350861872e+03 3.500000000000000000e+03 4.000000000000000000e+00 5.824423740611953670e-01
4.031711101723632964e+03 3.600000000000000000e+03 4.000000000000000000e+00 4.582646216886650525e-01
2.145526247940718804e+03 3.700000000000000000e+03 4.000000000000000000e+00 3.506644211337281991e-01
1.278721159547820889e+03 3.800000000000000000e+03 4.000000000000000000e+00 2.827113887921958724e-01
7.287084746307248224e+02 3.900000000000000000e+03 4.000000000000000000e+00 2.301717618782603558e-01
4.423613893759961115e+02 4.000000000000000000e+03 4.000000000000000000e+00 1.924592643843454909e-01
2.194666988530677258e+02 4.100000000000000000e+03 4.000000000000000000e+00 1.583177347740429008e-01
1.437095817978956234e+02 4.200000000000000000e+03 4.000000000000000000e+00 1.392096502497333355e-01
8.328035275082187638e+01 4.300000000000000000e+03 4.000000000000000000e+00 1.176642744556925940e-01
7.705902506010060904e+01 4.400000000000000000e+03 4.000000000000000000e+00 1.129971234300093386e-01
4.535245527553998102e+01 4.500000000000000000e+03 4.000000000000000000e+00 9.852597435616965160e-02
3.489986462708871784e+01 4.600000000000000000e+03 4.000000000000000000e+00 8.682983404110530823e-02
3.575165491677552865e+01 4.700000000000000000e+03 4.000000000000000000e+00 7.736426110747449125e-02
4.233995016730784755e+01 4.800000000000000000e+03 4.000000000000000000e+00 6.926635278584074296e-02
