# # Chi square, temp, lg, norm
2.966043422208537095e+02 2.900000000000000000e+03 3.500000000000000000e+00 2.249959066103530247e+00
1.138672696104168125e+02 3.000000000000000000e+03 3.500000000000000000e+00 1.655794983368547246e+00
1.020141455542866993e+01 3.100000000000000000e+03 3.500000000000000000e+00 1.243054043815694509e+00
6.262351526600775209e+00 3.200000000000000000e+03 3.500000000000000000e+00 1.001345857818542573e+00
3.710816854614799354e+01 3.300000000000000000e+03 3.500000000000000000e+00 8.213411150785862036e-01
1.611294162508990553e+02 3.400000000000000000e+03 3.500000000000000000e+00 6.663566858880817234e-01
3.742369738826955654e+02 3.500000000000000000e+03 3.500000000000000000e+00 5.637524632746022668e-01
9.438127439531693881e+02 3.600000000000000000e+03 3.500000000000000000e+00 4.736906786662402058e-01
1.827148762804382841e+03 3.700000000000000000e+03 3.500000000000000000e+00 4.094015787373497806e-01
3.812837097220758551e+03 3.800000000000000000e+03 3.500000000000000000e+00 3.539640140449966665e-01
6.967897905070240995e+03 3.900000000000000000e+03 3.500000000000000000e+00 3.239014510829278382e-01
1.027768901459343942e+04 4.000000000000000000e+03 3.500000000000000000e+00 2.877281777018234621e-01
1.464132434312495025e+04 4.100000000000000000e+03 3.500000000000000000e+00 2.590158167475787310e-01
1.812370095339221371e+04 4.200000000000000000e+03 3.500000000000000000e+00 2.343451684261439183e-01
2.278628849701941726e+04 4.300000000000000000e+03 3.500000000000000000e+00 2.115408571584806996e-01
3.048677151934525318e+04 4.400000000000000000e+03 3.500000000000000000e+00 2.010038562878850577e-01
2.769519574156261115e+02 2.900000000000000000e+03 4.000000000000000000e+00 2.089768424047150130e+00
7.755793353333592677e+01 3.000000000000000000e+03 4.000000000000000000e+00 1.532057209378137719e+00
1.587932428698946730e+01 3.100000000000000000e+03 4.000000000000000000e+00 1.141433564869934525e+00
6.286497641810029080e+01 3.200000000000000000e+03 4.000000000000000000e+00 8.996395924140471179e-01
1.744131086831696678e+02 3.300000000000000000e+03 4.000000000000000000e+00 7.392627396019212371e-01
4.335955360750244836e+02 3.400000000000000000e+03 4.000000000000000000e+00 6.174151434820079887e-01
8.595323225013129331e+02 3.500000000000000000e+03 4.000000000000000000e+00 5.206744323333724056e-01
1.576996330198542637e+03 3.600000000000000000e+03 4.000000000000000000e+00 4.479202052469892781e-01
2.801683991765103656e+03 3.700000000000000000e+03 4.000000000000000000e+00 3.960442635039930770e-01
4.588552451144825682e+03 3.800000000000000000e+03 4.000000000000000000e+00 3.483185488092847004e-01
7.380390591065211083e+03 3.900000000000000000e+03 4.000000000000000000e+00 3.185547606905866913e-01
1.029271060329987995e+04 4.000000000000000000e+03 4.000000000000000000e+00 2.811381999027851020e-01
1.398749239133689480e+04 4.100000000000000000e+03 4.000000000000000000e+00 2.507086458285273656e-01
1.679689649633337467e+04 4.200000000000000000e+03 4.000000000000000000e+00 2.252491138205090226e-01
2.156248102947087682e+04 4.300000000000000000e+03 4.000000000000000000e+00 2.075674981909970684e-01
2.905176142781895760e+04 4.400000000000000000e+03 4.000000000000000000e+00 1.987165223301731454e-01
