# # Chi square, temp, lg, norm
6.386174958232205654e+02 3.300000000000000000e+03 3.500000000000000000e+00 2.170899059611122617e+00
2.752813026619596144e+02 3.400000000000000000e+03 3.500000000000000000e+00 1.670691185354546748e+00
1.181815615871361587e+02 3.500000000000000000e+03 3.500000000000000000e+00 1.357818732753079294e+00
1.049372988243388960e+01 3.600000000000000000e+03 3.500000000000000000e+00 1.078367411198984049e+00
1.640578664697121170e+01 3.700000000000000000e+03 3.500000000000000000e+00 8.960776841429454187e-01
1.785362450425329541e+02 3.800000000000000000e+03 3.500000000000000000e+00 7.452045313130241100e-01
4.648768723715958231e+02 3.900000000000000000e+03 3.500000000000000000e+00 6.408113255365900374e-01
9.055242115091405140e+02 4.000000000000000000e+03 3.500000000000000000e+00 5.595806734262815940e-01
1.653457559634228119e+03 4.100000000000000000e+03 3.500000000000000000e+00 5.032988397424632554e-01
2.305952816108469051e+03 4.200000000000000000e+03 3.500000000000000000e+00 4.537598310620739595e-01
3.325489444030861705e+03 4.300000000000000000e+03 3.500000000000000000e+00 4.114819145842930070e-01
3.910496159112120495e+03 4.400000000000000000e+03 3.500000000000000000e+00 3.646760041218314319e-01
4.484537132573265808e+03 4.500000000000000000e+03 3.500000000000000000e+00 3.309845531542646713e-01
5.224911843003537797e+03 4.600000000000000000e+03 3.500000000000000000e+00 3.042895159914060788e-01
6.147510945376598102e+03 4.700000000000000000e+03 3.500000000000000000e+00 2.852187209299841819e-01
6.345241775865370073e+03 4.800000000000000000e+03 3.500000000000000000e+00 2.576840716262343567e-01
2.765624635040293242e+02 3.300000000000000000e+03 4.000000000000000000e+00 1.863229913786130787e+00
9.576282967812841207e+01 3.400000000000000000e+03 4.000000000000000000e+00 1.476599186726789803e+00
2.116119127340723338e+01 3.500000000000000000e+03 4.000000000000000000e+00 1.190145239526820831e+00
1.359401467633115246e+01 3.600000000000000000e+03 4.000000000000000000e+00 9.937229888111153153e-01
7.860303719643535203e+01 3.700000000000000000e+03 4.000000000000000000e+00 8.362863959744303299e-01
2.648198522258788330e+02 3.800000000000000000e+03 4.000000000000000000e+00 7.232813471468299005e-01
5.394136245920706187e+02 3.900000000000000000e+03 4.000000000000000000e+00 6.318865634171282331e-01
9.369215576982023777e+02 4.000000000000000000e+03 4.000000000000000000e+00 5.485815671310134700e-01
1.581081950709319017e+03 4.100000000000000000e+03 4.000000000000000000e+00 4.894345764435884538e-01
2.103325752182254291e+03 4.200000000000000000e+03 4.000000000000000000e+00 4.385837813559406717e-01
3.085890749065106320e+03 4.300000000000000000e+03 4.000000000000000000e+00 4.048518631761439668e-01
3.637768992195213286e+03 4.400000000000000000e+03 4.000000000000000000e+00 3.608591644066085902e-01
4.901198639602677758e+03 4.500000000000000000e+03 4.000000000000000000e+00 3.380271423216521520e-01
5.085587737898168598e+03 4.600000000000000000e+03 4.000000000000000000e+00 2.995689381833097631e-01
6.059995846338562842e+03 4.700000000000000000e+03 4.000000000000000000e+00 2.807153263281234601e-01
6.277450562839665508e+03 4.800000000000000000e+03 4.000000000000000000e+00 2.536744222644951585e-01
