# # Chi square, temp, lg, norm
6.117492592713930755e+00 4.900000000000000000e+03 3.500000000000000000e+00 1.268721353723112788e+00
2.586578020278182954e+00 5.000000000000000000e+03 3.500000000000000000e+00 1.169490338050763079e+00
5.568138236067106117e-01 5.100000000000000000e+03 3.500000000000000000e+00 1.074179503626349730e+00
1.220280946421331697e-01 5.200000000000000000e+03 3.500000000000000000e+00 9.904098030721818491e-01
9.662271470430016107e-01 5.300000000000000000e+03 3.500000000000000000e+00 9.189778697552196673e-01
3.062599445096077844e+00 5.400000000000000000e+03 3.500000000000000000e+00 8.469852660780015086e-01
5.633323956761864260e+00 5.500000000000000000e+03 3.500000000000000000e+00 7.931513948199511166e-01
1.040649640658320507e+01 5.600000000000000000e+03 3.500000000000000000e+00 7.467166260958713053e-01
1.402388758750700326e+01 5.700000000000000000e+03 3.500000000000000000e+00 6.947671284926831836e-01
1.887274073944405117e+01 5.800000000000000000e+03 3.500000000000000000e+00 6.492971738651582836e-01
2.669378130106898794e+01 5.900000000000000000e+03 3.500000000000000000e+00 6.194142716170539797e-01
3.350609058460194944e+01 6.000000000000000000e+03 3.500000000000000000e+00 5.804812462670502216e-01
4.050916715107538835e+01 6.100000000000000000e+03 3.500000000000000000e+00 5.432946413604705649e-01
4.867924632185170708e+01 6.200000000000000000e+03 3.500000000000000000e+00 5.116409023908574660e-01
6.443081223415106251e+01 6.300000000000000000e+03 3.500000000000000000e+00 4.952921248204325000e-01
7.383628995295369180e+01 6.400000000000000000e+03 3.500000000000000000e+00 4.688222431197381912e-01
6.567092353493688250e+00 4.900000000000000000e+03 4.000000000000000000e+00 1.256445882363325994e+00
2.642438254934236674e+00 5.000000000000000000e+03 4.000000000000000000e+00 1.141948087223953356e+00
8.895019616094885784e-01 5.100000000000000000e+03 4.000000000000000000e+00 1.061767478248747176e+00
4.098521125023071865e-01 5.200000000000000000e+03 4.000000000000000000e+00 9.722740922459364166e-01
1.111801028286320658e+00 5.300000000000000000e+03 4.000000000000000000e+00 9.004010159571885774e-01
3.101998495879580986e+00 5.400000000000000000e+03 4.000000000000000000e+00 8.422732421895859911e-01
5.935889116007562194e+00 5.500000000000000000e+03 4.000000000000000000e+00 7.786852585018787520e-01
9.677003903315799960e+00 5.600000000000000000e+03 4.000000000000000000e+00 7.408020195598686852e-01
1.366178238275894685e+01 5.700000000000000000e+03 4.000000000000000000e+00 6.872828241648742953e-01
1.880370744025703900e+01 5.800000000000000000e+03 4.000000000000000000e+00 6.416076926315524842e-01
2.638839519599885364e+01 5.900000000000000000e+03 4.000000000000000000e+00 6.131525909116531947e-01
3.279185728674981704e+01 6.000000000000000000e+03 4.000000000000000000e+00 5.732278102821614096e-01
3.957961069246880470e+01 6.100000000000000000e+03 4.000000000000000000e+00 5.394314822582270130e-01
4.612171466726417890e+01 6.200000000000000000e+03 4.000000000000000000e+00 5.115656507250578855e-01
5.401703392150721328e+01 6.300000000000000000e+03 4.000000000000000000e+00 4.838683787115077295e-01
7.162870185257054345e+01 6.400000000000000000e+03 4.000000000000000000e+00 4.699085851628507227e-01
