# # Chi square, temp, lg, norm
1.824905966218800302e+02 4.200000000000000000e+03 3.500000000000000000e+00 8.152738860879027438e-02
6.269261083516418864e+01 4.300000000000000000e+03 3.500000000000000000e+00 6.895800346721334129e-02
1.652179795889647451e+01 4.400000000000000000e+03 3.500000000000000000e+00 5.964289781803096963e-02
2.964946772774039729e+00 4.500000000000000000e+03 3.500000000000000000e+00 5.237101886511015547e-02
4.111890394227962986e+00 4.600000000000000000e+03 3.500000000000000000e+00 4.616935110921396856e-02
1.379938957768873031e+01 4.700000000000000000e+03 3.500000000000000000e+00 4.116705925306490821e-02
2.950362911819323486e+01 4.800000000000000000e+03 3.500000000000000000e+00 3.677567699702625342e-02
5.051519957728889665e+01 4.900000000000000000e+03 3.500000000000000000e+00 3.313407363555868901e-02
7.095276056784591390e+01 5.000000000000000000e+03 3.500000000000000000e+00 3.001046218481719097e-02
9.547175973324355880e+01 5.100000000000000000e+03 3.500000000000000000e+00 2.730612793103498123e-02
1.170367853714027433e+02 5.200000000000000000e+03 3.500000000000000000e+00 2.490737031403986168e-02
1.472279723906305833e+02 5.300000000000000000e+03 3.500000000000000000e+00 2.278401896430412230e-02
1.692138497371122980e+02 5.400000000000000000e+03 3.500000000000000000e+00 2.098682538796775576e-02
2.027936688211613045e+02 5.500000000000000000e+03 3.500000000000000000e+00 1.928818249064165671e-02
2.302309356253778390e+02 5.600000000000000000e+03 3.500000000000000000e+00 1.780621714510853895e-02
2.618411100657617112e+02 5.700000000000000000e+03 3.500000000000000000e+00 1.652006139452115094e-02
2.913013141772103722e+02 5.800000000000000000e+03 3.500000000000000000e+00 1.537530458909080328e-02
3.269092944777420939e+02 5.900000000000000000e+03 3.500000000000000000e+00 1.430779585245113908e-02
1.935285271424559426e+02 4.200000000000000000e+03 4.000000000000000000e+00 7.926357608976031255e-02
7.417904668969252668e+01 4.300000000000000000e+03 4.000000000000000000e+00 6.800678019615453984e-02
1.992495473717077559e+01 4.400000000000000000e+03 4.000000000000000000e+00 5.903748658234440894e-02
3.116472985860112122e+00 4.500000000000000000e+03 4.000000000000000000e+00 5.147676122187529180e-02
4.942172614155171395e+00 4.600000000000000000e+03 4.000000000000000000e+00 4.536588927876748084e-02
1.571973266344375197e+01 4.700000000000000000e+03 4.000000000000000000e+00 4.042042361920126364e-02
3.111504600550771116e+01 4.800000000000000000e+03 4.000000000000000000e+00 3.618951785617063183e-02
5.210574144369152094e+01 4.900000000000000000e+03 4.000000000000000000e+00 3.253738650623798356e-02
7.802838728975177673e+01 5.000000000000000000e+03 4.000000000000000000e+00 2.932762276755729661e-02
1.021969645480134687e+02 5.100000000000000000e+03 4.000000000000000000e+00 2.668859258068616985e-02
1.257529635207641263e+02 5.200000000000000000e+03 4.000000000000000000e+00 2.443560420317929249e-02
1.555179658903196867e+02 5.300000000000000000e+03 4.000000000000000000e+00 2.230283052949167885e-02
1.808141153855759740e+02 5.400000000000000000e+03 4.000000000000000000e+00 2.054278868523536777e-02
2.091878211481749190e+02 5.500000000000000000e+03 4.000000000000000000e+00 1.893981203284844650e-02
2.301734545385823481e+02 5.600000000000000000e+03 4.000000000000000000e+00 1.768803144855467246e-02
2.639476400248220784e+02 5.700000000000000000e+03 4.000000000000000000e+00 1.632917766631510753e-02
2.950726453294407179e+02 5.800000000000000000e+03 4.000000000000000000e+00 1.518443458964161864e-02
3.271840918275573245e+02 5.900000000000000000e+03 4.000000000000000000e+00 1.415082874418768094e-02
