# # Chi square, temp, lg
1.231520850980730982e-08 4.000000000000000000e+03 3.500000000000000000e+00
9.899180649251140501e-09 4.100000000000000000e+03 3.500000000000000000e+00
8.093163970730013260e-09 4.200000000000000000e+03 3.500000000000000000e+00
5.192377685615006448e-09 4.300000000000000000e+03 3.500000000000000000e+00
2.454736522763636018e-09 4.400000000000000000e+03 3.500000000000000000e+00
1.022883603801188355e-09 4.500000000000000000e+03 3.500000000000000000e+00
3.202286787899228922e-09 4.600000000000000000e+03 3.500000000000000000e+00
5.423683611095240260e-09 4.700000000000000000e+03 3.500000000000000000e+00
7.636436497320055448e-09 4.800000000000000000e+03 3.500000000000000000e+00
9.443022616826108834e-09 4.900000000000000000e+03 3.500000000000000000e+00
1.005073044174068537e-08 4.000000000000000000e+03 4.000000000000000000e+00
8.318790187310687963e-09 4.100000000000000000e+03 4.000000000000000000e+00
6.814933957169127816e-09 4.200000000000000000e+03 4.000000000000000000e+00
4.870108784751706140e-09 4.300000000000000000e+03 4.000000000000000000e+00
2.684493834128704526e-09 4.400000000000000000e+03 4.000000000000000000e+00
0.000000000000000000e+00 4.500000000000000000e+03 4.000000000000000000e+00
2.685255480348035846e-09 4.600000000000000000e+03 4.000000000000000000e+00
5.039107325635701907e-09 4.700000000000000000e+03 4.000000000000000000e+00
7.225767689047189891e-09 4.800000000000000000e+03 4.000000000000000000e+00
9.290116190930366384e-09 4.900000000000000000e+03 4.000000000000000000e+00
6.783148542812753848e-09 4.000000000000000000e+03 4.500000000000000000e+00
6.004406652762924815e-09 4.100000000000000000e+03 4.500000000000000000e+00
4.986109823409813728e-09 4.200000000000000000e+03 4.500000000000000000e+00
3.501869913549094765e-09 4.300000000000000000e+03 4.500000000000000000e+00
2.700515310481161957e-09 4.400000000000000000e+03 4.500000000000000000e+00
1.048835965434049156e-09 4.500000000000000000e+03 4.500000000000000000e+00
2.938397696236642332e-09 4.600000000000000000e+03 4.500000000000000000e+00
5.095689407265577331e-09 4.700000000000000000e+03 4.500000000000000000e+00
7.531838946426267073e-09 4.800000000000000000e+03 4.500000000000000000e+00
9.267939621089981799e-09 4.900000000000000000e+03 4.500000000000000000e+00
