#   t (Gyr) =  0.090

    M/MsTeff(K)    L/Ls  lg(g)  R(Gcm       D      Li         F33        F33B         F41        F45B         F47         F51         FHa         F57        F63B         F67         F75         F78         F82        F82B         F89       G_RSV           G        G_BP        G_RP

  0.0150  1304.   -4.36   4.38   9.11  0.0000  1.0000      29.807      29.807      26.896      25.191      24.413      25.308      21.507      25.350      21.713      20.876      20.731      20.210      18.271      18.154      16.751      17.258      19.389      24.615      17.956
  0.0200  1447.   -4.20   4.53   8.85  0.0000  1.0000      29.308      29.308      26.361      24.480      24.023      23.867      20.116      23.566      20.467      19.659      19.288      19.022      17.600      17.671      16.546      16.926      18.927      23.041      17.579
  0.0300  1978.   -3.66   4.71   8.84  0.0000  1.0000      28.270      28.270      25.409      23.284      23.077      22.140      18.764      20.959      19.152      18.420      17.480      17.259      16.176      16.276      15.085      15.959      17.466      21.023      16.098
  0.0400  2351.   -3.31   4.78   9.40  0.0000  1.0000      24.929      24.929      22.922      20.553      20.307      19.483      17.397      19.141      17.714      16.991      15.258      15.332      14.068      14.306      13.258      14.158      15.631      19.335      14.283
  0.0500  2554.   -3.11   4.82  10.03  0.0000  0.9990      22.433      22.433      20.763      19.068      18.707      18.258      16.360      17.834      16.611      15.916      13.965      14.157      13.129      13.343      12.481      13.174      14.727      18.111      13.430
  0.0600  2688.   -2.96   4.84  10.69  0.0000  0.9720      20.830      20.830      19.095      17.598      17.303      16.747      15.460      16.661      15.691      15.064      13.141      13.340      12.503      12.690      11.971      12.501      14.081      16.926      12.841
  0.0700  2812.   -2.83   4.85  11.41  0.0000  0.7460      19.668      19.668      17.869      16.639      16.343      15.876      14.571      15.648      14.811      14.238      12.496      12.656      11.979      12.137      11.527      11.933      13.509      15.956      12.321
  0.0720  2829.   -2.81   4.85  11.55  0.0000  0.6430      19.547      19.547      17.748      16.545      16.244      15.798      14.475      15.543      14.719      14.152      12.425      12.576      11.910      12.067      11.468      11.863      13.438      15.855      12.255
  0.0750  2854.   -2.78   4.86  11.77  0.0000  0.4550      19.370      19.370      17.572      16.409      16.101      15.687      14.335      15.392      14.586      14.026      12.321      12.459      11.809      11.967      11.380      11.761      13.335      15.710      12.157
  0.0800  2892.   -2.73   4.86  12.12  0.0000  0.1520      19.098      19.098      17.301      16.200      15.882      15.517      14.118      15.159      14.380      13.831      12.158      12.278      11.652      11.809      11.243      11.601      13.174      15.487      12.005
  0.0900  2952.   -2.64   4.86  12.80  0.0000  0.0002      18.602      18.602      16.797      15.760      15.443      15.107      13.737      14.732      14.003      13.475      11.865      11.967      11.385      11.535      11.003      11.327      12.885      15.064      11.739
  0.1000  3002.   -2.57   4.87  13.44  0.0000  0.0000      18.172      18.172      16.352      15.367      15.053      14.733      13.406      14.357      13.672      13.165      11.611      11.698      11.155      11.299      10.795      11.091      12.634      14.691      11.508
  0.2000  3273.   -2.11   4.86  19.16  0.0000  0.0000      15.997      15.997      13.930      13.122      12.860      12.498      11.442      12.119      11.684      11.311      10.188      10.188       9.851       9.950       9.592       9.763      11.123      12.497      10.156
  0.3000  3407.   -1.85   4.84  23.98  0.0000  0.0000      15.022      15.022      12.997      12.182      11.908      11.566      10.523      11.136      10.755      10.416       9.449       9.425       9.150       9.236       8.923       9.064      10.336      11.536       9.430
  0.4000  3525.   -1.63   4.81  28.67  0.0000  0.0000      14.261      14.261      12.259      11.432      11.144      10.821       9.794      10.355      10.014       9.702       8.855       8.817       8.587       8.662       8.384       8.506       9.696      10.771       8.843
  0.5000  3689.   -1.41   4.76  34.11  0.0000  0.0000      13.424      13.424      11.438      10.580      10.270       9.976       8.975       9.462       9.171       8.895       8.210       8.155       7.981       8.041       7.808       7.909       8.978       9.901       8.202
  0.6000  4089.   -1.08   4.69  40.22  0.0000  0.0000      12.091      12.091      10.187       9.350       8.988       8.837       7.757       8.169       7.926       7.692       7.325       7.251       7.164       7.201       7.043       7.117       7.932       8.629       7.302
  0.7000  4422.   -0.87   4.69  43.75  0.0000  0.0000      10.940      10.940       9.203       8.432       8.072       7.962       6.989       7.347       7.143       6.945       6.750       6.689       6.640       6.664       6.550       6.612       7.235       7.776       6.721
  0.8000  4828.   -0.61   4.64  49.52  0.0000  0.0047       9.459       9.459       7.989       7.362       7.058       6.924       6.199       6.469       6.320       6.169       6.048       6.006       5.980       5.993       5.918       5.967       6.434       6.843       6.030
  0.9000  5210.   -0.37   4.58  56.13  0.0000  0.0823       8.252       8.252       6.998       6.485       6.235       6.070       5.542       5.744       5.634       5.518       5.432       5.402       5.387       5.397       5.351       5.390       5.748       6.070       5.424
  1.0000  5536.   -0.16   4.52  63.28  0.0000  0.3070       7.322       7.322       6.219       5.790       5.578       5.412       5.003       5.160       5.075       4.982       4.918       4.898       4.889       4.898       4.874       4.905       5.183       5.447       4.918
  1.1000  5882.    0.05   4.46  71.52  0.0000  0.5740       6.475       6.475       5.476       5.121       4.938       4.790       4.475       4.591       4.527       4.457       4.413       4.402       4.398       4.406       4.404       4.426       4.629       4.840       4.419
  1.2000  6167.    0.24   4.39  80.84  0.0000  0.7700       5.807       5.807       4.857       4.555       4.393       4.266       4.019       4.102       4.055       4.001       3.974       3.969       3.971       3.976       3.989       4.005       4.150       4.322       3.985
  1.3000  6453.    0.41   4.33  90.06  0.0000  0.8800       5.240       5.240       4.300       4.041       3.897       3.791       3.608       3.659       3.628       3.592       3.579       3.581       3.589       3.592       3.619       3.630       3.715       3.851       3.595
  1.4000  6768.    0.56   4.29  97.63  0.0000  0.9380       4.763       4.763       3.805       3.583       3.452       3.370       3.256       3.270       3.257       3.238       3.243       3.252       3.269       3.268       3.308       3.316       3.335       3.433       3.264