
#   t (Gyr) =  0.080

    M/MsTeff(K)    L/Ls  lg(g)  R(Gcm       D      Li         F33        F33B         F41        F45B         F47         F51         FHa         F57        F63B         F67         F75         F78         F82        F82B         F89       G_RSV           G        G_BP        G_RP

  0.0150  1372.   -4.26   4.37   9.27  0.0000  1.0000      29.504      29.504      26.577      24.832      24.149      24.662      20.744      24.569      21.025      20.196      20.039      19.639      17.851      17.849      16.549      17.009      19.094      23.887      17.692
  0.0200  1489.   -4.14   4.52   8.96  0.0000  1.0000      29.207      29.207      26.244      24.226      23.979      23.221      19.624      22.714      20.029      19.240      18.653      18.481      17.397      17.515      16.540      16.859      18.779      22.320      17.478
  0.0300  2047.   -3.58   4.69   9.04  0.0000  1.0000      27.774      27.774      25.013      22.727      22.551      21.549      18.469      20.579      18.863      18.134      17.070      16.858      15.661      15.812      14.617      15.563      17.025      20.676      15.651
  0.0400  2387.   -3.26   4.75   9.66  0.0000  1.0000      24.425      24.425      22.565      20.460      20.126      19.528      17.168      18.891      17.459      16.734      14.955      15.072      13.859      14.082      13.054      13.936      15.417      19.134      14.075
  0.0500  2586.   -3.06   4.79  10.37  0.0000  0.9990      21.967      21.967      20.314      18.756      18.391      17.990      16.129      17.571      16.362      15.670      13.703      13.916      12.937      13.139      12.306      12.969      14.529      17.853      13.242
  0.0600  2709.   -2.92   4.81  11.06  0.0000  0.9850      20.480      20.480      18.726      17.295      17.015      16.446      15.243      16.398      15.471      14.858      12.957      13.151      12.350      12.531      11.838      12.342      13.920      16.661      12.691
  0.0700  2829.   -2.78   4.82  11.84  0.0000  0.8640      19.463      19.463      17.662      16.489      16.192      15.751      14.422      15.492      14.663      14.095      12.369      12.522      11.858      12.014      11.414      11.812      13.384      15.803      12.201
  0.0720  2845.   -2.76   4.82  11.98  0.0000  0.8010      19.347      19.347      17.546      16.395      16.094      15.670      14.331      15.391      14.577      14.014      12.301      12.447      11.793      11.949      11.358      11.746      13.317      15.705      12.138
  0.0750  2869.   -2.73   4.82  12.21  0.0000  0.6800      19.171      19.171      17.370      16.253      15.948      15.548      14.194      15.240      14.447      13.891      12.199      12.332      11.694      11.850      11.271      11.645      13.215      15.559      12.042
  0.0800  2905.   -2.69   4.83  12.58  0.0000  0.4070      18.902      18.902      17.099      16.032      15.721      15.355      13.983      15.008      14.244      13.701      12.040      12.155      11.541      11.696      11.138      11.489      13.057      15.333      11.894
  0.0900  2962.   -2.60   4.83  13.30  0.0000  0.0197      18.418      18.418      16.605      15.594      15.285      14.941      13.611      14.589      13.874      13.352      11.752      11.852      11.279      11.428      10.902      11.221      12.773      14.916      11.632
  0.1000  3010.   -2.54   4.84  13.92  0.0000  0.0000      18.014      18.014      16.163      15.205      14.904      14.569      13.288      14.218      13.550      13.050      11.512      11.597      11.063      11.204      10.707      10.998      12.533      14.548      11.414
  0.2000  3275.   -2.08   4.82  19.98  0.0000  0.0000      15.887      15.887      13.822      13.022      12.764      12.402      11.352      12.028      11.592      11.218      10.093      10.095       9.757       9.857       9.499       9.670      11.030      12.403      10.062
  0.3000  3406.   -1.82   4.81  24.88  0.0000  0.0000      14.940      14.940      12.914      12.106      11.833      11.491      10.453      11.067      10.684      10.344       9.371       9.349       9.072       9.158       8.844       8.986      10.260      11.464       9.353
  0.4000  3522.   -1.61   4.78  29.51  0.0000  0.0000      14.209      14.209      12.205      11.382      11.096      10.772       9.749      10.310       9.967       9.654       8.801       8.763       8.531       8.607       8.327       8.450       9.644      10.725       8.789
  0.5000  3668.   -1.40   4.74  34.80  0.0000  0.0000      13.439      13.439      11.449      10.597      10.290       9.993       8.991       9.487       9.189       8.909       8.201       8.149       7.967       8.029       7.790       7.894       8.979       9.922       8.193
  0.6000  4039.   -1.09   4.68  40.92  0.0000  0.0000      12.188      12.188      10.255       9.384       9.030       8.830       7.826       8.223       7.989       7.759       7.351       7.281       7.186       7.225       7.059       7.136       7.974       8.681       7.334
  0.7000  4497.   -0.83   4.67  44.58  0.0000  0.0000      10.660      10.660       8.974       8.231       7.879       7.768       6.837       7.181       6.987       6.797       6.626       6.568       6.525       6.546       6.440       6.500       7.087       7.599       6.597
  0.8000  4830.   -0.61   4.64  49.44  0.0000  0.0048       9.456       9.456       7.988       7.362       7.058       6.923       6.200       6.470       6.321       6.170       6.050       6.008       5.981       5.995       5.919       5.968       6.435       6.843       6.031
  0.9000  5212.   -0.37   4.58  56.04  0.0000  0.0825       8.251       8.251       6.998       6.485       6.236       6.070       5.543       5.745       5.636       5.519       5.433       5.404       5.389       5.399       5.353       5.392       5.749       6.070       5.425
  1.0000  5533.   -0.17   4.52  63.21  0.0000  0.3070       7.332       7.332       6.227       5.798       5.585       5.419       5.008       5.166       5.080       4.988       4.924       4.904       4.894       4.903       4.879       4.910       5.189       5.453       4.923
  1.1000  5876.    0.05   4.46  71.48  0.0000  0.5740       6.485       6.485       5.484       5.129       4.945       4.797       4.480       4.596       4.532       4.462       4.418       4.407       4.403       4.411       4.408       4.431       4.635       4.847       4.424
  1.2000  6164.    0.24   4.39  80.81  0.0000  0.7700       5.812       5.812       4.861       4.559       4.397       4.269       4.021       4.105       4.058       4.004       3.976       3.972       3.974       3.979       3.992       4.008       4.153       4.325       3.987
  1.3000  6451.    0.41   4.33  90.02  0.0000  0.8800       5.243       5.243       4.303       4.044       3.900       3.794       3.610       3.662       3.631       3.594       3.582       3.583       3.592       3.594       3.621       3.632       3.717       3.853       3.597
  1.4000  6766.    0.56   4.29  97.57  0.0000  0.9380       4.765       4.765       3.808       3.585       3.455       3.373       3.258       3.272       3.259       3.241       3.245       3.254       3.271       3.270       3.310       3.318       3.337       3.435       3.266
