#   t (Gyr) =  0.003

    M/MsTeff(K)    L/Ls  lg(g)  R(Gcm       D      Li         F33        F33B         F41        F45B         F47         F51         FHa         F57        F63B         F67         F75         F78         F82        F82B         F89       G_RSV           G        G_BP        G_RP

  0.0100  2142.   -3.13   3.84  13.87  1.0000  1.0000      24.768      24.768      23.087      21.049      20.884      19.942      17.623      19.382      17.918      17.192      15.569      15.472      14.236      14.453      13.286      14.472      15.727      19.602      14.350
  0.0150  2406.   -2.79   3.88  16.29  0.9950  1.0000      21.104      21.104      19.528      18.341      18.188      17.465      16.157      17.606      16.351      15.640      13.582      13.748      12.680      12.895      11.932      12.875      14.254      17.747      12.931
  0.0200  2545.   -2.57   3.88  18.72  0.9650  1.0000      19.469      19.469      17.763      16.925      16.802      16.173      15.126      16.399      15.293      14.618      12.542      12.746      11.827      12.019      11.184      11.939      13.402      16.516      12.122
  0.0300  2706.   -2.17   3.76  26.17  0.7300  1.0000      17.501      17.501      15.658      15.093      15.021      14.464      13.491      14.590      13.672      13.060      11.119      11.312      10.560      10.726      10.025      10.597      12.107      14.733      10.883
  0.0400  2784.   -1.92   3.69  32.99  0.5450  1.0000      16.495      16.495      14.603      14.120      14.066      13.538      12.591      13.625      12.780      12.198      10.337      10.519       9.828       9.983       9.336       9.845      11.355      13.774      10.158
  0.0500  2831.   -1.74   3.64  39.19  0.4130  1.0000      15.878      15.878      13.967      13.528      13.483      12.973      12.049      13.057      12.239      11.669       9.834      10.015       9.346       9.498       8.871       9.360      10.864      13.199       9.679
  0.0600  2870.   -1.61   3.60  44.46  0.2500  1.0000      15.435      15.435      13.513      13.100      13.060      12.565      11.663      12.653      11.853      11.290       9.468       9.651       8.993       9.144       8.529       9.007      10.506      12.788       9.328
  0.0700  2906.   -1.51   3.59  48.78  0.1180  1.0000      15.086      15.086      13.154      12.757      12.716      12.235      11.353      12.326      11.543      10.987       9.179       9.362       8.717       8.866       8.264       8.730      10.224      12.455       9.054
  0.0720  2911.   -1.49   3.59  49.79  0.1100  1.0000      15.018      15.018      13.084      12.689      12.649      12.170      11.291      12.262      11.482      10.926       9.121       9.304       8.661       8.809       8.209       8.674      10.167      12.390       8.998
  0.0750  2919.   -1.46   3.58  50.98  0.0860  1.0000      14.934      14.934      12.996      12.603      12.562      12.086      11.212      12.177      11.402      10.849       9.049       9.231       8.591       8.739       8.143       8.603      10.096      12.305       8.929
  0.0800  2931.   -1.42   3.57  53.17  0.0635  1.0000      14.790      14.790      12.847      12.458      12.417      11.945      11.079      12.037      11.269      10.718       8.926       9.107       8.472       8.620       8.029       8.483       9.974      12.164       8.811
  0.0900  2956.   -1.36   3.59  55.67  0.0124  1.0000      14.593      14.593      12.641      12.246      12.199      11.736      10.881      11.822      11.071      10.528       8.756       8.934       8.312       8.457       7.880       8.319       9.808      11.952       8.652
  0.1000  2998.   -1.44   3.73  49.80  0.0000  1.0000      14.691      14.691      12.735      12.279      12.198      11.749      10.893      11.794      11.087      10.565       8.855       9.016       8.429       8.570       8.024       8.420       9.910      11.953       8.772
  0.2000  3196.   -1.10   3.81  64.29  0.0000  1.0000      13.484      13.484      11.373      10.873      10.738      10.349       9.501      10.240       9.691       9.247       7.811       7.902       7.448       7.568       7.131       7.401       8.835      10.478       7.783
  0.3000  3404.   -0.86   3.85  74.82  0.0000  1.0000      12.603      12.603      10.486       9.862       9.657       9.311       8.459       9.076       8.637       8.260       7.078       7.117       6.768       6.868       6.515       6.706       8.041       9.387       7.078
  0.4000  3582.   -0.68   3.88  83.22  0.0000  1.0000      11.970      11.970       9.837       9.076       8.804       8.496       7.617       8.121       7.776       7.459       6.536       6.520       6.272       6.350       6.067       6.203       7.406       8.508       6.542
  0.5000  3731.   -0.54   3.91  90.61  0.0000  1.0000      11.427      11.427       9.298       8.461       8.148       7.876       7.005       7.427       7.144       6.872       6.119       6.076       5.890       5.953       5.714       5.823       6.910       7.852       6.123
  0.6000  3868.   -0.42   3.93  96.38  0.0000  0.9960      10.952      10.952       8.840       7.947       7.607       7.360       6.488       6.853       6.613       6.374       5.783       5.722       5.587       5.636       5.433       5.525       6.491       7.304       5.781
  0.7000  3998.   -0.31   3.95 102.29  0.0000  0.9780      10.473      10.473       8.393       7.479       7.124       6.895       6.025       6.358       6.144       5.927       5.471       5.405       5.304       5.343       5.169       5.250       6.105       6.818       5.462
  0.8000  4120.   -0.21   3.96 107.70  0.0000  0.9180       9.976       9.976       7.986       7.151       6.783       6.644       5.607       5.982       5.752       5.527       5.194       5.118       5.041       5.075       4.921       4.993       5.776       6.444       5.167
  0.9000  4232.   -0.13   3.97 112.52  0.0000  0.8730       9.511       9.511       7.595       6.785       6.423       6.287       5.274       5.642       5.423       5.210       4.952       4.881       4.820       4.847       4.709       4.777       5.485       6.092       4.920
  1.0000  4330.   -0.05   3.98 117.42  0.0000  0.8750       9.085       9.085       7.244       6.466       6.113       5.975       4.999       5.358       5.149       4.947       4.736       4.670       4.619       4.642       4.516       4.580       5.233       5.795       4.703
  1.1000  4421.    0.02   3.99 122.57  0.0000  0.8990       8.682       8.682       6.913       6.168       5.827       5.686       4.756       5.102       4.905       4.712       4.531       4.471       4.426       4.446       4.330       4.391       5.001       5.526       4.499
  1.2000  4505.    0.09   3.99 127.45  0.0000  0.9250       8.316       8.316       6.613       5.901       5.572       5.426       4.548       4.875       4.691       4.508       4.347       4.291       4.252       4.269       4.163       4.220       4.794       5.288       4.317
  1.3000  4588.    0.15   3.99 132.37  0.0000  0.9470       7.976       7.976       6.333       5.651       5.334       5.181       4.357       4.665       4.493       4.319       4.172       4.120       4.085       4.100       4.002       4.056       4.600       5.067       4.145
  1.4000  4671.    0.22   3.99 137.96  0.0000  0.9650       7.640       7.640       6.053       5.401       5.096       4.936       4.163       4.454       4.292       4.129       3.992       3.943       3.913       3.926       3.836       3.888       4.403       4.844       3.968