#   t (Gyr) =  0.020

    M/MsTeff(K)    L/Ls  lg(g)  R(Gcm       D      Li         F33        F33B         F41        F45B         F47         F51         FHa         F57        F63B         F67         F75         F78         F82        F82B         F89       G_RSV           G        G_BP        G_RP

  0.0100  1395.   -4.15   4.11  10.15  0.9950  1.0000      29.346      29.346      26.407      24.596      24.019      24.143      20.112      23.894      20.453      19.631      19.429      19.111      17.486      17.572      16.368      16.795      18.824      23.235      17.453
  0.0150  2209.   -3.15   4.09  12.70  0.3920  1.0000      24.779      24.779      23.040      20.934      20.737      19.836      17.526      19.265      17.811      17.086      15.411      15.381      14.146      14.360      13.219      14.341      15.646      19.491      14.276
  0.0200  2411.   -2.92   4.14  13.90  0.0010  1.0000      21.921      21.921      20.353      18.888      18.657      17.988      16.424      17.925      16.626      15.912      13.900      14.080      12.987      13.197      12.221      13.153      14.552      18.110      13.226
  0.0300  2555.   -2.84   4.33  13.64  0.0000  1.0000      20.806      20.806      19.167      17.906      17.660      17.102      15.718      17.072      15.898      15.211      13.181      13.412      12.465      12.654      11.811      12.542      14.038      17.275      12.753
  0.0400  2681.   -2.68   4.38  14.94  0.0000  1.0000      19.381      19.381      17.622      16.599      16.378      15.843      14.697      15.841      14.891      14.271      12.343      12.545      11.766      11.936      11.231      11.780      13.322      16.063      12.091
  0.0500  2811.   -2.52   4.40  16.32  0.0000  1.0000      18.491      18.491      16.670      15.834      15.596      15.196      13.835      14.930      14.037      13.448      11.704      11.888      11.230      11.373      10.752      11.197      12.741      15.209      11.551
  0.0600  2883.   -2.41   4.41  17.63  0.0000  1.0000      17.855      17.855      16.003      15.145      14.931      14.456      13.363      14.334      13.582      13.041      11.348      11.493      10.883      11.028      10.458      10.847      12.381      14.602      11.222
  0.0700  2940.   -2.31   4.41  19.00  0.0000  1.0000      17.362      17.362      15.491      14.659      14.452      13.975      12.966      13.879      13.189      12.675      11.033      11.159      10.584      10.726      10.189      10.544      12.065      14.145      10.928
  0.0720  2950.   -2.29   4.41  19.26  0.0000  1.0000      17.278      17.278      15.404      14.579      14.373      13.899      12.895      13.800      13.118      12.608      10.976      11.099      10.531      10.672      10.140      10.489      12.008      14.067      10.875
  0.0750  2964.   -2.27   4.41  19.60  0.0000  1.0000      17.161      17.161      15.283      14.468      14.262      13.793      12.797      13.691      13.020      12.515      10.897      11.017      10.458      10.598      10.074      10.414      11.930      13.959      10.802
  0.0800  2986.   -2.22   4.41  20.32  0.0000  1.0000      16.956      16.956      15.070      14.274      14.069      13.610      12.626      13.504      12.849      12.352      10.756      10.871      10.326      10.463       9.951      10.279      11.790      13.772      10.671
  0.0900  3025.   -2.15   4.41  21.45  0.0000  1.0000      16.644      16.644      14.700      13.945      13.744      13.302      12.319      13.162      12.543      12.064      10.533      10.631      10.117      10.249       9.761      10.063      11.558      13.440      10.459
  0.1000  3059.   -2.10   4.42  22.40  0.0000  1.0000      16.386      16.386      14.366      13.653      13.456      13.031      12.040      12.848      12.264      11.804      10.343      10.423       9.941      10.068       9.603       9.879      11.357      13.140      10.278
  0.2000  3263.   -1.67   4.41  32.27  0.0000  0.8520      14.785      14.785      12.716      12.029      11.812      11.439      10.461      11.141      10.681      10.291       9.096       9.120       8.757       8.861       8.487       8.681      10.055      11.480       9.070
  0.3000  3392.   -1.42   4.40  39.62  0.0000  0.0061      13.931      13.931      11.879      11.154      10.910      10.562       9.594      10.209       9.805       9.451       8.402       8.402       8.098       8.190       7.861       8.021       9.319      10.575       8.390
  0.4000  3500.   -1.25   4.42  45.08  0.0000  0.0000      13.357      13.357      11.317      10.554      10.289       9.959       8.992       9.554       9.193       8.867       7.939       7.919       7.661       7.742       7.449       7.585       8.813       9.946       7.933
  0.5000  3609.   -1.11   4.43  49.81  0.0000  0.0000      12.857      12.857      10.824      10.016       9.728       9.420       8.456       8.965       8.645       8.347       7.542       7.503       7.291       7.361       7.100       7.216       8.364       9.381       7.538
  0.6000  3733.   -0.98   4.43  54.09  0.0000  0.0000      12.377      12.377      10.351       9.501       9.189       8.906       7.951       8.407       8.125       7.855       7.174       7.121       6.951       7.011       6.782       6.883       7.937       8.843       7.170
  0.7000  3894.   -0.85   4.44  58.17  0.0000  0.0004      11.841      11.841       9.832       8.942       8.606       8.353       7.415       7.814       7.571       7.332       6.796       6.732       6.607       6.653       6.460       6.546       7.482       8.267       6.789
  0.8000  4102.   -0.69   4.43  62.75  0.0000  0.0095      11.141      11.141       9.201       8.369       8.000       7.869       6.796       7.195       6.957       6.726       6.360       6.285       6.200       6.238       6.080       6.155       6.964       7.656       6.338
  0.9000  4406.   -0.50   4.42  67.75  0.0000  0.0894      10.034      10.034       8.273       7.506       7.149       7.031       6.066       6.422       6.219       6.021       5.828       5.767       5.718       5.741       5.625       5.687       6.311       6.850       5.797
  1.0000  4793.   -0.28   4.38  74.18  0.0000  0.3080       8.657       8.657       7.163       6.536       6.236       6.088       5.363       5.635       5.485       5.332       5.208       5.165       5.138       5.151       5.072       5.121       5.598       6.012       5.188
  1.1000  5302.    0.01   4.32  84.06  0.0000  0.5750       7.168       7.168       5.954       5.476       5.244       5.067       4.585       4.772       4.670       4.562       4.482       4.456       4.443       4.452       4.412       4.447       4.782       5.085       4.477
  1.2000  5911.    0.35   4.20 100.35  0.0000  0.7700       5.708       5.708       4.692       4.349       4.173       4.024       3.721       3.831       3.770       3.703       3.661       3.651       3.647       3.655       3.654       3.675       3.871       4.077       3.667
  1.3000  6330.    0.41   4.29  94.01  0.0000  0.8800       5.289       5.289       4.338       4.063       3.913       3.798       3.589       3.653       3.616       3.572       3.554       3.553       3.559       3.562       3.583       3.597       3.706       3.857       3.567
  1.4000  6475.    0.50   4.28  99.24  0.0000  0.9380       5.012       5.012       4.063       3.808       3.666       3.562       3.385       3.433       3.403       3.368       3.357       3.360       3.369       3.371       3.398       3.410       3.489       3.622       3.373
