#   t (Gyr) =  0.400

    M/MsTeff(K)    L/Ls  lg(g)  R(Gcm       D      Li         F33        F33B         F41        F45B         F47         F51         FHa         F57        F63B         F67         F75         F78         F82        F82B         F89       G_RSV           G        G_BP        G_RP

  0.0400  1495.   -4.31   4.99   7.37  0.0000  1.0000      29.218      29.218      26.288      24.466      23.915      23.929      20.248      23.965      20.608      19.789      19.494      19.292      17.762      17.866      16.719      17.073      19.118      23.273      17.764
  0.0500  1836.   -3.96   5.10   7.29  0.0000  0.9570      28.448      28.448      25.551      23.429      23.168      22.390      19.089      21.886      19.537      18.768      18.082      17.932      16.830      16.949      15.881      16.423      18.168      21.588      16.840
  0.0700  2419.   -3.43   5.20   7.69  0.0000  0.0000      25.300      25.300      23.198      20.968      20.582      20.074      17.404      19.318      17.796      17.069      15.445      15.497      14.230      14.473      13.464      14.213      15.810      19.479      14.471
  0.0720  2457.   -3.40   5.20   7.76  0.0000  0.0000      24.796      24.796      22.788      20.577      20.203      19.675      17.236      19.034      17.606      16.889      15.189      15.277      14.055      14.297      13.325      14.045      15.646      19.233      14.318
  0.0750  2508.   -3.35   5.21   7.86  0.0000  0.0000      24.147      24.147      22.254      20.087      19.724      19.181      17.013      18.666      17.354      16.651      14.857      14.988      13.826      14.066      13.144      13.823      15.432      18.912      14.117
  0.0800  2594.   -3.27   5.21   8.09  0.0000  0.0000      23.204      23.204      21.437      19.544      19.138      18.739      16.618      18.142      16.929      16.241      14.356      14.509      13.457      13.688      12.844      13.449      15.077      18.440      13.783
  0.0900  2726.   -3.13   5.21   8.55  0.0000  0.0000      21.644      21.644      19.865      18.189      17.834      17.353      15.740      17.028      15.993      15.358      13.516      13.720      12.872      13.054      12.334      12.821      14.443      17.330      13.203
  0.1000  2844.   -3.00   5.20   9.15  0.0000  0.0000      20.447      20.447      18.654      17.250      16.885      16.504      14.952      16.089      15.243      14.669      12.950      13.075      12.375      12.550      11.946      12.316      13.930      16.430      12.737
  0.2000  3260.   -2.32   5.06  15.22  0.0000  0.0000      16.623      16.623      14.544      13.678      13.398      13.040      11.946      12.633      12.199      11.826      10.710      10.704      10.367      10.467      10.108      10.274      11.641      13.023      10.672
  0.3000  3415.   -1.99   4.98  20.34  0.0000  0.0000      15.376      15.376      13.360      12.517      12.232      11.893      10.826      11.439      11.065      10.731       9.790       9.759       9.493       9.577       9.269       9.404      10.667      11.849       9.768
  0.4000  3526.   -1.73   4.91  25.66  0.0000  0.0000      14.503      14.503      12.509      11.668      11.375      11.053      10.012      10.575      10.236       9.927       9.091       9.050       8.823       8.898       8.621       8.741       9.927      10.996       9.078
  0.5000  3685.   -1.46   4.81  32.03  0.0000  0.0000      13.562      13.562      11.582      10.721      10.410      10.116       9.107       9.598       9.306       9.030       8.348       8.292       8.118       8.179       7.945       8.046       9.115      10.037       8.339
  0.6000  3969.   -1.17   4.73  38.64  0.0000  0.0000      12.481      12.481      10.531       9.634       9.292       9.045       8.088       8.486       8.251       8.020       7.562       7.495       7.389       7.430       7.254       7.333       8.208       8.941       7.550
  0.7000  4387.   -0.87   4.67  44.41  0.0000  0.0000      11.017      11.017       9.256       8.475       8.112       8.001       7.010       7.375       7.166       6.964       6.758       6.695       6.643       6.668       6.551       6.614       7.253       7.808       6.728
  0.8000  4821.   -0.61   4.63  50.10  0.0000  0.0036       9.451       9.451       7.977       7.348       7.043       6.909       6.181       6.453       6.303       6.151       6.030       5.988       5.961       5.974       5.898       5.947       6.417       6.827       6.011
  0.9000  5210.   -0.36   4.57  56.68  0.0000  0.0807       8.230       8.230       6.976       6.463       6.214       6.048       5.521       5.723       5.613       5.497       5.410       5.381       5.366       5.376       5.330       5.369       5.726       6.048       5.403
  1.0000  5574.   -0.14   4.51  63.94  0.0000  0.3070       7.232       7.232       6.143       5.723       5.513       5.349       4.951       5.103       5.020       4.930       4.869       4.850       4.841       4.850       4.829       4.858       5.129       5.386       4.869
  1.1000  5901.    0.06   4.44  72.40  0.0000  0.5740       6.418       6.418       5.423       5.073       4.891       4.745       4.434       4.547       4.485       4.416       4.374       4.363       4.359       4.367       4.366       4.388       4.587       4.795       4.380
  1.2000  6181.    0.25   4.37  82.12  0.0000  0.7700       5.756       5.756       4.806       4.506       4.346       4.219       3.976       4.057       4.011       3.958       3.931       3.927       3.929       3.935       3.948       3.964       4.105       4.275       3.943
  1.3000  6453.    0.43   4.31  91.73  0.0000  0.8800       5.202       5.202       4.259       4.001       3.857       3.751       3.568       3.619       3.588       3.552       3.540       3.541       3.550       3.553       3.579       3.590       3.675       3.811       3.555
  1.4000  6750.    0.58   4.27 100.33  0.0000  0.9380       4.723       4.723       3.762       3.538       3.407       3.324       3.206       3.223       3.208       3.189       3.193       3.201       3.218       3.217       3.256       3.265       3.286       3.387       3.213