#   t (Gyr) =  0.001

    M/MsTeff(K)    L/Ls  lg(g)  R(Gcm       D      Li         F33        F33B         F41        F45B         F47         F51         FHa         F57        F63B         F67         F75         F78         F82        F82B         F89       G_RSV           G        G_BP        G_RP

  0.0100  2345.   -2.70   3.57  18.99  1.0000  1.0000      20.913      20.913      19.304      18.362      18.272      17.527      16.201      17.718      16.383      15.652      13.562      13.699      12.594      12.811      11.799      12.838      14.160      17.814      12.821
  0.0150  2504.   -2.42   3.58  22.90  1.0000  1.0000      18.982      18.982      17.260      16.650      16.604      15.963      14.915      16.221      15.076      14.389      12.290      12.487      11.548      11.742      10.874      11.688      13.120      16.299      11.830
  0.0200  2598.   -2.25   3.59  26.11  1.0000  1.0000      18.024      18.024      16.223      15.708      15.676      15.081      14.109      15.309      14.269      13.614      11.564      11.768      10.922      11.101      10.314      11.010      12.486      15.396      11.225
  0.0300  2710.   -1.98   3.57  32.78  1.0000  1.0000      16.833      16.833      14.965      14.527      14.503      13.951      12.998      14.095      13.176      12.564      10.622      10.816      10.069      10.233       9.531      10.112      11.612      14.212      10.390
  0.0400  2779.   -1.81   3.57  37.62  0.9900  1.0000      16.167      16.167      14.266      13.846      13.817      13.289      12.353      13.395      12.539      11.953      10.079      10.265       9.567       9.723       9.068       9.591      11.095      13.526       9.895
  0.0500  2824.   -1.65   3.53  44.05  0.9750  1.0000      15.599      15.599      13.680      13.294      13.272      12.759      11.846      12.861      12.033      11.458       9.609       9.795       9.118       9.271       8.636       9.138      10.638      12.988       9.449
  0.0600  2864.   -1.53   3.52  49.25  0.9300  1.0000      15.194      15.194      13.266      12.898      12.878      12.382      11.492      12.490      11.679      11.110       9.272       9.460       8.794       8.946       8.323       8.815      10.309      12.609       9.128
  0.0700  2897.   -1.41   3.49  54.82  0.8650  1.0000      14.833      14.833      12.896      12.549      12.533      12.050      11.181      12.167      11.367      10.803       8.969       9.160       8.501       8.651       8.037       8.523      10.013      12.276       8.837
  0.0720  2896.   -1.39   3.48  56.30  0.8700  1.0000      14.778      14.778      12.841      12.498      12.485      12.002      11.134      12.122      11.320      10.755       8.917       9.110       8.449       8.599       7.983       8.472       9.961      12.229       8.784
  0.0750  2897.   -1.36   3.47  58.18  0.8650  1.0000      14.700      14.700      12.761      12.423      12.412      11.930      11.065      12.055      11.251      10.686       8.845       9.039       8.377       8.527       7.911       8.401       9.889      12.158       8.712
  0.0800  2898.   -1.31   3.45  61.53  0.8650  1.0000      14.574      14.574      12.634      12.305      12.299      11.818      10.957      11.948      11.142      10.575       8.729       8.925       8.260       8.411       7.792       8.287       9.773      12.046       8.595
  0.0900  2908.   -1.23   3.42  67.28  0.8050  1.0000      14.342      14.342      12.396      12.077      12.076      11.598      10.746      11.735      10.930      10.364       8.517       8.715       8.051       8.201       7.584       8.079       9.563      11.826       8.386
  0.1000  2936.   -1.17   3.43  70.29  0.4090  1.0000      14.143      14.143      12.185      11.859      11.849      11.380      10.538      11.508      10.723      10.165       8.343       8.537       7.888       8.036       7.434       7.910       9.393      11.605       8.224
  0.2000  3226.   -0.66   3.38 105.41  0.0083  1.0000      12.432      12.432      10.268       9.845       9.746       9.357       8.566       9.321       8.740       8.278       6.773       6.894       6.412       6.534       6.078       6.382       7.816       9.514       6.749
  0.3000  3428.   -0.48   3.48 114.74  0.0000  1.0000      11.746      11.746       9.565       8.980       8.789       8.449       7.669       8.280       7.823       7.432       6.183       6.243       5.872       5.975       5.608       5.820       7.167       8.560       6.189
  0.4000  3634.   -0.32   3.54 123.01  0.0000  1.0000      11.142      11.142       8.932       8.132       7.843       7.546       6.702       7.157       6.831       6.526       5.653       5.627       5.401       5.473       5.202       5.331       6.501       7.559       5.658
  0.5000  3802.   -0.18   3.59 131.20  0.0000  1.0000      10.554      10.554       8.365       7.478       7.145       6.887       6.053       6.409       6.159       5.909       5.239       5.182       5.029       5.083       4.864       4.963       5.986       6.858       5.242
  0.6000  3955.   -0.07   3.62 138.26  0.0000  1.0000       9.992       9.992       7.854       6.938       6.589       6.346       5.497       5.818       5.602       5.381       4.893       4.825       4.720       4.759       4.577       4.659       5.544       6.282       4.884
  0.7000  4078.    0.04   3.63 147.06  0.0000  1.0000       9.465       9.465       7.411       6.554       6.194       6.019       5.028       5.386       5.160       4.938       4.584       4.509       4.430       4.462       4.302       4.376       5.174       5.852       4.559
  0.8000  4192.    0.13   3.65 154.36  0.0000  1.0000       8.965       8.965       6.999       6.184       5.827       5.671       4.653       5.025       4.802       4.585       4.324       4.251       4.189       4.215       4.072       4.140       4.861       5.480       4.290
  0.9000  4290.    0.21   3.66 162.02  0.0000  1.0000       8.510       8.510       6.626       5.844       5.498       5.339       4.357       4.722       4.510       4.304       4.090       4.023       3.971       3.993       3.862       3.926       4.592       5.162       4.055
  1.0000  4377.    0.28   3.66 169.51  0.0000  1.0000       8.125       8.125       6.303       5.551       5.213       5.055       4.118       4.467       4.267       4.072       3.884       3.821       3.776       3.795       3.674       3.735       4.360       4.897       3.850
  1.1000  4456.    0.35   3.67 176.77  0.0000  1.0000       7.773       7.773       6.012       5.289       4.962       4.800       3.910       4.244       4.054       3.868       3.699       3.640       3.601       3.617       3.505       3.563       4.155       4.662       3.668
  1.2000  4529.    0.41   3.68 183.22  0.0000  0.9990       7.461       7.461       5.756       5.061       4.745       4.576       3.733       4.051       3.872       3.694       3.538       3.483       3.448       3.462       3.357       3.412       3.977       4.459       3.509
  1.3000  4596.    0.47   3.68 190.09  0.0000  0.9980       7.173       7.173       5.517       4.847       4.541       4.366       3.566       3.869       3.699       3.529       3.384       3.331       3.299       3.312       3.213       3.267       3.807       4.268       3.357
  1.4000  4658.    0.52   3.68 196.23  0.0000  0.9980       6.922       6.922       5.309       4.660       4.364       4.183       3.421       3.711       3.550       3.386       3.248       3.198       3.169       3.181       3.087       3.139       3.659       4.103       3.223

