#   t (Gyr) =  0.005

    M/MsTeff(K)    L/Ls  lg(g)  R(Gcm       D      Li         F33        F33B         F41        F45B         F47         F51         FHa         F57        F63B         F67         F75         F78         F82        F82B         F89       G_RSV           G        G_BP        G_RP

  0.0100  1961.   -3.39   3.94  12.33  1.0000  1.0000      27.680      27.680      25.183      22.953      22.783      21.761      18.563      20.411      18.886      18.174      16.994      16.702      15.609      15.738      14.508      15.610      16.943      20.671      15.557
  0.0150  2330.   -2.96   3.99  14.34  0.9550  1.0000      22.468      22.468      20.958      19.352      19.158      18.369      16.784      18.350      17.007      16.283      14.305      14.420      13.267      13.492      12.460      13.490      14.830      18.527      13.486
  0.0200  2531.   -2.62   3.92  17.81  0.8050  1.0000      19.742      19.742      18.059      17.155      17.017      16.380      15.321      16.613      15.488      14.806      12.721      12.926      11.986      12.182      11.333      12.107      13.564      16.731      12.278
  0.0300  2705.   -2.20   3.79  25.36  0.4245  1.0000      17.597      17.597      15.758      15.175      15.096      14.538      13.562      14.662      13.743      13.131      11.190      11.383      10.630      10.796      10.095      10.666      12.177      14.808      10.953
  0.0400  2785.   -1.98   3.75  30.86  0.1485  1.0000      16.671      16.671      14.785      14.270      14.202      13.674      12.722      13.753      12.912      12.331      10.475      10.654       9.966      10.121       9.477       9.980      11.493      13.910      10.296
  0.0500  2841.   -1.85   3.75  34.31  0.0167  1.0000      16.184      16.184      14.281      13.783      13.712      13.204      12.270      13.266      12.463      11.899      10.084      10.259       9.600       9.751       9.134       9.606      11.115      13.427       9.935
  0.0600  2890.   -1.81   3.82  34.80  0.0000  1.0000      15.971      15.971      14.062      13.544      13.455      12.965      12.036      13.002      12.235      11.686       9.915      10.082       9.449       9.597       9.006       9.448      10.954      13.176       9.788
  0.0700  2928.   -1.76   3.86  35.83  0.0000  1.0000      15.751      15.751      13.832      13.303      13.202      12.726      11.809      12.746      12.009      11.473       9.740       9.899       9.289       9.434       8.864       9.280      10.783      12.929       9.630
  0.0720  2934.   -1.75   3.86  36.34  0.0000  1.0000      15.692      15.692      13.771      13.244      13.142      12.668      11.755      12.688      11.955      11.421       9.692       9.850       9.244       9.388       8.821       9.234      10.736      12.871       9.585
  0.0750  2944.   -1.73   3.87  36.81  0.0000  1.0000      15.620      15.620      13.696      13.168      13.065      12.594      11.685      12.611      11.886      11.355       9.635       9.792       9.191       9.334       8.773       9.179      10.680      12.795       9.532
  0.0800  2959.   -1.69   3.87  37.98  0.0000  1.0000      15.482      15.482      13.553      13.028      12.923      12.459      11.558      12.474      11.758      11.232       9.524       9.679       9.086       9.228       8.674       9.072      10.571      12.658       9.428
  0.0900  2992.   -1.64   3.88  39.69  0.0000  1.0000      15.240      15.240      13.301      12.779      12.668      12.216      11.332      12.225      11.533      11.017       9.337       9.485       8.910       9.050       8.513       8.892      10.386      12.412       9.254
  0.1000  3027.   -1.63   3.94  38.90  0.0000  1.0000      15.153      15.153      13.172      12.638      12.515      12.076      11.186      12.042      11.388      10.891       9.276       9.405       8.862       8.997       8.486       8.832      10.319      12.251       9.205
  0.2000  3220.   -1.26   3.97  53.15  0.0000  1.0000      13.811      13.811      11.716      11.162      11.001      10.618       9.735      10.451       9.933       9.507       8.147       8.217       7.793       7.907       7.492       7.735       9.153      10.722       8.122
  0.3000  3379.   -1.02   4.00  63.09  0.0000  1.0000      12.998      12.998      10.903      10.263      10.053       9.700       8.809       9.435       8.999       8.623       7.464       7.494       7.152       7.251       6.899       7.085       8.419       9.761       7.459
  0.4000  3546.   -0.84   4.03  70.57  0.0000  0.9980      12.355      12.355      10.254       9.514       9.251       8.935       8.040       8.570       8.212       7.888       6.933       6.923       6.661       6.743       6.450       6.591       7.816       8.949       6.937
  0.5000  3696.   -0.70   4.05  76.80  0.0000  0.9750      11.817      11.817       9.717       8.897       8.593       8.312       7.420       7.870       7.575       7.293       6.512       6.473       6.276       6.342       6.095       6.208       7.318       8.289       6.516
  0.6000  3830.   -0.57   4.07  82.27  0.0000  0.8340      11.349      11.349       9.258       8.383       8.051       7.798       6.910       7.301       7.049       6.800       6.167       6.111       5.962       6.015       5.804       5.899       6.899       7.745       6.168
  0.7000  3960.   -0.47   4.09  87.18  0.0000  0.5470      10.895      10.895       8.828       7.921       7.572       7.337       6.451       6.803       6.579       6.355       5.862       5.796       5.686       5.728       5.546       5.630       6.518       7.260       5.854
  0.8000  4081.   -0.37   4.10  91.64  0.0000  0.5170      10.430      10.430       8.432       7.581       7.215       7.061       6.043       6.418       6.188       5.962       5.588       5.514       5.428       5.465       5.304       5.380       6.191       6.880       5.566
  0.9000  4198.   -0.28   4.11  95.80  0.0000  0.5670       9.970       9.970       8.040       7.219       6.851       6.720       5.689       6.063       5.839       5.622       5.338       5.266       5.200       5.229       5.087       5.157       5.889       6.518       5.309
  1.0000  4310.   -0.20   4.12 100.27  0.0000  0.6580       9.498       9.498       7.649       6.859       6.500       6.370       5.376       5.740       5.528       5.322       5.100       5.033       4.979       5.003       4.876       4.941       5.607       6.180       5.068
  1.1000  4422.   -0.12   4.12 104.77  0.0000  0.7550       9.023       9.023       7.262       6.512       6.167       6.033       5.095       5.443       5.245       5.051       4.868       4.808       4.762       4.783       4.668       4.729       5.340       5.868       4.836
  1.2000  4531.   -0.03   4.12 110.04  0.0000  0.8420       8.559       8.559       6.879       6.172       5.842       5.701       4.831       5.156       4.974       4.792       4.634       4.580       4.541       4.558       4.455       4.512       5.078       5.565       4.606
  1.3000  4644.    0.05   4.11 115.24  0.0000  0.9040       8.114       8.114       6.513       5.847       5.534       5.384       4.586       4.885       4.718       4.551       4.410       4.360       4.328       4.342       4.250       4.303       4.827       5.279       4.385
  1.4000  4771.    0.14   4.11 120.59  0.0000  0.9440       7.656       7.656       6.138       5.514       5.221       5.058       4.337       4.610       4.459       4.306       4.180       4.135       4.109       4.121       4.039       4.088       4.571       4.988       4.159