#   t (Gyr) =  0.007

    M/MsTeff(K)    L/Ls  lg(g)  R(Gcm       D      Li         F33        F33B         F41        F45B         F47         F51         FHa         F57        F63B         F67         F75         F78         F82        F82B         F89       G_RSV           G        G_BP        G_RP

  0.0100  1811.   -3.58   4.00  11.54  1.0000  1.0000      28.140      28.140      25.258      23.064      22.925      21.840      18.684      20.616      19.063      18.362      17.460      17.156      16.258      16.374      15.280      16.071      17.592      20.827      16.259
  0.0150  2292.   -3.03   4.03  13.66  0.8750  1.0000      23.229      23.229      21.707      19.890      19.685      18.867      17.038      18.667      17.288      16.563      14.685      14.757      13.566      13.793      12.722      13.792      15.114      18.872      13.761
  0.0200  2527.   -2.64   3.94  17.55  0.6350  1.0000      19.827      19.827      18.152      17.226      17.084      16.444      15.381      16.680      15.548      14.865      12.777      12.982      12.035      12.232      11.379      12.158      13.614      16.798      12.327
  0.0300  2702.   -2.25   3.84  24.08  0.1570  1.0000      17.761      17.761      15.928      15.314      15.224      14.665      13.683      14.785      13.865      13.252      11.309      11.502      10.747      10.913      10.212      10.783      12.296      14.937      11.071
  0.0400  2785.   -2.14   3.91  25.67  0.0001  1.0000      17.169      17.169      15.298      14.695      14.590      14.061      13.091      14.118      13.285      12.707      10.863      11.037      10.352      10.508       9.870      10.360      11.880      14.298      10.685
  0.0500  2850.   -2.06   3.96  26.84  0.0000  1.0000      16.781      16.781      14.894      14.286      14.167      13.661      12.698      13.678      12.899      12.344      10.567      10.729      10.086      10.237       9.636      10.080      11.597      13.876      10.425
  0.0600  2905.   -1.99   4.00  28.13  0.0000  1.0000      16.433      16.433      14.534      13.926      13.795      13.308      12.353      13.294      12.559      12.023      10.303      10.454       9.845       9.991       9.421       9.829      11.341      13.506      10.187
  0.0700  2948.   -1.91   4.02  29.72  0.0000  1.0000      16.115      16.115      14.204      13.601      13.465      12.995      12.061      12.973      12.268      11.746      10.062      10.206       9.620       9.763       9.214       9.598      11.104      13.186       9.963
  0.0720  2956.   -1.90   4.02  30.14  0.0000  1.0000      16.047      16.047      14.132      13.533      13.396      12.930      12.001      12.907      12.207      11.688      10.010      10.152       9.571       9.713       9.168       9.548      11.052      13.120       9.914
  0.0750  2967.   -1.87   4.02  30.69  0.0000  1.0000      15.954      15.954      14.036      13.439      13.303      12.840      11.917      12.816      12.124      11.608       9.939      10.079       9.504       9.645       9.107       9.480      10.982      13.029       9.848
  0.0800  2984.   -1.84   4.02  31.68  0.0000  1.0000      15.800      15.800      13.877      13.287      13.150      12.694      11.781      12.668      11.987      11.477       9.822       9.960       9.394       9.533       9.003       9.367      10.867      12.881       9.738
  0.0900  3014.   -1.78   4.03  33.31  0.0000  1.0000      15.564      15.564      13.613      13.034      12.895      12.450      11.545      12.408      11.751      11.253       9.634       9.763       9.216       9.352       8.839       9.184      10.677      12.627       9.560
  0.1000  3041.   -1.76   4.07  33.53  0.0000  1.0000      15.455      15.455      13.458      12.878      12.733      12.299      11.384      12.219      11.591      11.108       9.544       9.657       9.136       9.268       8.775       9.095      10.579      12.454       9.478
  0.2000  3230.   -1.36   4.08  46.90  0.0000  1.0000      14.056      14.056      11.967      11.380      11.204      10.822       9.915      10.621      10.118       9.702       8.384       8.442       8.034       8.146       7.742       7.971       9.379      10.911       8.359
  0.3000  3367.   -1.13   4.10  56.35  0.0000  0.9990      13.268      13.268      11.183      10.529      10.316       9.961       9.051       9.682       9.247       8.872       7.721       7.747       7.406       7.505       7.153       7.337       8.672      10.014       7.713
  0.4000  3525.   -0.95   4.12  63.15  0.0000  0.9720      12.623      12.623      10.538       9.798       9.538       9.217       8.303       8.848       8.484       8.157       7.198       7.187       6.922       7.004       6.708       6.850       8.082       9.227       7.198
  0.5000  3679.   -0.80   4.14  69.12  0.0000  0.7440      12.059      12.059       9.976       9.160       8.859       8.572       7.663       8.127       7.826       7.541       6.756       6.718       6.518       6.584       6.335       6.448       7.565       8.545       6.759
  0.6000  3809.   -0.68   4.16  74.05  0.0000  0.2040      11.602      11.602       9.527       8.659       8.332       8.072       7.170       7.576       7.317       7.063       6.416       6.361       6.207       6.261       6.046       6.143       7.157       8.017       6.417
  0.7000  3933.   -0.57   4.18  78.41  0.0000  0.1860      11.170      11.170       9.115       8.213       7.868       7.627       6.728       7.094       6.864       6.634       6.120       6.055       5.938       5.982       5.796       5.880       6.789       7.549       6.113
  0.8000  4057.   -0.47   4.19  82.79  0.0000  0.2540      10.707      10.707       8.705       7.839       7.477       7.301       6.316       6.687       6.459       6.234       5.834       5.762       5.672       5.709       5.545       5.622       6.449       7.147       5.816
  0.9000  4185.   -0.38   4.20  86.67  0.0000  0.3510      10.223      10.223       8.295       7.470       7.102       6.972       5.933       6.311       6.085       5.866       5.569       5.496       5.427       5.458       5.313       5.384       6.129       6.767       5.541
  1.0000  4316.   -0.28   4.20  91.28  0.0000  0.5020       9.681       9.681       7.842       7.051       6.692       6.564       5.569       5.934       5.722       5.516       5.293       5.227       5.173       5.198       5.071       5.136       5.800       6.373       5.262
  1.1000  4454.   -0.18   4.20  95.75  0.0000  0.6600       9.115       9.115       7.381       6.641       6.297       6.166       5.243       5.585       5.391       5.200       5.024       4.965       4.922       4.942       4.830       4.890       5.489       6.006       4.994
  1.2000  4599.   -0.08   4.19 100.90  0.0000  0.7960       8.542       8.542       6.913       6.227       5.903       5.763       4.930       5.241       5.067       4.894       4.747       4.695       4.660       4.676       4.579       4.634       5.175       5.642       4.720
  1.3000  4758.    0.03   4.18 106.85  0.0000  0.8860       7.958       7.958       6.433       5.802       5.505       5.347       4.614       4.891       4.737       4.582       4.455       4.409       4.382       4.395       4.312       4.362       4.849       5.271       4.434
  1.4000  4948.    0.15   4.16 113.65  0.0000  0.9380       7.324       7.324       5.915       5.344       5.074       4.899       4.272       4.512       4.380       4.244       4.136       4.097       4.077       4.087       4.020       4.064       4.494       4.868       4.120