#   t (Gyr) =  0.002

    M/MsTeff(K)    L/Ls  lg(g)  R(Gcm       D      Li         F33        F33B         F41        F45B         F47         F51         FHa         F57        F63B         F67         F75         F78         F82        F82B         F89       G_RSV           G        G_BP        G_RP

  0.0100  2236.   -2.96   3.75  15.44  1.0000  1.0000      23.069      23.069      21.517      19.910      19.757      18.901      17.060      18.712      17.309      16.580      14.719      14.747      13.546      13.772      12.668      13.814      15.082      18.898      13.719
  0.0150  2452.   -2.65   3.77  18.40  1.0000  1.0000      20.198      20.198      18.560      17.631      17.519      16.836      15.664      17.045      15.840      15.139      13.054      13.237      12.228      12.433      11.515      12.397      13.802      17.156      12.494
  0.0200  2571.   -2.46   3.78  20.93  1.0000  1.0000      18.920      18.920      17.173      16.462      16.371      15.757      14.737      15.975      14.903      14.237      12.176      12.380      11.496      11.682      10.871      11.595      13.067      16.086      11.796
  0.0300  2707.   -2.14   3.73  27.12  0.9250  1.0000      17.394      17.394      15.546      15.002      14.937      14.381      13.411      14.510      13.592      12.980      11.039      11.232      10.481      10.647       9.946      10.520      12.028      14.648      10.804
  0.0400  2784.   -1.90   3.67  33.72  0.7800  1.0000      16.439      16.439      14.545      14.073      14.022      13.495      12.550      13.585      12.738      12.155      10.293      10.475       9.783       9.939       9.291       9.802      11.310      13.731      10.113
  0.0500  2829.   -1.72   3.61  40.29  0.6800  1.0000      15.814      15.814      13.901      13.474      13.434      12.924      12.002      13.012      12.192      11.620       9.782       9.964       9.293       9.445       8.816       9.308      10.811      13.151       9.625
  0.0600  2867.   -1.58   3.57  46.40  0.5600  1.0000      15.335      15.335      13.410      13.016      12.984      12.489      11.592      12.586      11.781      11.215       9.386       9.571       8.910       9.061       8.443       8.927      10.424      12.713       9.245
  0.0700  2902.   -1.45   3.53  52.13  0.4465  1.0000      14.935      14.935      13.001      12.633      12.606      12.124      11.250      12.230      11.438      10.878       9.055       9.244       8.591       8.740       8.132       8.609      10.100      12.348       8.927
  0.0720  2907.   -1.43   3.53  53.36  0.4440  1.0000      14.863      14.863      12.926      12.562      12.536      12.056      11.186      12.163      11.374      10.814       8.993       9.181       8.530       8.680       8.073       8.548      10.039      12.280       8.867
  0.0750  2914.   -1.40   3.52  55.10  0.4240  1.0000      14.763      14.763      12.823      12.463      12.438      11.961      11.096      12.070      11.283      10.725       8.907       9.095       8.446       8.595       7.991       8.464       9.954      12.185       8.783
  0.0800  2924.   -1.35   3.50  58.05  0.4035  1.0000      14.605      14.605      12.659      12.307      12.284      11.810      10.953      11.922      11.140      10.584       8.769       8.958       8.312       8.461       7.860       8.330       9.818      12.034       8.650
  0.0900  2934.   -1.26   3.47  63.42  0.3230  1.0000      14.374      14.374      12.421      12.078      12.059      11.589      10.741      11.707      10.927      10.371       8.558       8.748       8.104       8.252       7.653       8.122       9.608      11.813       8.441
  0.1000  2972.   -1.26   3.53  62.41  0.0297  1.0000      14.268      14.268      12.305      11.934      11.895      11.437      10.600      11.535      10.787      10.246       8.474       8.654       8.035       8.180       7.606       8.044       9.530      11.655       8.376
  0.2000  3202.   -0.96   3.67  75.56  0.0000  1.0000      13.130      13.130      11.006      10.539      10.419      10.031       9.212       9.957       9.395       8.944       7.474       7.577       7.111       7.232       6.787       7.070       8.507      10.175       7.448
  0.3000  3428.   -0.72   3.72  86.84  0.0000  1.0000      12.272      12.272      10.130       9.508       9.301       8.960       8.130       8.736       8.298       7.921       6.739       6.781       6.433       6.532       6.180       6.374       7.702       9.043       6.742
  0.4000  3606.   -0.55   3.76  95.62  0.0000  1.0000      11.666      11.666       9.504       8.727       8.446       8.144       7.277       7.762       7.425       7.114       6.214       6.193       5.956       6.031       5.754       5.886       7.075       8.155       6.220
  0.5000  3763.   -0.41   3.79 103.55  0.0000  1.0000      11.099      11.099       8.948       8.090       7.768       7.503       6.646       7.042       6.773       6.509       5.793       5.744       5.572       5.631       5.401       5.506       6.565       7.476       5.797
  0.6000  3906.   -0.29   3.82 109.60  0.0000  1.0000      10.602      10.602       8.477       7.569       7.222       6.979       6.116       6.459       6.231       6.001       5.457       5.392       5.271       5.316       5.123       5.210       6.139       6.917       5.452
  0.7000  4033.   -0.18   3.84 116.38  0.0000  0.9990      10.098      10.098       8.031       7.140       6.782       6.578       5.657       5.999       5.781       5.562       5.148       5.077       4.986       5.022       4.854       4.932       5.764       6.462       5.132
  0.8000  4153.   -0.09   3.85 122.64  0.0000  0.9960       9.590       9.590       7.612       6.784       6.420       6.276       5.247       5.620       5.393       5.173       4.870       4.796       4.726       4.756       4.607       4.678       5.433       6.079       4.840
  0.9000  4259.   -0.00   3.86 128.60  0.0000  0.9860       9.128       9.128       7.226       6.428       6.072       5.927       4.927       5.293       5.077       4.867       4.629       4.560       4.503       4.528       4.394       4.460       5.148       5.739       4.596
  1.0000  4350.    0.07   3.87 134.50  0.0000  0.9730       8.720       8.720       6.889       6.121       5.774       5.629       4.667       5.023       4.818       4.618       4.418       4.353       4.305       4.326       4.202       4.265       4.906       5.457       4.384
  1.1000  4432.    0.14   3.87 139.92  0.0000  0.9690       8.359       8.359       6.592       5.854       5.518       5.369       4.453       4.794       4.600       4.409       4.233       4.172       4.130       4.149       4.034       4.093       4.697       5.217       4.201
  1.2000  4508.    0.20   3.88 145.37  0.0000  0.9720       8.024       8.024       6.316       5.608       5.283       5.129       4.260       4.585       4.402       4.220       4.060       4.004       3.966       3.983       3.876       3.933       4.506       4.997       4.030
  1.3000  4581.    0.26   3.88 150.71  0.0000  0.9770       7.717       7.717       6.062       5.381       5.067       4.907       4.085       4.394       4.221       4.048       3.900       3.847       3.813       3.827       3.728       3.782       4.328       4.796       3.872
  1.4000  4653.    0.32   3.88 155.74  0.0000  0.9830       7.433       7.433       5.828       5.172       4.868       4.702       3.924       4.218       4.055       3.890       3.751       3.701       3.670       3.684       3.591       3.643       4.164       4.611       3.726