#   t (Gyr) =  0.150

    M/MsTeff(K)    L/Ls  lg(g)  R(Gcm       D      Li         F33        F33B         F41        F45B         F47         F51         FHa         F57        F63B         F67         F75         F78         F82        F82B         F89       G_RSV           G        G_BP        G_RP

  0.0300  1604.   -4.09   4.77   8.21  0.0000  1.0000      29.065      29.065      26.095      24.050      23.867      22.927      19.463      22.311      19.886      19.112      18.447      18.302      17.358      17.489      16.574      16.883      18.751      22.025      17.471
  0.0400  2112.   -3.59   4.88   8.40  0.0000  1.0000      27.692      27.692      24.982      22.776      22.528      21.684      18.398      20.618      18.803      18.060      16.951      16.780      15.520      15.677      14.480      15.406      16.901      20.662      15.522
  0.0500  2393.   -3.33   4.93   8.81  0.0000  0.9940      24.953      24.953      22.964      20.774      20.418      19.848      17.312      19.081      17.646      16.924      15.212      15.288      14.046      14.284      13.260      14.098      15.618      19.321      14.275
  0.0600  2578.   -3.16   4.96   9.30  0.0000  0.7630      22.626      22.626      20.946      19.199      18.806      18.411      16.413      17.888      16.685      15.995      14.053      14.232      13.208      13.430      12.585      13.237      14.818      18.187      13.525
  0.0700  2710.   -3.02   4.98   9.82  0.0000  0.0137      21.067      21.067      19.326      17.702      17.398      16.814      15.558      16.745      15.799      15.180      13.272      13.469      12.637      12.826      12.119      12.626      14.217      17.021      12.981
  0.0720  2734.   -3.00   4.99   9.93  0.0000  0.0011      20.809      20.809      19.053      17.489      17.186      16.615      15.372      16.525      15.616      15.011      13.141      13.328      12.532      12.715      12.033      12.511      14.101      16.809      12.878
  0.0750  2766.   -2.97   4.99  10.07  0.0000  0.0000      20.464      20.464      18.687      17.202      16.899      16.346      15.122      16.230      15.370      14.784      12.967      13.138      12.392      12.566      11.919      12.359      13.947      16.525      12.740
  0.0800  2816.   -2.91   5.00  10.35  0.0000  0.0000      19.979      19.979      18.185      16.825      16.515      16.018      14.762      15.822      15.017      14.455      12.710      12.857      12.173      12.338      11.736      12.126      13.712      16.136      12.526
  0.0900  2896.   -2.82   5.00  10.89  0.0000  0.0000      19.478      19.478      17.701      16.536      16.180      15.872      14.332      15.406      14.610      14.055      12.388      12.499      11.867      12.028      11.463      11.810      13.398      15.756      12.225
  0.1000  2958.   -2.74   5.00  11.46  0.0000  0.0000      18.958      18.958      17.175      16.080      15.726      15.445      13.946      14.971      14.227      13.694      12.093      12.186      11.602      11.755      11.224      11.539      13.109      15.324      11.959
  0.2000  3268.   -2.24   4.98  16.65  0.0000  0.0000      16.363      16.363      14.292      13.451      13.178      12.819      11.741      12.422      11.989      11.617      10.501      10.497      10.161      10.261       9.903      10.070      11.433      12.808      10.466
  0.3000  3413.   -1.95   4.94  21.32  0.0000  0.0000      15.275      15.275      13.257      12.421      12.140      11.799      10.740      11.353      10.977      10.641       9.693       9.664       9.395       9.480       9.170       9.307      10.572      11.760       9.672
  0.4000  3540.   -1.71   4.89  26.21  0.0000  0.0000      14.413      14.413      12.420      11.579      11.286      10.966       9.930      10.486      10.151       9.845       9.022       8.979       8.757       8.830       8.558       8.675       9.852      10.908       9.009
  0.5000  3730.   -1.43   4.80  32.27  0.0000  0.0000      13.433      13.433      11.459      10.589      10.273       9.986       8.982       9.457       9.176       8.908       8.267       8.208       8.047       8.104       7.881       7.977       9.013       9.901       8.257
  0.6000  3987.   -1.17   4.74  38.22  0.0000  0.0000      12.457      12.457      10.511       9.613       9.269       9.025       8.070       8.464       8.232       8.004       7.560       7.494       7.391       7.431       7.258       7.336       8.198       8.920       7.548
  0.7000  4394.   -0.88   4.68  44.06  0.0000  0.0000      11.013      11.013       9.257       8.477       8.115       8.005       7.016       7.380       7.172       6.971       6.767       6.705       6.653       6.678       6.561       6.624       7.260       7.812       6.737
  0.8000  4825.   -0.61   4.63  49.80  0.0000  0.0044       9.454       9.454       7.983       7.355       7.050       6.916       6.190       6.461       6.311       6.160       6.039       5.997       5.970       5.984       5.908       5.957       6.425       6.835       6.020
  0.9000  5207.   -0.37   4.58  56.31  0.0000  0.0820       8.251       8.251       6.995       6.482       6.232       6.066       5.537       5.740       5.630       5.513       5.427       5.397       5.382       5.392       5.346       5.385       5.743       6.066       5.419
  1.0000  5561.   -0.15   4.52  63.54  0.0000  0.3070       7.270       7.270       6.175       5.752       5.542       5.377       4.975       5.128       5.045       4.954       4.892       4.873       4.863       4.872       4.851       4.880       5.153       5.413       4.892
  1.1000  5892.    0.05   4.45  71.68  0.0000  0.5740       6.454       6.454       5.458       5.105       4.922       4.775       4.462       4.577       4.514       4.444       4.402       4.391       4.387       4.395       4.393       4.415       4.616       4.826       4.408
  1.2000  6174.    0.24   4.38  81.04  0.0000  0.7700       5.793       5.793       4.844       4.543       4.382       4.255       4.009       4.091       4.045       3.991       3.964       3.960       3.962       3.967       3.981       3.997       4.139       4.311       3.976
  1.3000  6456.    0.41   4.33  90.30  0.0000  0.8800       5.231       5.231       4.291       4.032       3.889       3.783       3.601       3.651       3.620       3.584       3.572       3.574       3.582       3.585       3.611       3.623       3.707       3.842       3.587
  1.4000  6767.    0.57   4.29  98.12  0.0000  0.9380       4.753       4.753       3.794       3.572       3.441       3.360       3.245       3.260       3.246       3.228       3.232       3.241       3.258       3.257       3.297       3.305       3.324       3.422       3.253