#   t (Gyr) =  0.070

    M/MsTeff(K)    L/Ls  lg(g)  R(Gcm       D      Li         F33        F33B         F41        F45B         F47         F51         FHa         F57        F63B         F67         F75         F78         F82        F82B         F89       G_RSV           G        G_BP        G_RP

  0.0150  1445.   -4.14   4.34   9.50  0.0001  1.0000      29.272      29.272      26.317      24.407      23.993      23.709      19.940      23.290      20.299      19.498      19.090      18.829      17.479      17.563      16.468      16.844      18.821      22.819      17.483
  0.0200  1542.   -4.07   4.51   9.10  0.0000  1.0000      29.081      29.081      26.107      24.038      23.872      22.892      19.387      22.220      19.806      19.032      18.350      18.197      17.265      17.392      16.476      16.786      18.656      21.947      17.374
  0.0300  2121.   -3.50   4.66   9.30  0.0000  1.0000      27.442      27.442      24.877      22.612      22.391      21.482      18.330      20.373      18.688      17.953      16.705      16.541      15.290      15.448      14.239      15.242      16.679      20.518      15.294
  0.0400  2426.   -3.20   4.73   9.98  0.0000  1.0000      23.791      23.791      22.034      20.086      19.732      19.203      16.934      18.587      17.204      16.485      14.642      14.792      13.630      13.847      12.855      13.705      15.195      18.844      13.863
  0.0500  2616.   -3.00   4.76  10.77  0.0000  1.0000      21.489      21.489      19.827      18.365      18.017      17.606      15.872      17.255      16.092      15.414      13.448      13.670      12.741      12.933      12.132      12.762      14.324      17.534      13.050
  0.0600  2737.   -2.87   4.78  11.51  0.0000  0.9930      20.121      20.121      18.351      17.027      16.747      16.216      14.979      16.111      15.205      14.603      12.749      12.937      12.177      12.349      11.680      12.158      13.732      16.385      12.515
  0.0700  2845.   -2.74   4.79  12.30  0.0000  0.9310      19.255      19.255      17.452      16.328      16.033      15.609      14.275      15.334      14.517      13.953      12.242      12.389      11.738      11.892      11.300      11.691      13.260      15.645      12.081
  0.0720  2862.   -2.72   4.79  12.48  0.0000  0.9050      19.128      19.128      17.323      16.220      15.923      15.512      14.177      15.224      14.424      13.866      12.168      12.307      11.666      11.821      11.238      11.619      13.186      15.538      12.012
  0.0750  2884.   -2.69   4.79  12.73  0.0000  0.8450      18.953      18.953      17.147      16.072      15.773      15.378      14.042      15.072      14.295      13.746      12.066      12.193      11.567      11.722      11.153      11.519      13.085      15.389      11.917
  0.0800  2917.   -2.64   4.79  13.13  0.0000  0.6850      18.684      18.684      16.873      15.836      15.535      15.160      13.835      14.839      14.092      13.556      11.907      12.021      11.418      11.571      11.020      11.366      12.927      15.159      11.770
  0.0900  2973.   -2.56   4.79  13.89  0.0000  0.2000      18.215      18.215      16.393      15.409      15.111      14.756      13.471      14.430      13.729      13.214      11.624      11.723      11.161      11.307      10.787      11.102      12.648      14.752      11.512
  0.1000  3019.   -2.49   4.80  14.58  0.0000  0.0034      17.820      17.820      15.934      15.008      14.722      14.369      13.141      14.046      13.397      12.906      11.386      11.468      10.945      11.084      10.594      10.880      12.404      14.373      11.293
  0.2000  3277.   -2.04   4.79  20.84  0.0000  0.0000      15.777      15.777      13.713      12.923      12.667      12.305      11.262      11.936      11.500      11.126       9.999      10.002       9.664       9.764       9.405       9.578      10.936      12.309       9.969
  0.3000  3406.   -1.79   4.78  25.82  0.0000  0.0000      14.857      14.857      12.829      12.027      11.757      11.414      10.381      10.994      10.611      10.270       9.293       9.272       8.993       9.080       8.765       8.908      10.183      11.390       9.274
  0.4000  3518.   -1.58   4.76  30.54  0.0000  0.0000      14.145      14.145      12.139      11.321      11.037      10.712       9.693      10.255       9.910       9.596       8.734       8.699       8.463       8.540       8.259       8.383       9.581      10.668       8.723
  0.5000  3649.   -1.39   4.72  35.66  0.0000  0.0000      13.439      13.439      11.444      10.599      10.295       9.995       8.994       9.497       9.193       8.909       8.180       8.129       7.941       8.005       7.761       7.866       8.968       9.928       8.172
  0.6000  3966.   -1.11   4.66  41.59  0.0000  0.0000      12.342      12.342      10.381       9.484       9.142       8.896       7.946       8.341       8.107       7.876       7.411       7.345       7.236       7.278       7.101       7.181       8.060       8.796       7.399
  0.7000  4555.   -0.77   4.63  46.42  0.0000  0.0000      10.390      10.390       8.743       8.022       7.678       7.564       6.671       7.001       6.816       6.634       6.474       6.420       6.380       6.400       6.300       6.357       6.920       7.411       6.447
  0.8000  4835.   -0.61   4.64  49.34  0.0000  0.0048       9.447       9.447       7.982       7.357       7.054       6.919       6.198       6.467       6.319       6.168       6.049       6.007       5.981       5.994       5.919       5.968       6.433       6.840       6.030
  0.9000  5213.   -0.37   4.58  55.99  0.0000  0.0825       8.251       8.251       6.999       6.486       6.237       6.072       5.545       5.746       5.637       5.521       5.435       5.405       5.390       5.400       5.354       5.393       5.750       6.072       5.427
  1.0000  5532.   -0.17   4.52  63.16  0.0000  0.3070       7.335       7.335       6.230       5.800       5.587       5.421       5.011       5.168       5.083       4.990       4.926       4.906       4.896       4.905       4.881       4.912       5.191       5.456       4.926
  1.1000  5858.    0.04   4.46  71.32  0.0000  0.5740       6.518       6.518       5.513       5.154       4.969       4.820       4.498       4.617       4.552       4.480       4.435       4.424       4.419       4.427       4.423       4.446       4.654       4.869       4.441
  1.2000  6159.    0.23   4.39  80.80  0.0000  0.7700       5.818       5.818       4.867       4.564       4.402       4.274       4.025       4.109       4.062       4.007       3.979       3.975       3.977       3.982       3.994       4.011       4.156       4.330       3.990
  1.3000  6448.    0.41   4.33  89.99  0.0000  0.8800       5.247       5.247       4.307       4.047       3.903       3.797       3.613       3.664       3.633       3.596       3.584       3.585       3.594       3.596       3.623       3.634       3.720       3.856       3.599
  1.4000  6765.    0.56   4.29  97.53  0.0000  0.9380       4.768       4.768       3.810       3.588       3.457       3.375       3.260       3.275       3.261       3.242       3.247       3.256       3.272       3.272       3.311       3.320       3.339       3.438       3.268
