#   t (Gyr) =  0.006

    M/MsTeff(K)    L/Ls  lg(g)  R(Gcm       D      Li         F33        F33B         F41        F45B         F47         F51         FHa         F57        F63B         F67         F75         F78         F82        F82B         F89       G_RSV           G        G_BP        G_RP

  0.0100  1869.   -3.50   3.97  11.89  1.0000  1.0000      28.022      28.022      25.300      23.048      22.918      21.814      18.736      20.560      19.091      18.396      17.371      17.052      16.090      16.217      15.070      16.000      17.431      20.829      16.076
  0.0150  2310.   -2.99   4.01  13.95  0.9200  1.0000      22.903      22.903      21.395      19.666      19.467      18.656      16.934      18.533      17.173      16.449      14.527      14.618      13.445      13.671      12.617      13.669      14.999      18.730      13.650
  0.0200  2529.   -2.63   3.93  17.67  0.7150  1.0000      19.786      19.786      18.107      17.192      17.052      16.413      15.352      16.648      15.519      14.837      12.750      12.955      12.012      12.208      11.357      12.133      13.590      16.766      12.304
  0.0300  2704.   -2.22   3.81  24.79  0.2765  1.0000      17.669      17.669      15.832      15.236      15.152      14.593      13.615      14.716      13.797      13.184      11.242      11.435      10.682      10.847      10.147      10.718      12.229      14.864      11.005
  0.0400  2785.   -2.04   3.81  28.77  0.0255  1.0000      16.860      16.860      14.979      14.431      14.349      13.821      12.862      13.891      13.053      12.473      10.622      10.800      10.112      10.268       9.626      10.124      11.640      14.057      10.444
  0.0500  2847.   -1.97   3.87  29.82  0.0000  1.0000      16.522      16.522      14.627      14.067      13.968      13.462      12.512      13.498      12.710      12.151      10.357      10.525       9.876      10.026       9.419       9.875      11.388      13.680      10.212
  0.0600  2901.   -1.91   3.92  30.78  0.0000  1.0000      16.230      16.230      14.326      13.757      13.644      13.156      12.212      13.162      12.415      11.874      10.134      10.291       9.674       9.820       9.242       9.663      11.173      13.358      10.014
  0.0700  2942.   -1.85   3.95  32.19  0.0000  1.0000      15.946      15.946      14.031      13.461      13.339      12.867      11.942      12.863      12.146      11.619       9.916      10.066       9.472       9.615       9.059       9.455      10.959      13.063       9.814
  0.0720  2948.   -1.83   3.95  32.65  0.0000  1.0000      15.883      15.883      13.965      13.397      13.275      12.806      11.885      12.801      12.089      11.564       9.867      10.015       9.425       9.567       9.015       9.407      10.910      13.002       9.767
  0.0750  2959.   -1.81   3.95  33.26  0.0000  1.0000      15.795      15.795      13.874      13.309      13.186      12.721      11.805      12.714      12.009      11.488       9.798       9.945       9.360       9.502       8.955       9.341      10.843      12.915       9.703
  0.0800  2974.   -1.77   3.95  34.33  0.0000  1.0000      15.652      15.652      13.726      13.165      13.042      12.582      11.676      12.574      11.879      11.363       9.686       9.830       9.254       9.394       8.855       9.233      10.732      12.775       9.597
  0.0900  3006.   -1.72   3.97  35.88  0.0000  1.0000      15.412      15.412      13.468      12.914      12.786      12.339      11.446      12.320      11.649      11.144       9.500       9.637       9.080       9.217       8.695       9.053      10.547      12.525       9.424
  0.1000  3039.   -1.70   4.01  35.92  0.0000  1.0000      15.293      15.293      13.298      12.743      12.607      12.172      11.270      12.109      11.474      10.987       9.407       9.526       8.998       9.131       8.633       8.961      10.445      12.335       9.340
  0.2000  3227.   -1.31   4.03  49.52  0.0000  1.0000      13.944      13.944      11.853      11.280      11.110      10.728       9.831      10.540      10.032       9.612       8.278       8.340       7.926       8.039       7.631       7.865       9.277      10.823       8.253
  0.3000  3371.   -1.08   4.06  59.15  0.0000  1.0000      13.154      13.154      11.065      10.417      10.206       9.851       8.949       9.579       9.143       8.767       7.612       7.640       7.298       7.397       7.045       7.230       8.565       9.908       7.605
  0.4000  3534.   -0.90   4.08  66.22  0.0000  0.9910      12.508      12.508      10.416       9.676       9.415       9.096       8.190       8.729       8.368       8.041       7.084       7.074       6.810       6.892       6.597       6.739       7.968       9.108       7.086
  0.5000  3688.   -0.75   4.10  72.61  0.0000  0.9110      11.943      11.943       9.852       9.033       8.731       8.447       7.546       8.002       7.705       7.422       6.640       6.601       6.403       6.469       6.221       6.334       7.447       8.421       6.643
  0.6000  3819.   -0.63   4.12  77.73  0.0000  0.5130      11.483      11.483       9.401       8.530       8.201       7.944       7.049       7.448       7.191       6.940       6.300       6.245       6.093       6.147       5.933       6.030       7.036       7.890       6.301
  0.7000  3945.   -0.52   4.14  82.26  0.0000  0.3150      11.046      11.046       8.986       8.081       7.734       7.496       6.603       6.963       6.735       6.508       6.003       5.938       5.824       5.867       5.683       5.767       6.667       7.419       5.996
  0.8000  4067.   -0.43   4.15  86.40  0.0000  0.3570      10.591      10.591       8.591       7.731       7.367       7.201       6.202       6.574       6.345       6.120       5.731       5.658       5.570       5.607       5.444       5.520       6.340       7.035       5.711
  0.9000  4190.   -0.33   4.16  90.97  0.0000  0.4530      10.105      10.105       8.175       7.352       6.984       6.853       5.818       6.194       5.969       5.751       5.459       5.387       5.319       5.349       5.205       5.276       6.015       6.650       5.431
  1.0000  4310.   -0.24   4.16  95.27  0.0000  0.5720       9.608       9.608       7.762       6.971       6.611       6.482       5.486       5.851       5.639       5.432       5.209       5.142       5.088       5.113       4.985       5.050       5.717       6.291       5.177
  1.1000  4434.   -0.15   4.17  99.71  0.0000  0.7010       9.091       9.091       7.341       6.594       6.249       6.117       5.184       5.530       5.334       5.141       4.960       4.900       4.856       4.876       4.762       4.823       5.430       5.953       4.929
  1.2000  4561.   -0.06   4.16 104.66  0.0000  0.8140       8.577       8.577       6.920       6.222       5.895       5.755       4.901       5.219       5.041       4.863       4.710       4.656       4.619       4.636       4.535       4.591       5.146       5.625       4.682
  1.3000  4695.    0.03   4.15 110.20  0.0000  0.8920       8.062       8.062       6.497       5.847       5.541       5.388       4.619       4.908       4.748       4.586       4.452       4.404       4.374       4.388       4.300       4.351       4.858       5.296       4.428
  1.4000  4849.    0.14   4.14 116.27  0.0000  0.9400       7.529       7.529       6.060       5.459       5.176       5.008       4.329       4.588       4.445       4.299       4.181       4.139       4.117       4.128       4.052       4.099       4.558       4.956       4.164