#   t (Gyr) =  0.004

    M/MsTeff(K)    L/Ls  lg(g)  R(Gcm       D      Li         F33        F33B         F41        F45B         F47         F51         FHa         F57        F63B         F67         F75         F78         F82        F82B         F89       G_RSV           G        G_BP        G_RP

  0.0100  2053.   -3.27   3.90  12.92  1.0000  1.0000      26.572      26.572      24.426      22.140      21.991      20.955      18.168      20.021      18.492      17.768      16.393      16.165      14.954      15.141      13.930      15.090      16.379      20.247      14.991
  0.0150  2362.   -2.89   3.94  15.05  0.9800  1.0000      21.850      21.850      20.319      18.901      18.720      17.965      16.537      18.055      16.741      16.019      13.981      14.127      13.005      13.228      12.226      13.221      14.577      18.208      13.241
  0.0200  2535.   -2.61   3.91  18.02  0.8800  1.0000      19.677      19.677      17.989      17.100      16.966      16.331      15.274      16.562      15.441      14.761      12.679      12.883      11.948      12.144      11.298      12.067      13.526      16.680      12.241
  0.0300  2705.   -2.19   3.78  25.78  0.5700  1.0000      17.547      17.547      15.706      15.132      15.057      14.499      13.524      14.624      13.706      13.093      11.153      11.345      10.593      10.759      10.058      10.630      12.140      14.768      10.916
  0.0400  2785.   -1.95   3.71  32.08  0.3230  1.0000      16.568      16.568      14.678      14.183      14.122      13.594      12.645      13.678      12.835      12.253      10.394      10.575       9.885      10.041       9.395       9.901      11.412      13.830      10.216
  0.0500  2834.   -1.78   3.67  37.47  0.1690  1.0000      15.982      15.982      14.073      13.614      13.560      13.051      12.124      13.128      12.316      11.747       9.919      10.098       9.432       9.584       8.960       9.443      10.949      13.276       9.765
  0.0600  2875.   -1.68   3.68  40.82  0.0330  1.0000      15.631      15.631      13.714      13.264      13.207      12.713      11.802      12.785      11.995      11.435       9.629       9.807       9.157       9.307       8.699       9.166      10.667      12.932       9.493
  0.0700  2914.   -1.64   3.73  41.74  0.0002  1.0000      15.436      15.436      13.511      13.046      12.974      12.495      11.593      12.550      11.789      11.242       9.470       9.641       9.012       9.159       8.572       9.014      10.513      12.707       9.351
  0.0720  2921.   -1.63   3.73  42.18  0.0001  1.0000      15.386      15.386      13.460      12.993      12.921      12.443      11.545      12.497      11.740      11.195       9.428       9.599       8.973       9.120       8.536       8.975      10.473      12.654       9.313
  0.0750  2931.   -1.61   3.74  42.50  0.0000  1.0000      15.330      15.330      13.401      12.930      12.854      12.380      11.485      12.430      11.681      11.139       9.382       9.551       8.931       9.077       8.499       8.931      10.428      12.589       9.271
  0.0800  2946.   -1.58   3.74  43.86  0.0000  1.0000      15.196      15.196      13.261      12.792      12.714      12.246      11.359      12.294      11.555      11.018       9.272       9.439       8.827       8.972       8.401       8.824      10.320      12.454       9.168
  0.0900  2976.   -1.53   3.76  45.38  0.0000  1.0000      14.993      14.993      13.049      12.575      12.489      12.032      11.158      12.071      11.355      10.828       9.110       9.270       8.676       8.818       8.265       8.668      10.161      12.236       9.019
  0.1000  3013.   -1.55   3.85  43.06  0.0000  1.0000      14.972      14.972      13.006      12.502      12.395      11.951      11.077      11.953      11.276      10.767       9.108       9.251       8.688       8.826       8.299       8.667      10.156      12.140       9.032
  0.2000  3206.   -1.19   3.90  57.68  0.0000  1.0000      13.682      13.682      11.580      11.051      10.902      10.516       9.648      10.376       9.843       9.408       8.010       8.090       7.652       7.769       7.343       7.598       9.026      10.633       7.984
  0.3000  3389.   -0.95   3.93  67.99  0.0000  1.0000      12.827      12.827      10.723      10.091       9.884       9.534       8.660       9.283       8.845       8.468       7.297       7.331       6.985       7.085       6.732       6.921       8.256       9.602       7.294
  0.4000  3560.   -0.78   3.97  75.61  0.0000  1.0000      12.193      12.193      10.080       9.334       9.067       8.755       7.868       8.389       8.035       7.713       6.768       6.757       6.499       6.580       6.290       6.430       7.647       8.770       6.773
  0.5000  3704.   -0.63   3.99  82.32  0.0000  0.9950      11.668      11.668       9.557       8.736       8.430       8.152       7.270       7.713       7.420       7.140       6.358       6.319       6.123       6.188       5.942       6.055       7.164       8.132       6.363
  0.6000  3842.   -0.51   4.01  88.28  0.0000  0.9660      11.186      11.186       9.084       8.205       7.870       7.621       6.742       7.124       6.875       6.629       6.004       5.947       5.802       5.853       5.644       5.739       6.730       7.568       6.005
  0.7000  3976.   -0.40   4.03  93.55  0.0000  0.8360      10.714      10.714       8.640       7.730       7.377       7.146       6.269       6.612       6.392       6.171       5.692       5.626       5.520       5.560       5.381       5.464       6.340       7.069       5.684
  0.8000  4096.   -0.30   4.04  98.25  0.0000  0.7120      10.241      10.241       8.246       7.405       7.037       6.896       5.857       6.235       6.003       5.776       5.420       5.344       5.263       5.298       5.140       5.215       6.015       6.698       5.395
  0.9000  4212.   -0.22   4.05 102.74  0.0000  0.7180       9.774       9.774       7.849       7.032       6.667       6.534       5.511       5.881       5.660       5.445       5.171       5.100       5.036       5.065       4.924       4.993       5.715       6.335       5.141
  1.0000  4315.   -0.14   4.06 107.10  0.0000  0.7610       9.334       9.334       7.487       6.700       6.344       6.211       5.223       5.585       5.374       5.169       4.951       4.885       4.832       4.856       4.728       4.793       5.455       6.024       4.919
  1.1000  4417.   -0.06   4.06 112.28  0.0000  0.8260       8.887       8.887       7.119       6.370       6.026       5.889       4.952       5.300       5.102       4.908       4.725       4.664       4.619       4.639       4.523       4.584       5.197       5.725       4.693
  1.2000  4513.    0.02   4.06 117.08  0.0000  0.8790       8.478       8.478       6.783       6.072       5.741       5.599       4.721       5.048       4.864       4.681       4.521       4.465       4.426       4.444       4.338       4.396       4.968       5.460       4.491
  1.3000  4609.    0.09   4.06 122.08  0.0000  0.9220       8.090       8.090       6.464       5.787       5.471       5.321       4.504       4.810       4.639       4.468       4.323       4.272       4.238       4.253       4.157       4.211       4.747       5.209       4.297
  1.4000  4710.    0.16   4.06 127.35  0.0000  0.9520       7.702       7.702       6.143       5.502       5.202       5.041       4.288       4.572       4.415       4.256       4.123       4.076       4.047       4.060       3.973       4.024       4.526       4.957       4.101