#   t (Gyr) =  0.010

    M/MsTeff(K)    L/Ls  lg(g)  R(Gcm       D      Li         F33        F33B         F41        F45B         F47         F51         FHa         F57        F63B         F67         F75         F78         F82        F82B         F89       G_RSV           G        G_BP        G_RP

  0.0100  1570.   -3.87   4.04  10.96  1.0000  1.0000      28.888      28.888      25.921      23.793      23.703      22.543      19.147      21.449      19.536      18.800      17.977      17.776      17.010      17.118      16.233      16.593      18.385      21.482      17.113
  0.0150  2261.   -3.08   4.05  13.26  0.7250  1.0000      23.707      23.707      22.133      20.167      19.963      19.116      17.192      18.860      17.456      16.730      14.911      14.952      13.730      13.961      12.868      13.963      15.273      19.063      13.914
  0.0200  2519.   -2.67   3.96  17.14  0.4130  1.0000      19.965      19.965      18.301      17.342      17.192      16.548      15.480      16.789      15.646      14.960      12.867      13.072      12.114      12.313      11.452      12.242      13.695      16.907      12.404
  0.0300  2682.   -2.43   4.01  19.83  0.0001  1.0000      18.458      18.458      16.659      15.913      15.779      15.208      14.202      15.323      14.384      13.764      11.806      12.001      11.225      11.395      10.681      11.263      12.780      15.493      11.547
  0.0400  2768.   -2.35   4.10  20.49  0.0000  1.0000      17.920      17.920      16.080      15.355      15.201      14.689      13.626      14.683      13.821      13.234      11.390      11.569      10.873      11.030      10.383      10.874      12.404      14.891      11.204
  0.0500  2843.   -2.23   4.13  22.09  0.0000  1.0000      17.378      17.378      15.512      14.811      14.651      14.167      13.107      14.108      13.311      12.751      10.991      11.154      10.512      10.661      10.060      10.496      12.022      14.335      10.848
  0.0600  2900.   -2.15   4.16  23.52  0.0000  1.0000      16.951      16.951      15.068      14.362      14.202      13.711      12.725      13.670      12.938      12.404      10.696      10.842      10.235      10.381       9.814      10.211      11.731      13.901      10.577
  0.0700  2946.   -2.06   4.17  25.11  0.0000  1.0000      16.579      16.579      14.683      13.995      13.832      13.360      12.398      13.310      12.611      12.093      10.425      10.562       9.982      10.124       9.580       9.952      11.464      13.543      10.325
  0.0720  2954.   -2.04   4.17  25.46  0.0000  1.0000      16.505      16.505      14.606      13.922      13.760      13.290      12.334      13.239      12.547      12.031      10.371      10.506       9.931      10.072       9.533       9.900      11.410      13.472      10.274
  0.0750  2967.   -2.02   4.17  25.92  0.0000  1.0000      16.403      16.403      14.500      13.822      13.659      13.194      12.244      13.141      12.457      11.946      10.297      10.430       9.861      10.002       9.469       9.829      11.337      13.374      10.205
  0.0800  2987.   -1.98   4.17  26.87  0.0000  1.0000      16.218      16.218      14.308      13.643      13.480      13.024      12.086      12.968      12.299      11.794      10.162      10.291       9.734       9.873       9.350       9.700      11.203      13.202      10.079
  0.0900  3021.   -1.91   4.17  28.38  0.0000  1.0000      15.945      15.945      13.991      13.349      13.187      12.745      11.811      12.663      12.023      11.534       9.952      10.068       9.536       9.671       9.169       9.496      10.988      12.905       9.879
  0.1000  3050.   -1.87   4.19  29.18  0.0000  1.0000      15.765      15.765      13.757      13.131      12.968      12.538      11.597      12.420      11.810      11.336       9.812       9.912       9.407       9.537       9.055       9.358      10.839      12.676       9.747
  0.2000  3240.   -1.47   4.19  41.20  0.0000  1.0000      14.317      14.317      12.234      11.611      11.421      11.041      10.109      10.807      10.318       9.911       8.634       8.681       8.288       8.397       8.003       8.220       9.617      11.114       8.609
  0.3000  3363.   -1.23   4.20  50.02  0.0000  0.9790      13.530      13.530      11.455      10.782      10.561      10.206       9.276       9.908       9.478       9.107       7.975       7.995       7.661       7.759       7.410       7.589       8.919      10.248       7.965
  0.4000  3508.   -1.05   4.22  56.48  0.0000  0.6630      12.887      12.887      10.818      10.076       9.817       9.490       8.559       9.115       8.748       8.418       7.458       7.447       7.179       7.263       6.964       7.107       8.344       9.495       7.456
  0.5000  3651.   -0.91   4.24  61.70  0.0000  0.0237      12.344      12.344      10.278       9.468       9.173       8.878       7.950       8.432       8.122       7.831       7.034       6.997       6.790       6.859       6.604       6.719       7.850       8.848       7.035
  0.6000  3781.   -0.79   4.26  66.09  0.0000  0.0202      11.885      11.885       9.827       8.968       8.646       8.378       7.457       7.882       7.614       7.354       6.692       6.638       6.477       6.534       6.313       6.412       7.442       8.321       6.691
  0.7000  3908.   -0.67   4.27  70.47  0.0000  0.0357      11.439      11.439       9.398       8.501       8.160       7.913       6.999       7.379       7.142       6.908       6.376       6.312       6.190       6.235       6.044       6.130       7.057       7.833       6.369
  0.8000  4041.   -0.57   4.28  74.67  0.0000  0.0861      10.961      10.961       8.963       8.087       7.729       7.538       6.570       6.942       6.715       6.490       6.073       6.003       5.909       5.947       5.780       5.858       6.696       7.400       6.058
  0.9000  4191.   -0.46   4.29  78.61  0.0000  0.1910      10.410      10.410       8.493       7.669       7.300       7.172       6.130       6.510       6.284       6.064       5.768       5.697       5.627       5.658       5.515       5.585       6.328       6.965       5.741
  1.0000  4363.   -0.34   4.28  83.38  0.0000  0.3830       9.723       9.723       7.924       7.147       6.790       6.665       5.688       6.047       5.840       5.639       5.432       5.368       5.317       5.341       5.220       5.283       5.926       6.481       5.401
  1.1000  4553.   -0.21   4.27  88.29  0.0000  0.5970       8.979       8.979       7.320       6.614       6.281       6.148       5.281       5.604       5.423       5.243       5.087       5.033       4.995       5.013       4.911       4.968       5.528       6.011       5.059
  1.2000  4768.   -0.07   4.25  94.49  0.0000  0.7740       8.198       8.198       6.683       6.052       5.754       5.600       4.868       5.144       4.991       4.836       4.710       4.665       4.638       4.651       4.569       4.619       5.103       5.523       4.689
  1.3000  5038.    0.09   4.22 102.32  0.0000  0.8800       7.331       7.331       5.976       5.429       5.170       4.993       4.406       4.632       4.508       4.379       4.279       4.244       4.226       4.236       4.176       4.218       4.622       4.977       4.267
  1.4000  5363.    0.29   4.16 113.92  0.0000  0.9380       6.379       6.379       5.189       4.730       4.510       4.328       3.873       4.050       3.954       3.850       3.775       3.750       3.738       3.747       3.711       3.744       4.064       4.355       3.770