0.000000000000000000e+00 0.000000000000000000e+00 0.000000000000000000e+00 0.000000000000000000e+00 0.000000000000000000e+00 0.000000000000000000e+00 0.000000000000000000e+00 0.000000000000000000e+00 0.000000000000000000e+00
0.000000000000000000e+00 1.127492599652465843e+00 1.000000000000000000e+00 1.000000000000000000e+00 1.000000000000000000e+00 4.456000000000000000e+03 3.669999999999999929e+00 3.499999999999999778e-01 1.500000000000000000e+02
2.000000000000000000e+00 1.243717606042044732e+00 1.000000000000000000e+00 1.000000000000000000e+00 1.000000000000000000e+00 4.529000000000000000e+03 3.680000000000000160e+00 4.099999999999999756e-01 1.500000000000000000e+02
3.000000000000000000e+00 1.216078956274557088e+00 1.000000000000000000e+00 1.000000000000000000e+00 1.000000000000000000e+00 4.529000000000000000e+03 3.680000000000000160e+00 4.099999999999999756e-01 1.500000000000000000e+02
4.000000000000000000e+00 1.159781227748909238e+00 0.000000000000000000e+00 1.000000000000000000e+00 1.000000000000000000e+00 4.529000000000000000e+03 3.680000000000000160e+00 4.099999999999999756e-01 1.500000000000000000e+02
6.000000000000000000e+00 1.307069520178474997e+00 0.000000000000000000e+00 1.000000000000000000e+00 1.000000000000000000e+00 4.596000000000000000e+03 3.680000000000000160e+00 4.699999999999999734e-01 1.500000000000000000e+02
9.000000000000000000e+00 1.230178687641845237e+00 0.000000000000000000e+00 1.000000000000000000e+00 1.000000000000000000e+00 4.529000000000000000e+03 3.680000000000000160e+00 4.099999999999999756e-01 1.500000000000000000e+02
1.000000000000000000e+01 1.197066945317704523e+00 0.000000000000000000e+00 1.000000000000000000e+00 1.000000000000000000e+00 4.529000000000000000e+03 3.680000000000000160e+00 4.099999999999999756e-01 1.500000000000000000e+02
1.100000000000000000e+01 5.203847152172685897e-01 0.000000000000000000e+00 1.000000000000000000e+00 1.000000000000000000e+00 3.802000000000000000e+03 3.589999999999999858e+00 -1.799999999999999933e-01 1.500000000000000000e+02
1.200000000000000000e+01 3.055341427009087840e-01 0.000000000000000000e+00 1.000000000000000000e+00 1.000000000000000000e+00 3.428000000000000000e+03 3.479999999999999982e+00 -4.799999999999999822e-01 1.500000000000000000e+02
1.500000000000000000e+01 1.225581978438095243e+00 0.000000000000000000e+00 1.000000000000000000e+00 1.000000000000000000e+00 4.529000000000000000e+03 3.680000000000000160e+00 4.099999999999999756e-01 1.500000000000000000e+02
1.600000000000000000e+01 1.129012233360046302e+00 0.000000000000000000e+00 1.000000000000000000e+00 1.000000000000000000e+00 4.456000000000000000e+03 3.669999999999999929e+00 3.499999999999999778e-01 1.500000000000000000e+02
1.700000000000000000e+01 4.775458828843139880e-01 0.000000000000000000e+00 1.000000000000000000e+00 1.000000000000000000e+00 3.802000000000000000e+03 3.589999999999999858e+00 -1.799999999999999933e-01 1.500000000000000000e+02
1.800000000000000000e+01 2.593630607594075710e-01 0.000000000000000000e+00 1.000000000000000000e+00 1.000000000000000000e+00 3.428000000000000000e+03 3.479999999999999982e+00 -4.799999999999999822e-01 1.500000000000000000e+02
1.900000000000000000e+01 1.141983711986132466e+00 0.000000000000000000e+00 1.000000000000000000e+00 1.000000000000000000e+00 4.456000000000000000e+03 3.669999999999999929e+00 3.499999999999999778e-01 1.500000000000000000e+02
2.000000000000000000e+01 5.443971487864533720e-02 0.000000000000000000e+00 1.000000000000000000e+00 1.000000000000000000e+00 2.824000000000000000e+03 3.529999999999999805e+00 -1.649999999999999911e+00 1.500000000000000000e+02
2.100000000000000000e+01 1.158558390616127642e+00 0.000000000000000000e+00 1.000000000000000000e+00 1.000000000000000000e+00 4.529000000000000000e+03 3.680000000000000160e+00 4.099999999999999756e-01 1.500000000000000000e+02
2.200000000000000000e+01 1.184838282107027130e+00 0.000000000000000000e+00 1.000000000000000000e+00 1.000000000000000000e+00 4.529000000000000000e+03 3.680000000000000160e+00 4.099999999999999756e-01 1.500000000000000000e+02
2.300000000000000000e+01 3.655816805237658285e-01 0.000000000000000000e+00 1.000000000000000000e+00 1.000000000000000000e+00 3.634000000000000000e+03 3.540000000000000036e+00 -3.200000000000000067e-01 1.500000000000000000e+02
2.500000000000000000e+01 3.363979056187086369e-01 0.000000000000000000e+00 1.000000000000000000e+00 1.000000000000000000e+00 3.428000000000000000e+03 3.479999999999999982e+00 -4.799999999999999822e-01 1.500000000000000000e+02
2.600000000000000000e+01 1.199309879895812836e+00 0.000000000000000000e+00 1.000000000000000000e+00 1.000000000000000000e+00 4.529000000000000000e+03 3.680000000000000160e+00 4.099999999999999756e-01 1.500000000000000000e+02
2.700000000000000000e+01 1.119331365994222560e+00 0.000000000000000000e+00 1.000000000000000000e+00 1.000000000000000000e+00 4.456000000000000000e+03 3.669999999999999929e+00 3.499999999999999778e-01 1.500000000000000000e+02
2.800000000000000000e+01 1.235977987739329098e+00 0.000000000000000000e+00 1.000000000000000000e+00 1.000000000000000000e+00 4.529000000000000000e+03 3.680000000000000160e+00 4.099999999999999756e-01 1.500000000000000000e+02
2.900000000000000000e+01 2.926799225275418803e-01 0.000000000000000000e+00 1.000000000000000000e+00 1.000000000000000000e+00 3.428000000000000000e+03 3.479999999999999982e+00 -4.799999999999999822e-01 1.500000000000000000e+02
3.100000000000000000e+01 3.825258659980176335e-01 0.000000000000000000e+00 1.000000000000000000e+00 1.000000000000000000e+00 3.634000000000000000e+03 3.540000000000000036e+00 -3.200000000000000067e-01 1.500000000000000000e+02
3.200000000000000000e+01 5.668497233303568944e-02 0.000000000000000000e+00 1.000000000000000000e+00 1.000000000000000000e+00 2.864000000000000000e+03 3.520000000000000018e+00 -1.530000000000000027e+00 1.500000000000000000e+02
3.300000000000000000e+01 1.858088426182958885e-01 0.000000000000000000e+00 1.000000000000000000e+00 1.000000000000000000e+00 3.226000000000000000e+03 3.379999999999999893e+00 -6.600000000000000311e-01 1.500000000000000000e+02
3.700000000000000000e+01 1.119526511233912558e+00 0.000000000000000000e+00 1.000000000000000000e+00 1.000000000000000000e+00 4.456000000000000000e+03 3.669999999999999929e+00 3.499999999999999778e-01 1.500000000000000000e+02
3.900000000000000000e+01 6.005247040745126386e-01 0.000000000000000000e+00 1.000000000000000000e+00 1.000000000000000000e+00 3.955000000000000000e+03 3.620000000000000107e+00 -7.000000000000000666e-02 1.500000000000000000e+02
4.200000000000000000e+01 1.145643187212257885e+00 0.000000000000000000e+00 1.000000000000000000e+00 1.000000000000000000e+00 4.456000000000000000e+03 3.669999999999999929e+00 3.499999999999999778e-01 1.500000000000000000e+02
4.300000000000000000e+01 1.220874767024291652e+00 0.000000000000000000e+00 1.000000000000000000e+00 1.000000000000000000e+00 4.529000000000000000e+03 3.680000000000000160e+00 4.099999999999999756e-01 1.500000000000000000e+02
4.600000000000000000e+01 1.321154663582236655e+00 0.000000000000000000e+00 1.000000000000000000e+00 1.000000000000000000e+00 4.596000000000000000e+03 3.680000000000000160e+00 4.699999999999999734e-01 1.500000000000000000e+02
5.000000000000000000e+01 2.436373074693536367e-01 0.000000000000000000e+00 1.000000000000000000e+00 1.000000000000000000e+00 3.226000000000000000e+03 3.379999999999999893e+00 -6.600000000000000311e-01 1.500000000000000000e+02
5.100000000000000000e+01 3.608674619181578280e-01 0.000000000000000000e+00 1.000000000000000000e+00 1.000000000000000000e+00 3.634000000000000000e+03 3.540000000000000036e+00 -3.200000000000000067e-01 1.500000000000000000e+02
5.300000000000000000e+01 1.149177994047757334e+00 0.000000000000000000e+00 1.000000000000000000e+00 1.000000000000000000e+00 4.456000000000000000e+03 3.669999999999999929e+00 3.499999999999999778e-01 1.500000000000000000e+02
5.500000000000000000e+01 2.088253675223332440e-01 0.000000000000000000e+00 1.000000000000000000e+00 1.000000000000000000e+00 3.226000000000000000e+03 3.379999999999999893e+00 -6.600000000000000311e-01 1.500000000000000000e+02
5.600000000000000000e+01 1.123475695645862249e+00 0.000000000000000000e+00 1.000000000000000000e+00 1.000000000000000000e+00 4.456000000000000000e+03 3.669999999999999929e+00 3.499999999999999778e-01 1.500000000000000000e+02
5.700000000000000000e+01 5.089263361377348582e-01 0.000000000000000000e+00 1.000000000000000000e+00 1.000000000000000000e+00 3.802000000000000000e+03 3.589999999999999858e+00 -1.799999999999999933e-01 1.500000000000000000e+02
5.800000000000000000e+01 2.285030578402868162e+00 0.000000000000000000e+00 1.000000000000000000e+00 1.000000000000000000e+00 5.198762768142834830e+03 3.682999999999999829e+00 8.550667128846834331e+00 1.500000000000000000e+02
6.100000000000000000e+01 1.290994475453332235e+00 0.000000000000000000e+00 1.000000000000000000e+00 1.000000000000000000e+00 4.596000000000000000e+03 3.680000000000000160e+00 4.699999999999999734e-01 1.500000000000000000e+02
6.200000000000000000e+01 1.143137536614390770e+00 0.000000000000000000e+00 1.000000000000000000e+00 1.000000000000000000e+00 4.456000000000000000e+03 3.669999999999999929e+00 3.499999999999999778e-01 1.500000000000000000e+02
6.400000000000000000e+01 2.359399722882785877e+00 0.000000000000000000e+00 1.000000000000000000e+00 1.000000000000000000e+00 5.234798870090690798e+03 3.674999999999999822e+00 9.354056741475519132e+00 1.500000000000000000e+02
6.500000000000000000e+01 1.107459189194410110e+00 0.000000000000000000e+00 1.000000000000000000e+00 1.000000000000000000e+00 4.456000000000000000e+03 3.669999999999999929e+00 3.499999999999999778e-01 1.500000000000000000e+02
6.800000000000000000e+01 4.040538696186166123e-01 0.000000000000000000e+00 1.000000000000000000e+00 1.000000000000000000e+00 3.634000000000000000e+03 3.540000000000000036e+00 -3.200000000000000067e-01 1.500000000000000000e+02
7.000000000000000000e+01 2.720807290311075266e-01 0.000000000000000000e+00 1.000000000000000000e+00 1.000000000000000000e+00 3.428000000000000000e+03 3.479999999999999982e+00 -4.799999999999999822e-01 1.500000000000000000e+02
7.100000000000000000e+01 8.309471269399519855e-01 0.000000000000000000e+00 1.000000000000000000e+00 1.000000000000000000e+00 4.192000000000000000e+03 3.649999999999999911e+00 1.300000000000000044e-01 1.500000000000000000e+02
7.300000000000000000e+01 6.072979036088433924e-01 0.000000000000000000e+00 1.000000000000000000e+00 1.000000000000000000e+00 3.955000000000000000e+03 3.620000000000000107e+00 -7.000000000000000666e-02 1.500000000000000000e+02
7.700000000000000000e+01 3.880260620081134038e-01 0.000000000000000000e+00 1.000000000000000000e+00 1.000000000000000000e+00 3.634000000000000000e+03 3.540000000000000036e+00 -3.200000000000000067e-01 1.500000000000000000e+02
7.800000000000000000e+01 7.222972600912140606e-02 0.000000000000000000e+00 1.000000000000000000e+00 1.000000000000000000e+00 2.896000000000000000e+03 3.479999999999999982e+00 -1.389999999999999902e+00 1.500000000000000000e+02
7.900000000000000000e+01 4.313800744663197628e-01 0.000000000000000000e+00 1.000000000000000000e+00 1.000000000000000000e+00 3.634000000000000000e+03 3.540000000000000036e+00 -3.200000000000000067e-01 1.500000000000000000e+02
8.200000000000000000e+01 6.186026104492892141e-01 0.000000000000000000e+00 1.000000000000000000e+00 1.000000000000000000e+00 3.955000000000000000e+03 3.620000000000000107e+00 -7.000000000000000666e-02 1.500000000000000000e+02
8.300000000000000000e+01 1.206574712699880481e+00 0.000000000000000000e+00 1.000000000000000000e+00 1.000000000000000000e+00 4.529000000000000000e+03 3.680000000000000160e+00 4.099999999999999756e-01 1.500000000000000000e+02
8.400000000000000000e+01 1.205673368812830049e+00 0.000000000000000000e+00 1.000000000000000000e+00 1.000000000000000000e+00 4.529000000000000000e+03 3.680000000000000160e+00 4.099999999999999756e-01 1.500000000000000000e+02
8.600000000000000000e+01 3.883909560187950860e-01 0.000000000000000000e+00 1.000000000000000000e+00 1.000000000000000000e+00 3.634000000000000000e+03 3.540000000000000036e+00 -3.200000000000000067e-01 1.500000000000000000e+02
8.800000000000000000e+01 1.133052934155091673e+00 0.000000000000000000e+00 1.000000000000000000e+00 1.000000000000000000e+00 4.456000000000000000e+03 3.669999999999999929e+00 3.499999999999999778e-01 1.500000000000000000e+02
8.900000000000000000e+01 5.473227872905748193e-01 0.000000000000000000e+00 1.000000000000000000e+00 1.000000000000000000e+00 3.802000000000000000e+03 3.589999999999999858e+00 -1.799999999999999933e-01 1.500000000000000000e+02
9.000000000000000000e+01 1.230127112451454785e+00 0.000000000000000000e+00 1.000000000000000000e+00 1.000000000000000000e+00 4.529000000000000000e+03 3.680000000000000160e+00 4.099999999999999756e-01 1.500000000000000000e+02
9.100000000000000000e+01 3.981442300256312627e-01 0.000000000000000000e+00 1.000000000000000000e+00 1.000000000000000000e+00 3.634000000000000000e+03 3.540000000000000036e+00 -3.200000000000000067e-01 1.500000000000000000e+02
9.600000000000000000e+01 6.755512094249488397e-01 0.000000000000000000e+00 1.000000000000000000e+00 1.000000000000000000e+00 4.078000000000000000e+03 3.629999999999999893e+00 4.000000000000000083e-02 1.500000000000000000e+02
9.800000000000000000e+01 2.397535396915748129e-01 0.000000000000000000e+00 1.000000000000000000e+00 1.000000000000000000e+00 3.226000000000000000e+03 3.379999999999999893e+00 -6.600000000000000311e-01 1.500000000000000000e+02
1.000000000000000000e+02 5.683443703108834733e-01 0.000000000000000000e+00 1.000000000000000000e+00 1.000000000000000000e+00 3.955000000000000000e+03 3.620000000000000107e+00 -7.000000000000000666e-02 1.500000000000000000e+02
1.010000000000000000e+02 1.117509948486540283e+00 0.000000000000000000e+00 1.000000000000000000e+00 1.000000000000000000e+00 4.456000000000000000e+03 3.669999999999999929e+00 3.499999999999999778e-01 1.500000000000000000e+02
1.020000000000000000e+02 7.298098773305933262e-01 0.000000000000000000e+00 1.000000000000000000e+00 1.000000000000000000e+00 4.078000000000000000e+03 3.629999999999999893e+00 4.000000000000000083e-02 1.500000000000000000e+02
1.030000000000000000e+02 1.125184764476479193e+00 0.000000000000000000e+00 1.000000000000000000e+00 1.000000000000000000e+00 4.456000000000000000e+03 3.669999999999999929e+00 3.499999999999999778e-01 1.500000000000000000e+02
1.070000000000000000e+02 1.134631745075022513e+00 0.000000000000000000e+00 1.000000000000000000e+00 1.000000000000000000e+00 4.456000000000000000e+03 3.669999999999999929e+00 3.499999999999999778e-01 1.500000000000000000e+02
1.080000000000000000e+02 2.671100601554223242e-01 0.000000000000000000e+00 1.000000000000000000e+00 1.000000000000000000e+00 3.428000000000000000e+03 3.479999999999999982e+00 -4.799999999999999822e-01 1.500000000000000000e+02
1.110000000000000000e+02 9.884571618713654251e-02 0.000000000000000000e+00 1.000000000000000000e+00 1.000000000000000000e+00 2.936000000000000000e+03 3.430000000000000160e+00 -1.169999999999999929e+00 1.500000000000000000e+02
1.150000000000000000e+02 7.808701016978464304e-01 0.000000000000000000e+00 1.000000000000000000e+00 1.000000000000000000e+00 4.192000000000000000e+03 3.649999999999999911e+00 1.300000000000000044e-01 1.500000000000000000e+02
1.170000000000000000e+02 1.113169520008663316e+00 0.000000000000000000e+00 1.000000000000000000e+00 1.000000000000000000e+00 4.456000000000000000e+03 3.669999999999999929e+00 3.499999999999999778e-01 1.500000000000000000e+02
1.180000000000000000e+02 4.180321882174196091e-01 0.000000000000000000e+00 1.000000000000000000e+00 1.000000000000000000e+00 3.634000000000000000e+03 3.540000000000000036e+00 -3.200000000000000067e-01 1.500000000000000000e+02
1.190000000000000000e+02 2.207545255990736865e-01 0.000000000000000000e+00 1.000000000000000000e+00 1.000000000000000000e+00 3.226000000000000000e+03 3.379999999999999893e+00 -6.600000000000000311e-01 1.500000000000000000e+02
1.200000000000000000e+02 1.277144304062270530e+00 0.000000000000000000e+00 1.000000000000000000e+00 1.000000000000000000e+00 4.596000000000000000e+03 3.680000000000000160e+00 4.699999999999999734e-01 1.500000000000000000e+02
1.210000000000000000e+02 1.117436921384219239e+00 0.000000000000000000e+00 1.000000000000000000e+00 1.000000000000000000e+00 4.456000000000000000e+03 3.669999999999999929e+00 3.499999999999999778e-01 1.500000000000000000e+02
1.230000000000000000e+02 1.899530259549511435e-01 0.000000000000000000e+00 1.000000000000000000e+00 1.000000000000000000e+00 3.226000000000000000e+03 3.379999999999999893e+00 -6.600000000000000311e-01 1.500000000000000000e+02
1.250000000000000000e+02 2.583191558887417694e-01 0.000000000000000000e+00 1.000000000000000000e+00 1.000000000000000000e+00 3.428000000000000000e+03 3.479999999999999982e+00 -4.799999999999999822e-01 1.500000000000000000e+02
1.280000000000000000e+02 7.361200490142287833e-01 0.000000000000000000e+00 1.000000000000000000e+00 1.000000000000000000e+00 4.078000000000000000e+03 3.629999999999999893e+00 4.000000000000000083e-02 1.500000000000000000e+02
1.340000000000000000e+02 1.173746930582739489e+00 0.000000000000000000e+00 1.000000000000000000e+00 1.000000000000000000e+00 4.529000000000000000e+03 3.680000000000000160e+00 4.099999999999999756e-01 1.500000000000000000e+02
1.350000000000000000e+02 3.624944085272847616e-01 0.000000000000000000e+00 1.000000000000000000e+00 1.000000000000000000e+00 3.634000000000000000e+03 3.540000000000000036e+00 -3.200000000000000067e-01 1.500000000000000000e+02
1.380000000000000000e+02 3.222237105331944296e-01 0.000000000000000000e+00 1.000000000000000000e+00 1.000000000000000000e+00 3.428000000000000000e+03 3.479999999999999982e+00 -4.799999999999999822e-01 1.500000000000000000e+02
1.410000000000000000e+02 4.865706717256434999e-01 0.000000000000000000e+00 1.000000000000000000e+00 1.000000000000000000e+00 3.802000000000000000e+03 3.589999999999999858e+00 -1.799999999999999933e-01 1.500000000000000000e+02
1.430000000000000000e+02 1.111787113700175578e+00 0.000000000000000000e+00 1.000000000000000000e+00 1.000000000000000000e+00 4.456000000000000000e+03 3.669999999999999929e+00 3.499999999999999778e-01 1.500000000000000000e+02
1.450000000000000000e+02 2.311159867916112720e+00 0.000000000000000000e+00 1.000000000000000000e+00 1.000000000000000000e+00 5.198762768142834830e+03 3.682999999999999829e+00 8.550667128846834331e+00 1.500000000000000000e+02
1.480000000000000000e+02 1.199605770874323296e+00 0.000000000000000000e+00 1.000000000000000000e+00 1.000000000000000000e+00 4.529000000000000000e+03 3.680000000000000160e+00 4.099999999999999756e-01 1.500000000000000000e+02
1.520000000000000000e+02 7.442311598716441212e-01 0.000000000000000000e+00 1.000000000000000000e+00 1.000000000000000000e+00 4.078000000000000000e+03 3.629999999999999893e+00 4.000000000000000083e-02 1.500000000000000000e+02
1.530000000000000000e+02 1.138655708411545842e+00 0.000000000000000000e+00 1.000000000000000000e+00 1.000000000000000000e+00 4.456000000000000000e+03 3.669999999999999929e+00 3.499999999999999778e-01 1.500000000000000000e+02
1.590000000000000000e+02 5.652956026511101184e-01 0.000000000000000000e+00 1.000000000000000000e+00 1.000000000000000000e+00 3.955000000000000000e+03 3.620000000000000107e+00 -7.000000000000000666e-02 1.500000000000000000e+02
1.610000000000000000e+02 4.405381953211795487e-01 0.000000000000000000e+00 1.000000000000000000e+00 1.000000000000000000e+00 3.634000000000000000e+03 3.540000000000000036e+00 -3.200000000000000067e-01 1.500000000000000000e+02
1.620000000000000000e+02 1.244012971718792659e+00 0.000000000000000000e+00 1.000000000000000000e+00 1.000000000000000000e+00 4.529000000000000000e+03 3.680000000000000160e+00 4.099999999999999756e-01 1.500000000000000000e+02
1.630000000000000000e+02 4.882594323297304584e-01 0.000000000000000000e+00 1.000000000000000000e+00 1.000000000000000000e+00 3.802000000000000000e+03 3.589999999999999858e+00 -1.799999999999999933e-01 1.500000000000000000e+02
1.650000000000000000e+02 8.398412988612923291e-01 0.000000000000000000e+00 1.000000000000000000e+00 1.000000000000000000e+00 4.192000000000000000e+03 3.649999999999999911e+00 1.300000000000000044e-01 1.500000000000000000e+02
1.660000000000000000e+02 2.914473129882817481e-01 0.000000000000000000e+00 1.000000000000000000e+00 1.000000000000000000e+00 3.428000000000000000e+03 3.479999999999999982e+00 -4.799999999999999822e-01 1.500000000000000000e+02
1.670000000000000000e+02 3.072474763245975349e-01 0.000000000000000000e+00 1.000000000000000000e+00 1.000000000000000000e+00 3.428000000000000000e+03 3.479999999999999982e+00 -4.799999999999999822e-01 1.500000000000000000e+02
1.680000000000000000e+02 4.626155684314681160e-01 0.000000000000000000e+00 1.000000000000000000e+00 1.000000000000000000e+00 3.802000000000000000e+03 3.589999999999999858e+00 -1.799999999999999933e-01 1.500000000000000000e+02
1.690000000000000000e+02 1.959766292460587422e-01 0.000000000000000000e+00 1.000000000000000000e+00 1.000000000000000000e+00 3.226000000000000000e+03 3.379999999999999893e+00 -6.600000000000000311e-01 1.500000000000000000e+02
1.720000000000000000e+02 1.204893625991624528e+00 0.000000000000000000e+00 1.000000000000000000e+00 1.000000000000000000e+00 4.529000000000000000e+03 3.680000000000000160e+00 4.099999999999999756e-01 1.500000000000000000e+02
1.730000000000000000e+02 3.301086389145381217e-01 0.000000000000000000e+00 1.000000000000000000e+00 1.000000000000000000e+00 3.428000000000000000e+03 3.479999999999999982e+00 -4.799999999999999822e-01 1.500000000000000000e+02
1.740000000000000000e+02 1.265929189761017870e+00 0.000000000000000000e+00 1.000000000000000000e+00 1.000000000000000000e+00 4.596000000000000000e+03 3.680000000000000160e+00 4.699999999999999734e-01 1.500000000000000000e+02
1.760000000000000000e+02 1.227217921007863088e+00 0.000000000000000000e+00 1.000000000000000000e+00 1.000000000000000000e+00 4.529000000000000000e+03 3.680000000000000160e+00 4.099999999999999756e-01 1.500000000000000000e+02
1.770000000000000000e+02 8.578160725338189740e-01 0.000000000000000000e+00 1.000000000000000000e+00 1.000000000000000000e+00 4.290000000000000000e+03 3.660000000000000142e+00 2.099999999999999922e-01 1.500000000000000000e+02
1.780000000000000000e+02 2.112585139829558090e-01 0.000000000000000000e+00 1.000000000000000000e+00 1.000000000000000000e+00 3.226000000000000000e+03 3.379999999999999893e+00 -6.600000000000000311e-01 1.500000000000000000e+02
1.790000000000000000e+02 1.460637827743634265e+00 0.000000000000000000e+00 1.000000000000000000e+00 1.000000000000000000e+00 4.852885001621209994e+03 3.706999999999999851e+00 3.872576449216171834e+00 1.500000000000000000e+02
1.800000000000000000e+02 1.109413625322103858e+00 0.000000000000000000e+00 1.000000000000000000e+00 1.000000000000000000e+00 4.456000000000000000e+03 3.669999999999999929e+00 3.499999999999999778e-01 1.500000000000000000e+02
1.820000000000000000e+02 2.209981241677993480e-01 0.000000000000000000e+00 1.000000000000000000e+00 1.000000000000000000e+00 3.226000000000000000e+03 3.379999999999999893e+00 -6.600000000000000311e-01 1.500000000000000000e+02
1.840000000000000000e+02 3.664438685413048957e-01 0.000000000000000000e+00 1.000000000000000000e+00 1.000000000000000000e+00 3.634000000000000000e+03 3.540000000000000036e+00 -3.200000000000000067e-01 1.500000000000000000e+02
1.870000000000000000e+02 8.140495650836560015e-01 0.000000000000000000e+00 1.000000000000000000e+00 1.000000000000000000e+00 4.192000000000000000e+03 3.649999999999999911e+00 1.300000000000000044e-01 1.500000000000000000e+02
1.890000000000000000e+02 1.188261607458063862e+00 0.000000000000000000e+00 1.000000000000000000e+00 1.000000000000000000e+00 4.529000000000000000e+03 3.680000000000000160e+00 4.099999999999999756e-01 1.500000000000000000e+02
1.910000000000000000e+02 9.753564861612938619e-02 0.000000000000000000e+00 1.000000000000000000e+00 1.000000000000000000e+00 2.936000000000000000e+03 3.430000000000000160e+00 -1.169999999999999929e+00 1.500000000000000000e+02
1.930000000000000000e+02 2.926282127552294332e-01 0.000000000000000000e+00 1.000000000000000000e+00 1.000000000000000000e+00 3.428000000000000000e+03 3.479999999999999982e+00 -4.799999999999999822e-01 1.500000000000000000e+02
1.940000000000000000e+02 1.171287437699899181e+00 0.000000000000000000e+00 1.000000000000000000e+00 1.000000000000000000e+00 4.529000000000000000e+03 3.680000000000000160e+00 4.099999999999999756e-01 1.500000000000000000e+02
1.960000000000000000e+02 4.570236213404847980e-01 0.000000000000000000e+00 1.000000000000000000e+00 1.000000000000000000e+00 3.802000000000000000e+03 3.589999999999999858e+00 -1.799999999999999933e-01 1.500000000000000000e+02
1.970000000000000000e+02 3.037497287156992742e-01 0.000000000000000000e+00 1.000000000000000000e+00 1.000000000000000000e+00 3.428000000000000000e+03 3.479999999999999982e+00 -4.799999999999999822e-01 1.500000000000000000e+02
1.980000000000000000e+02 1.110906280613122021e+00 0.000000000000000000e+00 1.000000000000000000e+00 1.000000000000000000e+00 4.456000000000000000e+03 3.669999999999999929e+00 3.499999999999999778e-01 1.500000000000000000e+02
1.990000000000000000e+02 1.109492441648403993e+00 0.000000000000000000e+00 1.000000000000000000e+00 1.000000000000000000e+00 4.456000000000000000e+03 3.669999999999999929e+00 3.499999999999999778e-01 1.500000000000000000e+02
2.020000000000000000e+02 1.276676186969501803e+00 0.000000000000000000e+00 1.000000000000000000e+00 1.000000000000000000e+00 4.596000000000000000e+03 3.680000000000000160e+00 4.699999999999999734e-01 1.500000000000000000e+02
2.030000000000000000e+02 1.130307289179852681e+00 0.000000000000000000e+00 1.000000000000000000e+00 1.000000000000000000e+00 4.456000000000000000e+03 3.669999999999999929e+00 3.499999999999999778e-01 1.500000000000000000e+02
2.040000000000000000e+02 2.692336871882117788e-01 0.000000000000000000e+00 1.000000000000000000e+00 1.000000000000000000e+00 3.428000000000000000e+03 3.479999999999999982e+00 -4.799999999999999822e-01 1.500000000000000000e+02
2.070000000000000000e+02 4.182953608051785954e-01 0.000000000000000000e+00 1.000000000000000000e+00 1.000000000000000000e+00 3.634000000000000000e+03 3.540000000000000036e+00 -3.200000000000000067e-01 1.500000000000000000e+02
2.090000000000000000e+02 1.984971256070826862e-01 0.000000000000000000e+00 1.000000000000000000e+00 1.000000000000000000e+00 3.226000000000000000e+03 3.379999999999999893e+00 -6.600000000000000311e-01 1.500000000000000000e+02
2.130000000000000000e+02 3.265290475652820601e-01 0.000000000000000000e+00 1.000000000000000000e+00 1.000000000000000000e+00 3.428000000000000000e+03 3.479999999999999982e+00 -4.799999999999999822e-01 1.500000000000000000e+02
2.170000000000000000e+02 1.125764870106525706e+00 0.000000000000000000e+00 1.000000000000000000e+00 1.000000000000000000e+00 4.456000000000000000e+03 3.669999999999999929e+00 3.499999999999999778e-01 1.500000000000000000e+02
2.200000000000000000e+02 5.847518446890888066e-01 0.000000000000000000e+00 1.000000000000000000e+00 1.000000000000000000e+00 3.955000000000000000e+03 3.620000000000000107e+00 -7.000000000000000666e-02 1.500000000000000000e+02
2.210000000000000000e+02 1.200276007332045314e+00 0.000000000000000000e+00 1.000000000000000000e+00 1.000000000000000000e+00 4.529000000000000000e+03 3.680000000000000160e+00 4.099999999999999756e-01 1.500000000000000000e+02
2.220000000000000000e+02 1.111820872333439292e+00 0.000000000000000000e+00 1.000000000000000000e+00 1.000000000000000000e+00 4.456000000000000000e+03 3.669999999999999929e+00 3.499999999999999778e-01 1.500000000000000000e+02
2.230000000000000000e+02 4.407475273294013118e-01 0.000000000000000000e+00 1.000000000000000000e+00 1.000000000000000000e+00 3.634000000000000000e+03 3.540000000000000036e+00 -3.200000000000000067e-01 1.500000000000000000e+02
2.240000000000000000e+02 9.796926052884064040e-01 0.000000000000000000e+00 1.000000000000000000e+00 1.000000000000000000e+00 4.377000000000000000e+03 3.660000000000000142e+00 2.800000000000000266e-01 1.500000000000000000e+02
2.250000000000000000e+02 1.114728223351028058e+00 0.000000000000000000e+00 1.000000000000000000e+00 1.000000000000000000e+00 4.456000000000000000e+03 3.669999999999999929e+00 3.499999999999999778e-01 1.500000000000000000e+02
2.260000000000000000e+02 1.138649338134649414e+00 0.000000000000000000e+00 1.000000000000000000e+00 1.000000000000000000e+00 4.456000000000000000e+03 3.669999999999999929e+00 3.499999999999999778e-01 1.500000000000000000e+02
2.270000000000000000e+02 4.256543759427638962e-01 0.000000000000000000e+00 1.000000000000000000e+00 1.000000000000000000e+00 3.634000000000000000e+03 3.540000000000000036e+00 -3.200000000000000067e-01 1.500000000000000000e+02
2.280000000000000000e+02 2.436300430366116765e-01 0.000000000000000000e+00 1.000000000000000000e+00 1.000000000000000000e+00 3.226000000000000000e+03 3.379999999999999893e+00 -6.600000000000000311e-01 1.500000000000000000e+02
2.290000000000000000e+02 1.387332372652471779e+00 0.000000000000000000e+00 1.000000000000000000e+00 1.000000000000000000e+00 4.658000000000000000e+03 3.680000000000000160e+00 5.200000000000000178e-01 1.500000000000000000e+02
2.340000000000000000e+02 3.139949824340539375e-01 0.000000000000000000e+00 1.000000000000000000e+00 1.000000000000000000e+00 3.428000000000000000e+03 3.479999999999999982e+00 -4.799999999999999822e-01 1.500000000000000000e+02
2.360000000000000000e+02 6.477982142052164383e-01 0.000000000000000000e+00 1.000000000000000000e+00 1.000000000000000000e+00 3.955000000000000000e+03 3.620000000000000107e+00 -7.000000000000000666e-02 1.500000000000000000e+02
2.370000000000000000e+02 2.840651225642655264e-01 0.000000000000000000e+00 1.000000000000000000e+00 1.000000000000000000e+00 3.428000000000000000e+03 3.479999999999999982e+00 -4.799999999999999822e-01 1.500000000000000000e+02
2.380000000000000000e+02 6.724692640606192429e-01 0.000000000000000000e+00 1.000000000000000000e+00 1.000000000000000000e+00 4.078000000000000000e+03 3.629999999999999893e+00 4.000000000000000083e-02 1.500000000000000000e+02
2.390000000000000000e+02 1.129053091609513393e+00 0.000000000000000000e+00 1.000000000000000000e+00 1.000000000000000000e+00 4.456000000000000000e+03 3.669999999999999929e+00 3.499999999999999778e-01 1.500000000000000000e+02
2.400000000000000000e+02 1.993235657145019379e-01 0.000000000000000000e+00 1.000000000000000000e+00 1.000000000000000000e+00 3.226000000000000000e+03 3.379999999999999893e+00 -6.600000000000000311e-01 1.500000000000000000e+02
2.420000000000000000e+02 5.100879526361804528e-01 0.000000000000000000e+00 1.000000000000000000e+00 1.000000000000000000e+00 3.802000000000000000e+03 3.589999999999999858e+00 -1.799999999999999933e-01 1.500000000000000000e+02
2.430000000000000000e+02 1.116332646911964321e+00 0.000000000000000000e+00 1.000000000000000000e+00 1.000000000000000000e+00 4.456000000000000000e+03 3.669999999999999929e+00 3.499999999999999778e-01 1.500000000000000000e+02
2.440000000000000000e+02 3.316602984621447314e-01 0.000000000000000000e+00 1.000000000000000000e+00 1.000000000000000000e+00 3.428000000000000000e+03 3.479999999999999982e+00 -4.799999999999999822e-01 1.500000000000000000e+02
2.450000000000000000e+02 8.346924055559735711e-01 0.000000000000000000e+00 1.000000000000000000e+00 1.000000000000000000e+00 4.192000000000000000e+03 3.649999999999999911e+00 1.300000000000000044e-01 1.500000000000000000e+02
2.460000000000000000e+02 1.255609375711099096e+00 0.000000000000000000e+00 1.000000000000000000e+00 1.000000000000000000e+00 4.596000000000000000e+03 3.680000000000000160e+00 4.699999999999999734e-01 1.500000000000000000e+02
2.480000000000000000e+02 1.121403049676166663e+00 0.000000000000000000e+00 1.000000000000000000e+00 1.000000000000000000e+00 4.456000000000000000e+03 3.669999999999999929e+00 3.499999999999999778e-01 1.500000000000000000e+02
2.510000000000000000e+02 4.215486984648019186e-01 0.000000000000000000e+00 1.000000000000000000e+00 1.000000000000000000e+00 3.634000000000000000e+03 3.540000000000000036e+00 -3.200000000000000067e-01 1.500000000000000000e+02
2.550000000000000000e+02 1.108786803371719643e+00 0.000000000000000000e+00 1.000000000000000000e+00 1.000000000000000000e+00 4.456000000000000000e+03 3.669999999999999929e+00 3.499999999999999778e-01 1.500000000000000000e+02
2.560000000000000000e+02 8.094067717330823974e-01 0.000000000000000000e+00 1.000000000000000000e+00 1.000000000000000000e+00 4.192000000000000000e+03 3.649999999999999911e+00 1.300000000000000044e-01 1.500000000000000000e+02
2.570000000000000000e+02 5.631504713775790094e-01 0.000000000000000000e+00 1.000000000000000000e+00 1.000000000000000000e+00 3.955000000000000000e+03 3.620000000000000107e+00 -7.000000000000000666e-02 1.500000000000000000e+02
2.580000000000000000e+02 1.280166548737462495e+00 0.000000000000000000e+00 1.000000000000000000e+00 1.000000000000000000e+00 4.596000000000000000e+03 3.680000000000000160e+00 4.699999999999999734e-01 1.500000000000000000e+02
2.590000000000000000e+02 1.159385513670392998e+00 0.000000000000000000e+00 1.000000000000000000e+00 1.000000000000000000e+00 4.529000000000000000e+03 3.680000000000000160e+00 4.099999999999999756e-01 1.500000000000000000e+02
2.600000000000000000e+02 1.888548990240362657e-01 0.000000000000000000e+00 1.000000000000000000e+00 1.000000000000000000e+00 3.226000000000000000e+03 3.379999999999999893e+00 -6.600000000000000311e-01 1.500000000000000000e+02
2.620000000000000000e+02 1.174174905925010615e+00 0.000000000000000000e+00 1.000000000000000000e+00 1.000000000000000000e+00 4.529000000000000000e+03 3.680000000000000160e+00 4.099999999999999756e-01 1.500000000000000000e+02
2.630000000000000000e+02 2.452065329216440992e-01 0.000000000000000000e+00 1.000000000000000000e+00 1.000000000000000000e+00 3.226000000000000000e+03 3.379999999999999893e+00 -6.600000000000000311e-01 1.500000000000000000e+02
2.640000000000000000e+02 4.610628323741197132e-01 0.000000000000000000e+00 1.000000000000000000e+00 1.000000000000000000e+00 3.802000000000000000e+03 3.589999999999999858e+00 -1.799999999999999933e-01 1.500000000000000000e+02
2.650000000000000000e+02 2.725222974942425047e-01 0.000000000000000000e+00 1.000000000000000000e+00 1.000000000000000000e+00 3.428000000000000000e+03 3.479999999999999982e+00 -4.799999999999999822e-01 1.500000000000000000e+02
2.660000000000000000e+02 1.228704150423821195e+00 0.000000000000000000e+00 1.000000000000000000e+00 1.000000000000000000e+00 4.529000000000000000e+03 3.680000000000000160e+00 4.099999999999999756e-01 1.500000000000000000e+02
2.680000000000000000e+02 4.621449454550360381e-01 0.000000000000000000e+00 1.000000000000000000e+00 1.000000000000000000e+00 3.802000000000000000e+03 3.589999999999999858e+00 -1.799999999999999933e-01 1.500000000000000000e+02
2.690000000000000000e+02 1.504379408624016978e+00 0.000000000000000000e+00 1.000000000000000000e+00 1.000000000000000000e+00 4.877530569745950743e+03 3.709000000000000075e+00 4.073802778041127226e+00 1.500000000000000000e+02
2.700000000000000000e+02 4.271230423417156641e-01 0.000000000000000000e+00 1.000000000000000000e+00 1.000000000000000000e+00 3.634000000000000000e+03 3.540000000000000036e+00 -3.200000000000000067e-01 1.500000000000000000e+02
2.710000000000000000e+02 4.398529434366950652e-01 0.000000000000000000e+00 1.000000000000000000e+00 1.000000000000000000e+00 3.634000000000000000e+03 3.540000000000000036e+00 -3.200000000000000067e-01 1.500000000000000000e+02
2.730000000000000000e+02 2.434467798139794137e-01 0.000000000000000000e+00 1.000000000000000000e+00 1.000000000000000000e+00 3.226000000000000000e+03 3.379999999999999893e+00 -6.600000000000000311e-01 1.500000000000000000e+02
2.750000000000000000e+02 3.627354041433848431e-01 0.000000000000000000e+00 1.000000000000000000e+00 1.000000000000000000e+00 3.634000000000000000e+03 3.540000000000000036e+00 -3.200000000000000067e-01 1.500000000000000000e+02
2.800000000000000000e+02 1.147040517643140634e+00 0.000000000000000000e+00 1.000000000000000000e+00 1.000000000000000000e+00 4.456000000000000000e+03 3.669999999999999929e+00 3.499999999999999778e-01 1.500000000000000000e+02
2.810000000000000000e+02 7.903907092420292546e-01 0.000000000000000000e+00 1.000000000000000000e+00 1.000000000000000000e+00 4.192000000000000000e+03 3.649999999999999911e+00 1.300000000000000044e-01 1.500000000000000000e+02
2.830000000000000000e+02 4.865138062663198482e-01 0.000000000000000000e+00 1.000000000000000000e+00 1.000000000000000000e+00 3.802000000000000000e+03 3.589999999999999858e+00 -1.799999999999999933e-01 1.500000000000000000e+02
2.850000000000000000e+02 1.941479570695823775e-01 0.000000000000000000e+00 1.000000000000000000e+00 1.000000000000000000e+00 3.226000000000000000e+03 3.379999999999999893e+00 -6.600000000000000311e-01 1.500000000000000000e+02
2.860000000000000000e+02 1.136946325280231873e+00 0.000000000000000000e+00 1.000000000000000000e+00 1.000000000000000000e+00 4.456000000000000000e+03 3.669999999999999929e+00 3.499999999999999778e-01 1.500000000000000000e+02
2.870000000000000000e+02 2.731256646093521145e-01 0.000000000000000000e+00 1.000000000000000000e+00 1.000000000000000000e+00 3.428000000000000000e+03 3.479999999999999982e+00 -4.799999999999999822e-01 1.500000000000000000e+02
2.880000000000000000e+02 4.763659259818955327e-01 0.000000000000000000e+00 1.000000000000000000e+00 1.000000000000000000e+00 3.802000000000000000e+03 3.589999999999999858e+00 -1.799999999999999933e-01 1.500000000000000000e+02
2.890000000000000000e+02 1.175194207417415537e+00 0.000000000000000000e+00 1.000000000000000000e+00 1.000000000000000000e+00 4.529000000000000000e+03 3.680000000000000160e+00 4.099999999999999756e-01 1.500000000000000000e+02
2.930000000000000000e+02 2.540372262386361712e-01 0.000000000000000000e+00 1.000000000000000000e+00 1.000000000000000000e+00 3.428000000000000000e+03 3.479999999999999982e+00 -4.799999999999999822e-01 1.500000000000000000e+02
2.950000000000000000e+02 3.921025034923243946e-01 0.000000000000000000e+00 1.000000000000000000e+00 1.000000000000000000e+00 3.634000000000000000e+03 3.540000000000000036e+00 -3.200000000000000067e-01 1.500000000000000000e+02
2.960000000000000000e+02 4.700871345081495956e-01 0.000000000000000000e+00 1.000000000000000000e+00 1.000000000000000000e+00 3.802000000000000000e+03 3.589999999999999858e+00 -1.799999999999999933e-01 1.500000000000000000e+02
2.970000000000000000e+02 1.187151312601848918e+00 0.000000000000000000e+00 1.000000000000000000e+00 1.000000000000000000e+00 4.529000000000000000e+03 3.680000000000000160e+00 4.099999999999999756e-01 1.500000000000000000e+02
