0.000000000000000000e+00 0.000000000000000000e+00 0.000000000000000000e+00 0.000000000000000000e+00 0.000000000000000000e+00 0.000000000000000000e+00 0.000000000000000000e+00 0.000000000000000000e+00 0.000000000000000000e+00
0.000000000000000000e+00 4.650520354032460224e-01 3.457163457691871944e-01 1.000000000000000000e+00 3.090015170499214037e-01 5.349193019665460014e+00 2.345000000000000000e+03 3.569999999999999840e+00 -2.700000000000000178e+00
2.000000000000000000e+00 7.816713004963967704e-01 5.387724486181144634e-02 1.000000000000000000e+00 1.885230588491443315e-01 5.492615465106460704e+00 5.089791592468074668e+03 3.698999999999999844e+00 6.591738952443212618e+00
3.000000000000000000e+00 9.618884885843468346e-01 1.449960407959163255e-01 1.000000000000000000e+00 6.882301609252829966e-01 7.265718181219726901e+00 5.494143519621415180e+03 3.579000000000000181e+00 1.766037820686164750e+01
5.000000000000000000e+00 6.130637961650369228e-01 8.983255586176019936e-02 1.000000000000000000e+00 5.767531007161896817e-02 3.991960496362633837e+00 1.769293980687278236e+04 4.341999999999999638e+00 5.470159628939716185e+02
7.000000000000000000e+00 1.478585421881047079e-01 9.809431629504338224e-01 1.000000000000000000e+00 2.100353661073137701e-01 5.505921401585607278e+00 2.146841589360742728e+04 4.312999999999999723e+00 1.774189480890166124e+03
8.000000000000000000e+00 4.888390665387891132e-01 6.886674890711067532e-01 1.000000000000000000e+00 3.751421479699129646e-01 1.055600819154202785e+00 2.306216101697062186e+04 4.299999999999999822e+00 2.779713267759288556e+03
1.300000000000000000e+01 2.457755660012056753e-01 4.715839566256659898e-01 1.000000000000000000e+00 4.031094483418854457e-01 8.652921150590110244e+00 3.014393884279465783e+04 4.237000000000000099e+00 1.644371723214932354e+04
2.400000000000000000e+01 7.732173877415804419e-02 5.678342128226561147e-01 1.000000000000000000e+00 5.345573542965513791e-01 6.325560437591821739e+00 3.709368674132283923e+04 4.174000000000000377e+00 7.447319739059888525e+04
3.000000000000000000e+01 4.531745942578117026e-01 3.410252853690265429e-01 1.000000000000000000e+00 9.519788198322278738e-01 3.041238474040662165e+00 3.971001032638910692e+04 4.145999999999999908e+00 1.300169578033289872e+05
3.400000000000000000e+01 3.140860559902750593e-01 9.443611372789102454e-01 1.000000000000000000e+00 8.268932728178524094e-02 2.512120537619340510e+00 4.135233143476059922e+04 4.123999999999999666e+00 1.866379690834669454e+05
3.600000000000000000e+01 1.313889558352849540e-01 7.650983669882667204e-01 1.000000000000000000e+00 5.681341063526305080e-01 4.806163589055885588e+00 4.135233143476059922e+04 4.123999999999999666e+00 1.866379690834669454e+05
3.800000000000000000e+01 5.586372529844056967e-01 2.565109496486334129e-01 1.000000000000000000e+00 7.238075234090658450e-01 6.571627819191966147e+00 4.261868054241603386e+04 4.104000000000000092e+00 2.511886431509582035e+05
4.000000000000000000e+01 5.363335662168112750e-01 2.052971338922358058e-01 1.000000000000000000e+00 3.393856741228429286e-02 4.218904744706237331e+00 4.284498548137013131e+04 4.099999999999999645e+00 2.660725059798808652e+05
4.400000000000000000e+01 3.091665856370711118e-01 4.092834824243074543e-01 1.000000000000000000e+00 4.388726603575250351e-01 7.020336394344465880e+00 4.361139713930644211e+04 4.084999999999999964e+00 3.228494121712637716e+05
4.500000000000000000e+01 3.691557012322071452e-01 3.818731923701285114e-01 1.000000000000000000e+00 3.610262056702308042e-01 5.606826086458796432e+00 4.361139713930644211e+04 4.084999999999999964e+00 3.228494121712637716e+05
4.800000000000000000e+01 2.170856476247748079e-01 2.472451736885504792e-01 1.000000000000000000e+00 8.948485377771109306e-02 4.088342423915626078e+00 4.440174108068949135e+04 4.065999999999999837e+00 3.999447497610977734e+05
4.900000000000000000e+01 1.538056173674575422e-01 3.456465482548797263e-01 1.000000000000000000e+00 9.671274070119114663e-01 1.996582617159121220e+00 4.440174108068949135e+04 4.065999999999999837e+00 3.999447497610977734e+05
5.400000000000000000e+01 5.147804155652399016e-01 8.632423880322570575e-02 1.000000000000000000e+00 7.695900151655410415e-02 4.820354507332926808e+00 4.498834324565388670e+04 4.046999999999999709e+00 4.830588020397728542e+05
5.900000000000000000e+01 2.281058601895139537e-01 9.491259683947761427e-01 1.000000000000000000e+00 1.800676421357445545e-01 4.596184752760167136e+00 4.544645372095084895e+04 4.027000000000000135e+00 5.701642722807477694e+05
6.000000000000000000e+01 1.037845638293884099e+00 2.713765529040702562e-01 1.000000000000000000e+00 6.099279465089003649e-01 1.148352096126648458e+00 4.544645372095084895e+04 4.027000000000000135e+00 5.701642722807477694e+05
6.600000000000000000e+01 8.841447282534529994e-02 4.262863898200539570e-01 1.000000000000000000e+00 5.454114980021391723e-01 3.853756085139551146e+00 4.602565735813562787e+04 3.988999999999999879e+00 7.550922276654341258e+05
6.700000000000000000e+01 2.808565760681125748e-02 6.045039843203280361e-01 1.000000000000000000e+00 9.784199185412716382e-01 9.111345323562623832e+00 4.602565735813562787e+04 3.988999999999999879e+00 7.550922276654341258e+05
6.900000000000000000e+01 2.444422589020132097e-01 9.765235437382294714e-01 1.000000000000000000e+00 7.593034082633882687e-01 4.612986676509914119e+00 4.602565735813562787e+04 3.988999999999999879e+00 7.550922276654341258e+05
7.200000000000000000e+01 5.181878898987979376e-01 7.905403578542211651e-01 1.000000000000000000e+00 8.859187273675300789e-01 7.699060468802346513e+00 4.622745664910894266e+04 3.954000000000000181e+00 9.332543007969905157e+05
7.400000000000000000e+01 2.064267142673500144e-01 2.246447234817705585e-02 1.000000000000000000e+00 4.184134286088075916e-01 3.848437169171293082e+00 4.622745664910894266e+04 3.954000000000000181e+00 9.332543007969905157e+05
7.500000000000000000e+01 8.082243536694073693e-01 2.223172832685234024e-01 1.000000000000000000e+00 8.261794299401494790e-01 2.464045470123606751e+00 4.622745664910894266e+04 3.954000000000000181e+00 9.332543007969905157e+05
7.600000000000000000e+01 1.088277725468540291e+00 5.437105947448395149e-01 1.000000000000000000e+00 5.380248327562554556e-01 7.337417780620627994e+00 4.623810213992603531e+04 3.950000000000000178e+00 9.506047936562809628e+05
8.100000000000000000e+01 2.018724676826068043e-01 2.283430339152699995e-01 1.000000000000000000e+00 3.085731050603638392e-01 4.434260969160249921e+00 4.620617301970836706e+04 3.908999999999999808e+00 1.161448613840343896e+06
8.500000000000000000e+01 2.460055477284644465e-01 1.311469608787795282e-01 1.000000000000000000e+00 7.295338719813697637e-01 7.159126859537329857e+00 4.620617301970836706e+04 3.908999999999999808e+00 1.161448613840343896e+06
8.700000000000000000e+01 1.217006975843038380e-01 6.506685010550480319e-01 1.000000000000000000e+00 3.223590827833591188e-01 1.010516509672257612e+01 4.608928809808950609e+04 3.887999999999999901e+00 1.270574105208541965e+06
9.200000000000000000e+01 1.102939140712088983e+00 7.177244455623175146e-01 1.000000000000000000e+00 1.918575717520781820e-01 6.261796384481888467e+00 4.593037592608170962e+04 3.866000000000000103e+00 1.380384264602883719e+06
9.400000000000000000e+01 6.910205980974263307e-01 1.407271939813493633e-01 1.000000000000000000e+00 3.002688750974886744e-01 5.522244185914070513e+00 4.593037592608170962e+04 3.866000000000000103e+00 1.380384264602883719e+06
9.900000000000000000e+01 7.371680821594098210e-02 8.068914416018102553e-02 1.000000000000000000e+00 8.502447948665038391e-01 5.503453679188144321e+00 4.593037592608170962e+04 3.866000000000000103e+00 1.380384264602883719e+06
1.060000000000000000e+02 1.027443841845762762e+00 3.476279711115578541e-01 1.000000000000000000e+00 2.742223689608305204e-01 2.856734353766845924e+00 4.486420743836901966e+04 3.771999999999999797e+00 1.832314422371211229e+06
1.130000000000000000e+02 1.983155111030616979e-01 7.473899888293954463e-01 1.000000000000000000e+00 5.692613488476784278e-01 9.088453666237668926e+00 4.486420743836901966e+04 3.771999999999999797e+00 1.832314422371211229e+06
1.160000000000000000e+02 9.240674084452255022e-01 8.333173323190964377e-01 1.000000000000000000e+00 6.016635021641626446e-01 4.675204752063785385e+00 4.486420743836901966e+04 3.771999999999999797e+00 1.832314422371211229e+06
1.220000000000000000e+02 1.129057155353434316e+00 7.015160595262758259e-01 1.000000000000000000e+00 8.580736893821281353e-01 6.110367751450572094e+00 4.498834324565388670e+04 3.733000000000000096e+00 2.344228815319922753e+06
1.240000000000000000e+02 1.467577199863689674e-01 5.290388021318305212e-01 1.000000000000000000e+00 9.947610215961506519e-01 6.633912128791604523e+00 4.498834324565388670e+04 3.733000000000000096e+00 2.344228815319922753e+06
1.260000000000000000e+02 3.230599675225755418e-01 7.442190108955173411e-01 1.000000000000000000e+00 1.113792171610432646e-01 5.713474042233802841e+00 4.498834324565388670e+04 3.733000000000000096e+00 2.344228815319922753e+06
1.270000000000000000e+02 1.351768636848788840e-01 5.364971326353872305e-01 1.000000000000000000e+00 4.344093868678511328e-02 6.024191359962156156e+00 4.498834324565388670e+04 3.733000000000000096e+00 2.344228815319922753e+06
1.290000000000000000e+02 5.282859955041557809e-02 3.385064868120636339e-01 1.000000000000000000e+00 6.122504500724190724e-02 3.199595055056198678e+00 4.498834324565388670e+04 3.733000000000000096e+00 2.344228815319922753e+06
1.300000000000000000e+02 1.284582692905239298e+00 3.340426226647663643e-01 1.000000000000000000e+00 5.282563457915185889e-01 5.662931265828055949e+00 4.509205208756533102e+04 3.722999999999999865e+00 2.546830252585039008e+06
1.310000000000000000e+02 5.374674699688933854e-01 9.220565333289291177e-01 1.000000000000000000e+00 4.402907619581393206e-01 1.154179466009112787e+01 4.509205208756533102e+04 3.722999999999999865e+00 2.546830252585039008e+06
1.320000000000000000e+02 8.427649186219874355e-01 2.289559477208062965e-01 1.000000000000000000e+00 6.788988003611018396e-02 7.540803657563868612e+00 4.509205208756533102e+04 3.722999999999999865e+00 2.546830252585039008e+06
1.330000000000000000e+02 8.719740876693153619e-02 7.961807511621293854e-01 1.000000000000000000e+00 5.952556727190795316e-01 1.018184864005708157e+01 4.509205208756533102e+04 3.722999999999999865e+00 2.546830252585039008e+06
1.360000000000000000e+02 6.199798525866279109e-01 9.406007380037565424e-01 1.000000000000000000e+00 2.329906497482113759e-01 5.478497973976143243e+00 4.509205208756533102e+04 3.722999999999999865e+00 2.546830252585039008e+06
1.370000000000000000e+02 1.246129058182240623e+00 7.085638935938110006e-02 1.000000000000000000e+00 6.831288335676001244e-01 4.486823711060916153e+00 4.509205208756533102e+04 3.722999999999999865e+00 2.546830252585039008e+06
1.390000000000000000e+02 2.803248634767738778e-01 7.404625951588172939e-02 1.000000000000000000e+00 2.452896714429497749e-03 7.875606360772584580e+00 4.509205208756533102e+04 3.722999999999999865e+00 2.546830252585039008e+06
1.400000000000000000e+02 5.538261332291017913e-01 6.768104212603098802e-01 1.000000000000000000e+00 4.523072371830777483e-01 1.135086839359978761e+01 4.509205208756533102e+04 3.722999999999999865e+00 2.546830252585039008e+06
1.420000000000000000e+02 9.154708906849808037e-02 8.084871463759970567e-01 1.000000000000000000e+00 3.289169012115108481e-01 4.126618821062362663e+00 4.664445252037797763e+04 3.741000000000000103e+00 3.191537855100758374e+06
1.440000000000000000e+02 2.322952532038612405e-01 9.208658867329765352e-01 1.000000000000000000e+00 5.599879362379285297e-01 2.790098253741530421e+00 4.664445252037797763e+04 3.741000000000000103e+00 3.191537855100758374e+06
1.460000000000000000e+02 6.327021088826820794e-01 2.517142829414267258e-01 1.000000000000000000e+00 3.725344147269943340e-01 7.053700666265053876e+00 4.664445252037797763e+04 3.741000000000000103e+00 3.191537855100758374e+06
1.470000000000000000e+02 2.597085397512965410e-01 1.613476567318682386e-01 1.000000000000000000e+00 2.486431959033490458e-01 4.433976853038375410e+00 4.664445252037797763e+04 3.741000000000000103e+00 3.191537855100758374e+06
1.490000000000000000e+02 3.194435223447555927e-01 3.492585594898900414e-01 1.000000000000000000e+00 4.733167952759277375e-01 2.950336252996606845e+00 4.664445252037797763e+04 3.741000000000000103e+00 3.191537855100758374e+06
1.500000000000000000e+02 6.848558632535252377e-02 4.057908632427977835e-01 1.000000000000000000e+00 8.464976980913699878e-01 6.512989137667764439e+00 4.664445252037797763e+04 3.741000000000000103e+00 3.191537855100758374e+06
1.510000000000000000e+02 4.457078266052028614e-01 8.112622803226406942e-01 1.000000000000000000e+00 5.502051006289335744e-01 6.752011904159903821e+00 4.664445252037797763e+04 3.741000000000000103e+00 3.191537855100758374e+06
1.540000000000000000e+02 6.811051588185945693e-01 5.716632228434050944e-01 1.000000000000000000e+00 1.565954711342087968e-02 5.186781268071992024e+00 4.664445252037797763e+04 3.741000000000000103e+00 3.191537855100758374e+06
1.550000000000000000e+02 7.008106931727262623e-01 2.363703401415372385e-01 1.000000000000000000e+00 8.975046897244387534e-01 5.439870465556286838e+00 4.664445252037797763e+04 3.741000000000000103e+00 3.191537855100758374e+06
1.570000000000000000e+02 1.586954798051670168e-01 5.047161392982935091e-01 1.000000000000000000e+00 3.628827341599516476e-01 6.348078658848639755e+00 4.664445252037797763e+04 3.741000000000000103e+00 3.191537855100758374e+06
1.580000000000000000e+02 8.266444867984260592e-01 3.283344035363665592e-01 1.000000000000000000e+00 9.187268319306125530e-01 3.255236859502683266e+00 4.664445252037797763e+04 3.741000000000000103e+00 3.191537855100758374e+06
1.600000000000000000e+02 3.428777738028021549e-01 3.051161820460202012e-02 1.000000000000000000e+00 8.795219657034275551e-01 7.793517456263458598e+00 4.770896554256492527e+04 3.750999999999999890e+00 3.793149849736816715e+06
1.640000000000000000e+02 6.889802160899889394e-01 6.379238265515053685e-01 1.000000000000000000e+00 6.965405068626232543e-01 7.149438487957686661e+00 4.770896554256492527e+04 3.750999999999999890e+00 3.793149849736816715e+06
1.700000000000000000e+02 2.914723507050152040e-01 2.558249315396884382e-01 1.000000000000000000e+00 6.543201720580953396e-01 3.467567628928163170e+00 4.770896554256492527e+04 3.750999999999999890e+00 3.793149849736816715e+06
1.710000000000000000e+02 3.403687483705622463e-01 3.090085978880674489e-01 1.000000000000000000e+00 2.078662433121892805e-01 6.611127567975233710e+00 4.770896554256492527e+04 3.750999999999999890e+00 3.793149849736816715e+06
1.750000000000000000e+02 1.509481292920444029e-01 2.557036913623991214e-01 1.000000000000000000e+00 2.470952493953409990e-01 6.593206022807274636e+00 4.770896554256492527e+04 3.750999999999999890e+00 3.793149849736816715e+06
1.810000000000000000e+02 5.754621126451840013e-02 1.472359141037214991e-01 1.000000000000000000e+00 5.679790634735376598e-01 4.004468587705924065e+00 4.770896554256492527e+04 3.750999999999999890e+00 3.793149849736816715e+06
1.830000000000000000e+02 3.718232980740198701e-01 1.601207287403193513e-01 1.000000000000000000e+00 6.941597019278074043e-01 1.087867209617982489e+01 4.922661804443351139e+04 3.770000000000000018e+00 4.819477976251271553e+06
1.850000000000000000e+02 2.899229918082457669e-01 3.993152643658729462e-01 1.000000000000000000e+00 2.203416570174318023e-01 1.753122226885690083e+00 4.922661804443351139e+04 3.770000000000000018e+00 4.819477976251271553e+06
1.860000000000000000e+02 5.782283501561135131e-01 3.679054807439150476e-01 1.000000000000000000e+00 1.459639914414868622e-01 3.609324725502381703e+00 4.922661804443351139e+04 3.770000000000000018e+00 4.819477976251271553e+06
1.900000000000000000e+02 5.199184127853714171e-02 6.835179051668489603e-01 1.000000000000000000e+00 2.421021445166883224e-01 1.686081646149034441e+00 4.922661804443351139e+04 3.770000000000000018e+00 4.819477976251271553e+06
1.920000000000000000e+02 6.291586413999804561e-01 1.533650864867842634e-01 1.000000000000000000e+00 4.651556288891307567e-01 2.001438023327155147e+00 4.922661804443351139e+04 3.770000000000000018e+00 4.819477976251271553e+06
1.950000000000000000e+02 3.971121011960263569e-01 1.523228872808791712e-01 1.000000000000000000e+00 7.490842992984243498e-01 7.207977251076568947e+00 4.922661804443351139e+04 3.770000000000000018e+00 4.819477976251271553e+06
2.000000000000000000e+02 1.144460265938933574e-01 5.051023224889039653e-01 1.000000000000000000e+00 8.915599168943260100e-01 5.647568136858557963e+00 4.922661804443351139e+04 3.770000000000000018e+00 4.819477976251271553e+06
2.010000000000000000e+02 2.386259090831225130e-02 7.694074827134197436e-01 1.000000000000000000e+00 7.435973642903617176e-01 5.236644859615977587e+00 4.964779900060684304e+04 3.775999999999999801e+00 5.105049999754064716e+06
2.050000000000000000e+02 1.109423057409170577e+00 6.956420050886569229e-02 1.000000000000000000e+00 1.000798491268923840e-01 6.296438115370538213e+00 4.964779900060684304e+04 3.775999999999999801e+00 5.105049999754064716e+06
2.060000000000000000e+02 8.256711470426723043e-01 6.248462700153385452e-01 1.000000000000000000e+00 7.351416036071524163e-01 6.522191453921586834e+00 4.964779900060684304e+04 3.775999999999999801e+00 5.105049999754064716e+06
2.080000000000000000e+02 4.653376545305772383e-01 6.042584240176571697e-01 1.000000000000000000e+00 2.101223568274495079e-01 4.545268197584699799e+00 4.964779900060684304e+04 3.775999999999999801e+00 5.105049999754064716e+06
2.100000000000000000e+02 1.076142228933793854e+00 4.018287650512440967e-01 1.000000000000000000e+00 8.577145453087802185e-01 9.575341299241934223e+00 4.964779900060684304e+04 3.775999999999999801e+00 5.105049999754064716e+06
2.120000000000000000e+02 2.148683113477465323e-01 5.366417236710819827e-01 1.000000000000000000e+00 7.308874668943966535e-01 3.144839504482133563e+00 4.964779900060684304e+04 3.775999999999999801e+00 5.105049999754064716e+06
2.140000000000000000e+02 2.243262141047602520e-01 1.928580393413732441e-01 1.000000000000000000e+00 6.526974952076186609e-01 4.430673716548380270e+00 4.964779900060684304e+04 3.775999999999999801e+00 5.105049999754064716e+06
2.150000000000000000e+02 9.327714763967884792e-01 1.008382772763939395e-01 1.000000000000000000e+00 6.721187647262810705e-01 2.328327946154252093e+00 4.964779900060684304e+04 3.775999999999999801e+00 5.105049999754064716e+06
2.180000000000000000e+02 7.167011973853351092e-01 3.710062770432285273e-01 1.000000000000000000e+00 6.166534793305067375e-01 6.670646624981149131e+00 4.964779900060684304e+04 3.775999999999999801e+00 5.105049999754064716e+06
2.300000000000000000e+02 1.087685815331491890e+00 1.362985381744277191e-01 1.000000000000000000e+00 7.852000702092235551e-01 5.613448621551338391e+00 5.140436515824264643e+04 3.803999999999999826e+00 6.486344335482387803e+06
2.310000000000000000e+02 3.707271579552177121e-01 1.426438126743275747e-01 1.000000000000000000e+00 7.052977077552867735e-01 1.235436078345999444e+00 5.140436515824264643e+04 3.803999999999999826e+00 6.486344335482387803e+06
2.330000000000000000e+02 1.221133700775342001e-01 3.948086883396439983e-01 1.000000000000000000e+00 1.712629880001786953e-01 3.831029186886057758e+00 5.140436515824264643e+04 3.803999999999999826e+00 6.486344335482387803e+06
2.350000000000000000e+02 1.179179199967847369e+00 7.889338573951187872e-01 1.000000000000000000e+00 8.975627562033214879e-01 4.157338171814520145e+00 5.140436515824264643e+04 3.803999999999999826e+00 6.486344335482387803e+06
2.410000000000000000e+02 9.149026336814421179e-02 8.293409814190069174e-01 1.000000000000000000e+00 2.874102564743141741e-02 4.321571761369917830e+00 5.140436515824264643e+04 3.803999999999999826e+00 6.486344335482387803e+06
2.470000000000000000e+02 1.796519358097431740e-01 6.747252269058759966e-01 1.000000000000000000e+00 3.579766161824458059e-01 6.040503982298091046e+00 5.140436515824264643e+04 3.803999999999999826e+00 6.486344335482387803e+06
2.490000000000000000e+02 4.279621129314080674e-01 4.289452486159148759e-01 1.000000000000000000e+00 2.098231537677155423e-01 8.940684843514219438e+00 5.140436515824264643e+04 3.803999999999999826e+00 6.486344335482387803e+06
2.520000000000000000e+02 1.209768968676002837e-01 6.591970838762698515e-01 1.000000000000000000e+00 9.357248218893288172e-01 1.237879297175107141e+00 5.140436515824264643e+04 3.803999999999999826e+00 6.486344335482387803e+06
2.540000000000000000e+02 2.047483544810548284e-01 2.129431162992636573e-01 1.000000000000000000e+00 1.454565584190773420e-01 5.929012742897119992e+00 5.140436515824264643e+04 3.803999999999999826e+00 6.486344335482387803e+06
2.610000000000000000e+02 1.969590832586052831e-01 2.096922710173032556e-02 1.000000000000000000e+00 1.818869672403359283e-01 3.256556451304983391e+00 5.140436515824264643e+04 3.803999999999999826e+00 6.486344335482387803e+06
2.670000000000000000e+02 6.092071761056661039e-02 8.314227151974818986e-01 1.000000000000000000e+00 8.642173618049531214e-03 5.060288451934170872e+00 5.140436515824264643e+04 3.803999999999999826e+00 6.486344335482387803e+06
2.740000000000000000e+02 8.074153400298234029e-01 2.848641116880384905e-01 1.000000000000000000e+00 2.623187568080600496e-01 3.653175535104033145e+00 5.140436515824264643e+04 3.803999999999999826e+00 6.486344335482387803e+06
2.760000000000000000e+02 1.199889514625545328e-01 3.195096053388293278e-01 1.000000000000000000e+00 8.746056698352411285e-01 2.342714177319947577e+00 5.140436515824264643e+04 3.803999999999999826e+00 6.486344335482387803e+06
2.780000000000000000e+02 2.112748637721628686e-01 5.292910896399465326e-01 1.000000000000000000e+00 2.270879618420355017e-01 3.071112960110660151e+00 5.140436515824264643e+04 3.803999999999999826e+00 6.486344335482387803e+06
2.820000000000000000e+02 1.154463278119296360e-01 2.546834818202827755e-01 1.000000000000000000e+00 4.283716758700806260e-01 1.273844110081727266e+00 5.140436515824264643e+04 3.803999999999999826e+00 6.486344335482387803e+06
2.840000000000000000e+02 1.512623715617035236e-01 5.958918376196359334e-01 1.000000000000000000e+00 1.020358101315445021e-01 5.847694955683792273e+00 5.140436515824264643e+04 3.803999999999999826e+00 6.486344335482387803e+06
2.900000000000000000e+02 8.459375598758418491e-01 1.353076795710257407e-01 1.000000000000000000e+00 1.853837282644050788e-01 4.881369898105317517e+00 5.140436515824264643e+04 3.803999999999999826e+00 6.486344335482387803e+06
2.910000000000000000e+02 4.191112021008909228e-01 8.713770360134561743e-01 1.000000000000000000e+00 2.601590011233854138e-01 8.697007924203704832e+00 5.140436515824264643e+04 3.803999999999999826e+00 6.486344335482387803e+06
2.920000000000000000e+02 3.108702280414341046e-01 7.756030309580566051e-01 1.000000000000000000e+00 5.851867360773520543e-01 5.150234277542027783e+00 5.140436515824264643e+04 3.803999999999999826e+00 6.486344335482387803e+06
2.980000000000000000e+02 8.010357003732235248e-02 1.562380757315301461e-01 1.000000000000000000e+00 6.616283019645698982e-01 5.152853176970810800e+00 5.140436515824264643e+04 3.803999999999999826e+00 6.486344335482387803e+06
2.990000000000000000e+02 6.867232423313575085e-01 6.518653970003696063e-02 1.000000000000000000e+00 5.020155604031103502e-01 3.118628673693925712e+00 5.140436515824264643e+04 3.803999999999999826e+00 6.486344335482387803e+06
