# # Mass, Luminosity
4.000000000000000083e-02 -1.810000000000000053e+00
9.000000000000000222e-01 2.099999999999999922e-01
1.000000000000000000e+00 2.800000000000000266e-01
1.000000000000000000e+00 2.800000000000000266e-01
9.000000000000000222e-01 2.099999999999999922e-01
9.000000000000000222e-01 2.099999999999999922e-01
4.000000000000000083e-02 -1.810000000000000053e+00
1.300000000000000044e-01 -9.599999999999999645e-01
4.000000000000000083e-02 -1.810000000000000053e+00
4.000000000000000083e-02 -1.810000000000000053e+00
1.300000000000000044e-01 -9.599999999999999645e-01
5.999999999999999778e-01 -7.000000000000000666e-02
1.300000000000000044e-01 -9.599999999999999645e-01
4.000000000000000222e-01 -3.200000000000000067e-01
1.762999999999999901e+00 5.296634438916577814e+00
5.999999999999999778e-01 -7.000000000000000666e-02
1.000000000000000000e+00 2.800000000000000266e-01
9.000000000000000222e-01 2.099999999999999922e-01
9.000000000000000222e-01 2.099999999999999922e-01
1.000000000000000000e+00 2.800000000000000266e-01
