# # chi square, temperature, log(g), normalization
2.726377802949169293e+01 4.800000000000000000e+03 3.500000000000000000e+00 1.212320380467174941e+00
2.119475412368105083e+01 4.900000000000000000e+03 3.500000000000000000e+00 1.104934037932426838e+00
1.893602610871544201e+01 5.000000000000000000e+03 3.500000000000000000e+00 1.008097259410644098e+00
2.020946300530904693e+01 5.100000000000000000e+03 3.500000000000000000e+00 9.258887837415312738e-01
2.409570669049456981e+01 5.200000000000000000e+03 3.500000000000000000e+00 8.492603897369040977e-01
3.055310826809277458e+01 5.300000000000000000e+03 3.500000000000000000e+00 7.850425392038870021e-01
2.158718891002748563e+01 4.800000000000000000e+03 4.000000000000000000e+00 1.202852936144602980e+00
1.657678744442889851e+01 4.900000000000000000e+03 4.000000000000000000e+00 1.092155448203239843e+00
1.617218691305498623e+01 5.000000000000000000e+03 4.000000000000000000e+00 9.950283778260363698e-01
1.910868224724308817e+01 5.100000000000000000e+03 4.000000000000000000e+00 9.122868328215245626e-01
2.401436563766611343e+01 5.200000000000000000e+03 4.000000000000000000e+00 8.414349308339323930e-01
3.180212456202479032e+01 5.300000000000000000e+03 4.000000000000000000e+00 7.744675195475757556e-01
