# # chi square, temperature, log(g), normalization
2.309015749101660901e+02 3.700000000000000000e+03 3.500000000000000000e+00 1.400986654983264357e+00
8.274809670081563695e+01 3.800000000000000000e+03 3.500000000000000000e+00 1.170567035363206720e+00
4.575146395329274895e+01 3.900000000000000000e+03 3.500000000000000000e+00 1.004093628145006356e+00
7.699067062727750965e+01 4.000000000000000000e+03 3.500000000000000000e+00 8.665135845283579163e-01
1.635662696669419347e+02 4.100000000000000000e+03 3.500000000000000000e+00 7.517627419903520902e-01
2.665422226838292659e+02 4.200000000000000000e+03 3.500000000000000000e+00 6.693412339367568187e-01
1.580569273657770850e+02 3.700000000000000000e+03 4.000000000000000000e+00 1.326754419513852534e+00
7.145529792561555382e+01 3.800000000000000000e+03 4.000000000000000000e+00 1.138542836656585511e+00
5.318905685445228215e+01 3.900000000000000000e+03 4.000000000000000000e+00 9.860861050805217465e-01
8.600114538150495491e+01 4.000000000000000000e+03 4.000000000000000000e+00 8.512178276908067831e-01
1.650284931687935455e+02 4.100000000000000000e+03 4.000000000000000000e+00 7.373012846131851150e-01
2.576630393602203526e+02 4.200000000000000000e+03 4.000000000000000000e+00 6.531892103209524514e-01
