# # chi square, temperature, log(g), normalization
1.857209015958358691e+02 2.900000000000000000e+03 3.500000000000000000e+00 1.661409272716585894e+00
1.491790604269747575e+02 3.000000000000000000e+03 3.500000000000000000e+00 1.330295061146437474e+00
1.789317478566854902e+02 3.100000000000000000e+03 3.500000000000000000e+00 1.098122917730718351e+00
2.497360578501010764e+02 3.200000000000000000e+03 3.500000000000000000e+00 9.248171357452924513e-01
3.711234802745830166e+02 3.300000000000000000e+03 3.500000000000000000e+00 7.810857637256237718e-01
5.763854245813857915e+02 3.400000000000000000e+03 3.500000000000000000e+00 6.632717033313723087e-01
3.471072357578071887e+02 2.900000000000000000e+03 4.000000000000000000e+00 1.553961275434628586e+00
3.271409116585695074e+02 3.000000000000000000e+03 4.000000000000000000e+00 1.260790606987567841e+00
3.879472838444027616e+02 3.100000000000000000e+03 4.000000000000000000e+00 1.038252757741134236e+00
5.149073211804995935e+02 3.200000000000000000e+03 4.000000000000000000e+00 8.662222695838494024e-01
6.885710761600209935e+02 3.300000000000000000e+03 4.000000000000000000e+00 7.337132435507141004e-01
9.522892264694658024e+02 3.400000000000000000e+03 4.000000000000000000e+00 6.301793401803843508e-01
