# # chi square, temperature, log(g), normalization
1.780694680725535193e+02 3.800000000000000000e+03 3.500000000000000000e+00 1.367620498441348253e+00
7.213634373272603284e+01 3.900000000000000000e+03 3.500000000000000000e+00 1.169473704969778538e+00
4.190636117418235784e+01 4.000000000000000000e+03 3.500000000000000000e+00 1.006000379439241144e+00
6.875331632865027132e+01 4.100000000000000000e+03 3.500000000000000000e+00 8.715324248650112571e-01
1.262185505832155314e+02 4.200000000000000000e+03 3.500000000000000000e+00 7.742001438548061776e-01
2.140451522706850938e+02 4.300000000000000000e+03 3.500000000000000000e+00 6.782307674030036981e-01
1.447310948322111130e+02 3.800000000000000000e+03 4.000000000000000000e+00 1.330852100049922271e+00
7.066021156322354102e+01 3.900000000000000000e+03 4.000000000000000000e+00 1.148401736849306687e+00
4.660826755058307214e+01 4.000000000000000000e+03 4.000000000000000000e+00 9.880805027578530852e-01
7.122770842262573865e+01 4.100000000000000000e+03 4.000000000000000000e+00 8.544085369877963965e-01
1.219817745068468042e+02 4.200000000000000000e+03 4.000000000000000000e+00 7.564818451632235874e-01
1.987297002954408924e+02 4.300000000000000000e+03 4.000000000000000000e+00 6.701867503161019757e-01
