# # chi square, temperature, log(g), normalization
4.178612431604544213e+02 3.300000000000000000e+03 3.500000000000000000e+00 1.749493620280737627e+00
2.483561368204503310e+02 3.400000000000000000e+03 3.500000000000000000e+00 1.464127168924465039e+00
1.446610469695311849e+02 3.500000000000000000e+03 3.500000000000000000e+00 1.251681120955896009e+00
7.131879055450821170e+01 3.600000000000000000e+03 3.500000000000000000e+00 1.056830763478731949e+00
8.235440955087209147e+01 3.700000000000000000e+03 3.500000000000000000e+00 9.108035769741088528e-01
2.122271548052369496e+02 3.800000000000000000e+03 3.500000000000000000e+00 7.701972516591709672e-01
2.823511510419864408e+02 3.300000000000000000e+03 4.000000000000000000e+00 1.626069779651587499e+00
1.647125325784746224e+02 3.400000000000000000e+03 4.000000000000000000e+00 1.377091910838201372e+00
1.029960148198891687e+02 3.500000000000000000e+03 4.000000000000000000e+00 1.162337632624412809e+00
9.650709850404261658e+01 3.600000000000000000e+03 4.000000000000000000e+00 9.998155206402833395e-01
1.507388870716514191e+02 3.700000000000000000e+03 4.000000000000000000e+00 8.647921454243263639e-01
2.791333725067091223e+02 3.800000000000000000e+03 4.000000000000000000e+00 7.495338046442646673e-01
