# # chi square, temperature, log(g), normalization
9.257593441362878650e+01 4.100000000000000000e+03 3.500000000000000000e+00 1.302938629665770787e+00
4.623168403946345251e+01 4.200000000000000000e+03 3.500000000000000000e+00 1.151408488906443761e+00
3.136731429381263681e+01 4.300000000000000000e+03 3.500000000000000000e+00 1.004711728763774570e+00
4.143345732796910852e+01 4.400000000000000000e+03 3.500000000000000000e+00 8.876423158644520806e-01
6.146621022090435105e+01 4.500000000000000000e+03 3.500000000000000000e+00 7.933028953549263740e-01
8.718386099645212539e+01 4.600000000000000000e+03 3.500000000000000000e+00 7.094909880623064824e-01
9.320971169507397747e+01 4.100000000000000000e+03 4.000000000000000000e+00 1.280888812444449520e+00
4.938505138683466100e+01 4.200000000000000000e+03 4.000000000000000000e+00 1.128591691007108988e+00
3.098773104187807448e+01 4.300000000000000000e+03 4.000000000000000000e+00 9.964594196688706385e-01
3.620852749674023840e+01 4.400000000000000000e+03 4.000000000000000000e+00 8.863163726464254877e-01
5.632789525707790546e+01 4.500000000000000000e+03 4.000000000000000000e+00 7.876016071192776247e-01
8.318829797324188746e+01 4.600000000000000000e+03 4.000000000000000000e+00 7.038116397472173880e-01
