# # chi square, temperature, log(g), normalization
6.576745645887814362e+02 2.600000000000000000e+03 3.500000000000000000e+00 2.145210484463173195e+00
3.267093677746404978e+02 2.700000000000000000e+03 3.500000000000000000e+00 1.579952786716101842e+00
2.451804706102792295e+02 2.800000000000000000e+03 3.500000000000000000e+00 1.227492247069053910e+00
2.793151578521831198e+02 2.900000000000000000e+03 3.500000000000000000e+00 9.548611570478507948e-01
3.826411586768046504e+02 3.000000000000000000e+03 3.500000000000000000e+00 7.673661656847090562e-01
5.538945499103131169e+02 3.100000000000000000e+03 3.500000000000000000e+00 6.358641454353056721e-01
1.085923918971762305e+03 2.600000000000000000e+03 4.000000000000000000e+00 1.989555439173202211e+00
6.865267995466290358e+02 2.700000000000000000e+03 4.000000000000000000e+00 1.500488170994684900e+00
5.656922153087404013e+02 2.800000000000000000e+03 4.000000000000000000e+00 1.143489321396000236e+00
5.936824620186418997e+02 2.900000000000000000e+03 4.000000000000000000e+00 8.945956217305692793e-01
7.146063594815880151e+02 3.000000000000000000e+03 4.000000000000000000e+00 7.280689713992186674e-01
9.228096781510582787e+02 3.100000000000000000e+03 4.000000000000000000e+00 6.024288656773216788e-01
