# # chi square, temperature, log(g), normalization
7.793708112405197141e+01 4.200000000000000000e+03 3.500000000000000000e+00 1.303794363077604990e+00
3.796057521350705599e+01 4.300000000000000000e+03 3.500000000000000000e+00 1.136162606946025777e+00
2.837147102555913847e+01 4.400000000000000000e+03 3.500000000000000000e+00 1.003308129309466334e+00
3.373208246301009439e+01 4.500000000000000000e+03 3.500000000000000000e+00 8.953126547206519126e-01
4.759908957399041185e+01 4.600000000000000000e+03 3.500000000000000000e+00 8.002995193640373151e-01
6.645852834354340644e+01 4.700000000000000000e+03 3.500000000000000000e+00 7.244156926284514020e-01
8.204789187439804721e+01 4.200000000000000000e+03 4.000000000000000000e+00 1.277344205763459417e+00
4.095815989682038349e+01 4.300000000000000000e+03 4.000000000000000000e+00 1.127876742245472297e+00
2.648293316537937514e+01 4.400000000000000000e+03 4.000000000000000000e+00 1.001887011841607000e+00
2.999444035331675451e+01 4.500000000000000000e+03 4.000000000000000000e+00 8.892076648726963128e-01
4.350178564045904039e+01 4.600000000000000000e+03 4.000000000000000000e+00 7.946564990009864493e-01
6.237304930822495663e+01 4.700000000000000000e+03 4.000000000000000000e+00 7.161336809063418851e-01
