2.901916083555727832e-01 0.000000000000000000e+00 1.000000000000000000e+00 1.000000000000000000e+00 3.428000000000000000e+03 3.479999999999999982e+00 -4.799999999999999822e-01 1.500000000000000000e+02
1.342053553148583322e+00 1.000000000000000000e+00 1.000000000000000000e+00 1.000000000000000000e+00 4.596000000000000000e+03 3.680000000000000160e+00 4.699999999999999734e-01 1.500000000000000000e+02
2.220666675994772965e-01 0.000000000000000000e+00 1.000000000000000000e+00 1.000000000000000000e+00 3.226000000000000000e+03 3.379999999999999893e+00 -6.600000000000000311e-01 1.500000000000000000e+02
1.188234832164158927e+00 0.000000000000000000e+00 1.000000000000000000e+00 1.000000000000000000e+00 4.529000000000000000e+03 3.680000000000000160e+00 4.099999999999999756e-01 1.500000000000000000e+02
2.661129452082331981e-01 0.000000000000000000e+00 1.000000000000000000e+00 1.000000000000000000e+00 3.428000000000000000e+03 3.479999999999999982e+00 -4.799999999999999822e-01 1.500000000000000000e+02
5.804028323852837568e-02 0.000000000000000000e+00 1.000000000000000000e+00 1.000000000000000000e+00 2.864000000000000000e+03 3.520000000000000018e+00 -1.530000000000000027e+00 1.500000000000000000e+02
6.208483724956961325e-01 0.000000000000000000e+00 1.000000000000000000e+00 1.000000000000000000e+00 3.955000000000000000e+03 3.620000000000000107e+00 -7.000000000000000666e-02 1.500000000000000000e+02
7.017710915734293176e-02 0.000000000000000000e+00 1.000000000000000000e+00 1.000000000000000000e+00 2.897000000000000000e+03 3.490000000000000213e+00 -1.409999999999999920e+00 1.500000000000000000e+02
1.190182841504416222e+00 0.000000000000000000e+00 1.000000000000000000e+00 1.000000000000000000e+00 4.529000000000000000e+03 3.680000000000000160e+00 4.099999999999999756e-01 1.500000000000000000e+02
2.462964957769918362e-01 1.000000000000000000e+00 1.000000000000000000e+00 1.000000000000000000e+00 3.226000000000000000e+03 3.379999999999999893e+00 -6.600000000000000311e-01 1.500000000000000000e+02
1.196844778895932881e+00 0.000000000000000000e+00 1.000000000000000000e+00 1.000000000000000000e+00 4.529000000000000000e+03 3.680000000000000160e+00 4.099999999999999756e-01 1.500000000000000000e+02
1.189371468646274854e+00 0.000000000000000000e+00 1.000000000000000000e+00 1.000000000000000000e+00 4.529000000000000000e+03 3.680000000000000160e+00 4.099999999999999756e-01 1.500000000000000000e+02
1.394748718013044453e+00 0.000000000000000000e+00 1.000000000000000000e+00 1.000000000000000000e+00 4.658000000000000000e+03 3.680000000000000160e+00 5.200000000000000178e-01 1.500000000000000000e+02
6.750810483798520556e-01 0.000000000000000000e+00 1.000000000000000000e+00 1.000000000000000000e+00 4.078000000000000000e+03 3.629999999999999893e+00 4.000000000000000083e-02 1.500000000000000000e+02
1.308880375521180417e+00 1.000000000000000000e+00 1.000000000000000000e+00 1.000000000000000000e+00 4.596000000000000000e+03 3.680000000000000160e+00 4.699999999999999734e-01 1.500000000000000000e+02
7.508676013582421538e-02 0.000000000000000000e+00 1.000000000000000000e+00 1.000000000000000000e+00 2.897000000000000000e+03 3.470000000000000195e+00 -1.360000000000000098e+00 1.500000000000000000e+02
3.745764108463807696e-01 0.000000000000000000e+00 1.000000000000000000e+00 1.000000000000000000e+00 3.634000000000000000e+03 3.540000000000000036e+00 -3.200000000000000067e-01 1.500000000000000000e+02
2.189286028908332127e-01 0.000000000000000000e+00 1.000000000000000000e+00 1.000000000000000000e+00 3.226000000000000000e+03 3.379999999999999893e+00 -6.600000000000000311e-01 1.500000000000000000e+02
2.500714739614373072e-01 0.000000000000000000e+00 1.000000000000000000e+00 1.000000000000000000e+00 3.428000000000000000e+03 3.479999999999999982e+00 -4.799999999999999822e-01 1.500000000000000000e+02
1.139615749687229229e+00 0.000000000000000000e+00 1.000000000000000000e+00 1.000000000000000000e+00 4.456000000000000000e+03 3.669999999999999929e+00 3.499999999999999778e-01 1.500000000000000000e+02
2.210622049332280070e-01 1.000000000000000000e+00 1.000000000000000000e+00 1.000000000000000000e+00 3.226000000000000000e+03 3.379999999999999893e+00 -6.600000000000000311e-01 1.500000000000000000e+02
2.277630715298035735e-01 0.000000000000000000e+00 1.000000000000000000e+00 1.000000000000000000e+00 3.226000000000000000e+03 3.379999999999999893e+00 -6.600000000000000311e-01 1.500000000000000000e+02
3.498064510415829775e-01 0.000000000000000000e+00 1.000000000000000000e+00 1.000000000000000000e+00 3.428000000000000000e+03 3.479999999999999982e+00 -4.799999999999999822e-01 1.500000000000000000e+02
5.138473966560213047e-01 0.000000000000000000e+00 1.000000000000000000e+00 1.000000000000000000e+00 3.802000000000000000e+03 3.589999999999999858e+00 -1.799999999999999933e-01 1.500000000000000000e+02
1.188083526110326416e+00 0.000000000000000000e+00 1.000000000000000000e+00 1.000000000000000000e+00 4.529000000000000000e+03 3.680000000000000160e+00 4.099999999999999756e-01 1.500000000000000000e+02
2.868232847592265822e-01 0.000000000000000000e+00 1.000000000000000000e+00 1.000000000000000000e+00 3.428000000000000000e+03 3.479999999999999982e+00 -4.799999999999999822e-01 1.500000000000000000e+02
1.124155344735926043e+00 0.000000000000000000e+00 1.000000000000000000e+00 1.000000000000000000e+00 4.456000000000000000e+03 3.669999999999999929e+00 3.499999999999999778e-01 1.500000000000000000e+02
1.138973892548633904e+00 0.000000000000000000e+00 1.000000000000000000e+00 1.000000000000000000e+00 4.456000000000000000e+03 3.669999999999999929e+00 3.499999999999999778e-01 1.500000000000000000e+02
1.041112712917879324e-01 1.000000000000000000e+00 1.000000000000000000e+00 1.000000000000000000e+00 2.936000000000000000e+03 3.430000000000000160e+00 -1.169999999999999929e+00 1.500000000000000000e+02
1.143464922431544517e+00 0.000000000000000000e+00 1.000000000000000000e+00 1.000000000000000000e+00 4.456000000000000000e+03 3.669999999999999929e+00 3.499999999999999778e-01 1.500000000000000000e+02
2.225710478936606673e-01 0.000000000000000000e+00 1.000000000000000000e+00 1.000000000000000000e+00 3.226000000000000000e+03 3.379999999999999893e+00 -6.600000000000000311e-01 1.500000000000000000e+02
1.125333920545522837e+00 1.000000000000000000e+00 1.000000000000000000e+00 1.000000000000000000e+00 4.456000000000000000e+03 3.669999999999999929e+00 3.499999999999999778e-01 1.500000000000000000e+02
2.983464594573871920e-01 0.000000000000000000e+00 1.000000000000000000e+00 1.000000000000000000e+00 3.428000000000000000e+03 3.479999999999999982e+00 -4.799999999999999822e-01 1.500000000000000000e+02
1.333832654924425931e+00 0.000000000000000000e+00 1.000000000000000000e+00 1.000000000000000000e+00 4.596000000000000000e+03 3.680000000000000160e+00 4.699999999999999734e-01 1.500000000000000000e+02
2.536695913746327413e-01 0.000000000000000000e+00 1.000000000000000000e+00 1.000000000000000000e+00 3.428000000000000000e+03 3.479999999999999982e+00 -4.799999999999999822e-01 1.500000000000000000e+02
2.131648364989277289e-01 0.000000000000000000e+00 1.000000000000000000e+00 1.000000000000000000e+00 3.226000000000000000e+03 3.379999999999999893e+00 -6.600000000000000311e-01 1.500000000000000000e+02
1.132749246911888275e+00 0.000000000000000000e+00 1.000000000000000000e+00 1.000000000000000000e+00 4.456000000000000000e+03 3.669999999999999929e+00 3.499999999999999778e-01 1.500000000000000000e+02
3.357380962995945017e-01 0.000000000000000000e+00 1.000000000000000000e+00 1.000000000000000000e+00 3.428000000000000000e+03 3.479999999999999982e+00 -4.799999999999999822e-01 1.500000000000000000e+02
1.111285331683511401e+00 0.000000000000000000e+00 1.000000000000000000e+00 1.000000000000000000e+00 4.456000000000000000e+03 3.669999999999999929e+00 3.499999999999999778e-01 1.500000000000000000e+02
5.150988347084931585e-01 0.000000000000000000e+00 1.000000000000000000e+00 1.000000000000000000e+00 3.802000000000000000e+03 3.589999999999999858e+00 -1.799999999999999933e-01 1.500000000000000000e+02
1.110416575886265189e+00 0.000000000000000000e+00 1.000000000000000000e+00 1.000000000000000000e+00 4.456000000000000000e+03 3.669999999999999929e+00 3.499999999999999778e-01 1.500000000000000000e+02
2.243227067517840900e-01 1.000000000000000000e+00 1.000000000000000000e+00 1.000000000000000000e+00 3.226000000000000000e+03 3.379999999999999893e+00 -6.600000000000000311e-01 1.500000000000000000e+02
2.827269337792467918e-01 0.000000000000000000e+00 1.000000000000000000e+00 1.000000000000000000e+00 3.428000000000000000e+03 3.479999999999999982e+00 -4.799999999999999822e-01 1.500000000000000000e+02
8.411912172433342327e-01 0.000000000000000000e+00 1.000000000000000000e+00 1.000000000000000000e+00 4.192000000000000000e+03 3.649999999999999911e+00 1.300000000000000044e-01 1.500000000000000000e+02
9.756802169625294896e-02 0.000000000000000000e+00 1.000000000000000000e+00 1.000000000000000000e+00 2.936000000000000000e+03 3.430000000000000160e+00 -1.169999999999999929e+00 1.500000000000000000e+02
1.118707434076103402e+00 0.000000000000000000e+00 1.000000000000000000e+00 1.000000000000000000e+00 4.456000000000000000e+03 3.669999999999999929e+00 3.499999999999999778e-01 1.500000000000000000e+02
1.119306760549043878e+00 1.000000000000000000e+00 1.000000000000000000e+00 1.000000000000000000e+00 4.456000000000000000e+03 3.669999999999999929e+00 3.499999999999999778e-01 1.500000000000000000e+02
5.316121798672472920e-01 1.000000000000000000e+00 1.000000000000000000e+00 1.000000000000000000e+00 3.802000000000000000e+03 3.589999999999999858e+00 -1.799999999999999933e-01 1.500000000000000000e+02
2.795240092454145397e-01 0.000000000000000000e+00 1.000000000000000000e+00 1.000000000000000000e+00 3.428000000000000000e+03 3.479999999999999982e+00 -4.799999999999999822e-01 1.500000000000000000e+02
5.281517042596856060e-01 0.000000000000000000e+00 1.000000000000000000e+00 1.000000000000000000e+00 3.802000000000000000e+03 3.589999999999999858e+00 -1.799999999999999933e-01 1.500000000000000000e+02
2.017420607726662096e-01 0.000000000000000000e+00 1.000000000000000000e+00 1.000000000000000000e+00 3.226000000000000000e+03 3.379999999999999893e+00 -6.600000000000000311e-01 1.500000000000000000e+02
4.653168790158653256e-01 0.000000000000000000e+00 1.000000000000000000e+00 1.000000000000000000e+00 3.802000000000000000e+03 3.589999999999999858e+00 -1.799999999999999933e-01 1.500000000000000000e+02
2.288138359673911049e-01 0.000000000000000000e+00 1.000000000000000000e+00 1.000000000000000000e+00 3.226000000000000000e+03 3.379999999999999893e+00 -6.600000000000000311e-01 1.500000000000000000e+02
2.167562487020608664e-01 0.000000000000000000e+00 1.000000000000000000e+00 1.000000000000000000e+00 3.226000000000000000e+03 3.379999999999999893e+00 -6.600000000000000311e-01 1.500000000000000000e+02
1.961981639511070075e-01 1.000000000000000000e+00 1.000000000000000000e+00 1.000000000000000000e+00 3.226000000000000000e+03 3.379999999999999893e+00 -6.600000000000000311e-01 1.500000000000000000e+02
1.195157530514134647e+00 0.000000000000000000e+00 1.000000000000000000e+00 1.000000000000000000e+00 4.529000000000000000e+03 3.680000000000000160e+00 4.099999999999999756e-01 1.500000000000000000e+02
5.158266078414777134e-01 0.000000000000000000e+00 1.000000000000000000e+00 1.000000000000000000e+00 3.802000000000000000e+03 3.589999999999999858e+00 -1.799999999999999933e-01 1.500000000000000000e+02
9.599105711234867666e-02 1.000000000000000000e+00 1.000000000000000000e+00 1.000000000000000000e+00 2.936000000000000000e+03 3.430000000000000160e+00 -1.169999999999999929e+00 1.500000000000000000e+02
8.874744682754905911e-01 0.000000000000000000e+00 1.000000000000000000e+00 1.000000000000000000e+00 4.290000000000000000e+03 3.660000000000000142e+00 2.099999999999999922e-01 1.500000000000000000e+02
9.554085510414833671e-02 0.000000000000000000e+00 1.000000000000000000e+00 1.000000000000000000e+00 2.936000000000000000e+03 3.430000000000000160e+00 -1.169999999999999929e+00 1.500000000000000000e+02
2.879915282344616134e-01 0.000000000000000000e+00 1.000000000000000000e+00 1.000000000000000000e+00 3.428000000000000000e+03 3.479999999999999982e+00 -4.799999999999999822e-01 1.500000000000000000e+02
1.119420044666814551e+00 0.000000000000000000e+00 1.000000000000000000e+00 1.000000000000000000e+00 4.456000000000000000e+03 3.669999999999999929e+00 3.499999999999999778e-01 1.500000000000000000e+02
1.115668815461883012e+00 1.000000000000000000e+00 1.000000000000000000e+00 1.000000000000000000e+00 4.456000000000000000e+03 3.669999999999999929e+00 3.499999999999999778e-01 1.500000000000000000e+02
1.133347781586183656e+00 0.000000000000000000e+00 1.000000000000000000e+00 1.000000000000000000e+00 4.456000000000000000e+03 3.669999999999999929e+00 3.499999999999999778e-01 1.500000000000000000e+02
2.481579429559114813e-01 0.000000000000000000e+00 1.000000000000000000e+00 1.000000000000000000e+00 3.226000000000000000e+03 3.379999999999999893e+00 -6.600000000000000311e-01 1.500000000000000000e+02
1.109613223493894241e+00 0.000000000000000000e+00 1.000000000000000000e+00 1.000000000000000000e+00 4.456000000000000000e+03 3.669999999999999929e+00 3.499999999999999778e-01 1.500000000000000000e+02
3.807257256333059225e-01 0.000000000000000000e+00 1.000000000000000000e+00 1.000000000000000000e+00 3.634000000000000000e+03 3.540000000000000036e+00 -3.200000000000000067e-01 1.500000000000000000e+02
1.124910508541872911e+00 0.000000000000000000e+00 1.000000000000000000e+00 1.000000000000000000e+00 4.456000000000000000e+03 3.669999999999999929e+00 3.499999999999999778e-01 1.500000000000000000e+02
1.300769337417195581e+00 0.000000000000000000e+00 1.000000000000000000e+00 1.000000000000000000e+00 4.596000000000000000e+03 3.680000000000000160e+00 4.699999999999999734e-01 1.500000000000000000e+02
9.875930943776595194e-02 1.000000000000000000e+00 1.000000000000000000e+00 1.000000000000000000e+00 2.936000000000000000e+03 3.430000000000000160e+00 -1.169999999999999929e+00 1.500000000000000000e+02
1.119018136577897504e+00 0.000000000000000000e+00 1.000000000000000000e+00 1.000000000000000000e+00 4.456000000000000000e+03 3.669999999999999929e+00 3.499999999999999778e-01 1.500000000000000000e+02
2.885722028699907460e-01 0.000000000000000000e+00 1.000000000000000000e+00 1.000000000000000000e+00 3.428000000000000000e+03 3.479999999999999982e+00 -4.799999999999999822e-01 1.500000000000000000e+02
3.564512819433557356e-01 0.000000000000000000e+00 1.000000000000000000e+00 1.000000000000000000e+00 3.634000000000000000e+03 3.540000000000000036e+00 -3.200000000000000067e-01 1.500000000000000000e+02
3.622749762586597866e-01 0.000000000000000000e+00 1.000000000000000000e+00 1.000000000000000000e+00 3.634000000000000000e+03 3.540000000000000036e+00 -3.200000000000000067e-01 1.500000000000000000e+02
2.456959528176599072e-01 0.000000000000000000e+00 1.000000000000000000e+00 1.000000000000000000e+00 3.226000000000000000e+03 3.379999999999999893e+00 -6.600000000000000311e-01 1.500000000000000000e+02
5.759885506600687100e-01 0.000000000000000000e+00 1.000000000000000000e+00 1.000000000000000000e+00 3.955000000000000000e+03 3.620000000000000107e+00 -7.000000000000000666e-02 1.500000000000000000e+02
1.113252899615479130e+00 0.000000000000000000e+00 1.000000000000000000e+00 1.000000000000000000e+00 4.456000000000000000e+03 3.669999999999999929e+00 3.499999999999999778e-01 1.500000000000000000e+02
5.927810321259019410e-01 0.000000000000000000e+00 1.000000000000000000e+00 1.000000000000000000e+00 3.955000000000000000e+03 3.620000000000000107e+00 -7.000000000000000666e-02 1.500000000000000000e+02
1.117322825984636836e+00 0.000000000000000000e+00 1.000000000000000000e+00 1.000000000000000000e+00 4.456000000000000000e+03 3.669999999999999929e+00 3.499999999999999778e-01 1.500000000000000000e+02
2.018663503928169733e-01 0.000000000000000000e+00 1.000000000000000000e+00 1.000000000000000000e+00 3.226000000000000000e+03 3.379999999999999893e+00 -6.600000000000000311e-01 1.500000000000000000e+02
5.420401825663188067e-01 1.000000000000000000e+00 1.000000000000000000e+00 1.000000000000000000e+00 3.802000000000000000e+03 3.589999999999999858e+00 -1.799999999999999933e-01 1.500000000000000000e+02
4.471894610337672771e-01 1.000000000000000000e+00 1.000000000000000000e+00 1.000000000000000000e+00 3.634000000000000000e+03 3.540000000000000036e+00 -3.200000000000000067e-01 1.500000000000000000e+02
1.119170761079858245e+00 0.000000000000000000e+00 1.000000000000000000e+00 1.000000000000000000e+00 4.456000000000000000e+03 3.669999999999999929e+00 3.499999999999999778e-01 1.500000000000000000e+02
2.503606890570399535e-01 0.000000000000000000e+00 1.000000000000000000e+00 1.000000000000000000e+00 3.428000000000000000e+03 3.479999999999999982e+00 -4.799999999999999822e-01 1.500000000000000000e+02
9.174169675059330731e-02 0.000000000000000000e+00 1.000000000000000000e+00 1.000000000000000000e+00 2.908000000000000000e+03 3.419999999999999929e+00 -1.229999999999999982e+00 1.500000000000000000e+02
2.475523796431160772e-01 0.000000000000000000e+00 1.000000000000000000e+00 1.000000000000000000e+00 3.226000000000000000e+03 3.379999999999999893e+00 -6.600000000000000311e-01 1.500000000000000000e+02
1.141850457431429211e+00 1.000000000000000000e+00 1.000000000000000000e+00 1.000000000000000000e+00 4.456000000000000000e+03 3.669999999999999929e+00 3.499999999999999778e-01 1.500000000000000000e+02
1.608109971858185716e+00 0.000000000000000000e+00 1.000000000000000000e+00 1.000000000000000000e+00 4.926063433495771278e+03 3.709000000000000075e+00 4.518559443749223803e+00 1.500000000000000000e+02
2.349344312117699063e-01 1.000000000000000000e+00 1.000000000000000000e+00 1.000000000000000000e+00 3.226000000000000000e+03 3.379999999999999893e+00 -6.600000000000000311e-01 1.500000000000000000e+02
7.416251471191820377e-01 0.000000000000000000e+00 1.000000000000000000e+00 1.000000000000000000e+00 4.078000000000000000e+03 3.629999999999999893e+00 4.000000000000000083e-02 1.500000000000000000e+02
3.933338942736244181e-01 0.000000000000000000e+00 1.000000000000000000e+00 1.000000000000000000e+00 3.634000000000000000e+03 3.540000000000000036e+00 -3.200000000000000067e-01 1.500000000000000000e+02
4.408286482361140068e-01 0.000000000000000000e+00 1.000000000000000000e+00 1.000000000000000000e+00 3.634000000000000000e+03 3.540000000000000036e+00 -3.200000000000000067e-01 1.500000000000000000e+02
4.202078428925495879e-01 0.000000000000000000e+00 1.000000000000000000e+00 1.000000000000000000e+00 3.634000000000000000e+03 3.540000000000000036e+00 -3.200000000000000067e-01 1.500000000000000000e+02
1.163175479098051746e+00 0.000000000000000000e+00 1.000000000000000000e+00 1.000000000000000000e+00 4.529000000000000000e+03 3.680000000000000160e+00 4.099999999999999756e-01 1.500000000000000000e+02
3.467317846105924528e-01 0.000000000000000000e+00 1.000000000000000000e+00 1.000000000000000000e+00 3.428000000000000000e+03 3.479999999999999982e+00 -4.799999999999999822e-01 1.500000000000000000e+02
2.021848683256654677e+00 0.000000000000000000e+00 1.000000000000000000e+00 1.000000000000000000e+00 5.089791592468074668e+03 3.698999999999999844e+00 6.591738952443212618e+00 1.500000000000000000e+02
2.984152665907278124e-01 0.000000000000000000e+00 1.000000000000000000e+00 1.000000000000000000e+00 3.428000000000000000e+03 3.479999999999999982e+00 -4.799999999999999822e-01 1.500000000000000000e+02
1.893006063882152479e-01 0.000000000000000000e+00 1.000000000000000000e+00 1.000000000000000000e+00 3.226000000000000000e+03 3.379999999999999893e+00 -6.600000000000000311e-01 1.500000000000000000e+02
2.954938008325613819e-01 0.000000000000000000e+00 1.000000000000000000e+00 1.000000000000000000e+00 3.428000000000000000e+03 3.479999999999999982e+00 -4.799999999999999822e-01 1.500000000000000000e+02
8.094915058586628076e-01 0.000000000000000000e+00 1.000000000000000000e+00 1.000000000000000000e+00 4.192000000000000000e+03 3.649999999999999911e+00 1.300000000000000044e-01 1.500000000000000000e+02
3.310223994607421893e-01 0.000000000000000000e+00 1.000000000000000000e+00 1.000000000000000000e+00 3.428000000000000000e+03 3.479999999999999982e+00 -4.799999999999999822e-01 1.500000000000000000e+02
7.675443536799694821e-02 1.000000000000000000e+00 1.000000000000000000e+00 1.000000000000000000e+00 2.897000000000000000e+03 3.470000000000000195e+00 -1.360000000000000098e+00 1.500000000000000000e+02
1.143649972403623760e+00 0.000000000000000000e+00 1.000000000000000000e+00 1.000000000000000000e+00 4.456000000000000000e+03 3.669999999999999929e+00 3.499999999999999778e-01 1.500000000000000000e+02
2.407556072714332362e+00 0.000000000000000000e+00 1.000000000000000000e+00 1.000000000000000000e+00 5.234798870090690798e+03 3.674999999999999822e+00 9.354056741475519132e+00 1.500000000000000000e+02
2.182589798752401777e-01 0.000000000000000000e+00 1.000000000000000000e+00 1.000000000000000000e+00 3.226000000000000000e+03 3.379999999999999893e+00 -6.600000000000000311e-01 1.500000000000000000e+02
2.330969678619677854e+00 0.000000000000000000e+00 1.000000000000000000e+00 1.000000000000000000e+00 5.198762768142834830e+03 3.682999999999999829e+00 8.550667128846834331e+00 1.500000000000000000e+02
1.108839743916222753e+00 0.000000000000000000e+00 1.000000000000000000e+00 1.000000000000000000e+00 4.456000000000000000e+03 3.669999999999999929e+00 3.499999999999999778e-01 1.500000000000000000e+02
3.226028806515402469e-01 0.000000000000000000e+00 1.000000000000000000e+00 1.000000000000000000e+00 3.428000000000000000e+03 3.479999999999999982e+00 -4.799999999999999822e-01 1.500000000000000000e+02
2.101741844602769693e-01 0.000000000000000000e+00 1.000000000000000000e+00 1.000000000000000000e+00 3.226000000000000000e+03 3.379999999999999893e+00 -6.600000000000000311e-01 1.500000000000000000e+02
5.233389192640863774e-01 0.000000000000000000e+00 1.000000000000000000e+00 1.000000000000000000e+00 3.802000000000000000e+03 3.589999999999999858e+00 -1.799999999999999933e-01 1.500000000000000000e+02
2.643047321392693605e-01 0.000000000000000000e+00 1.000000000000000000e+00 1.000000000000000000e+00 3.428000000000000000e+03 3.479999999999999982e+00 -4.799999999999999822e-01 1.500000000000000000e+02
2.647152103904872877e+00 1.000000000000000000e+00 1.000000000000000000e+00 1.000000000000000000e+00 5.314959995066476949e+03 3.657000000000000028e+00 1.122018454301963608e+01 1.500000000000000000e+02
1.138223995664469523e+00 0.000000000000000000e+00 1.000000000000000000e+00 1.000000000000000000e+00 4.456000000000000000e+03 3.669999999999999929e+00 3.499999999999999778e-01 1.500000000000000000e+02
1.199727939168864888e+00 0.000000000000000000e+00 1.000000000000000000e+00 1.000000000000000000e+00 4.529000000000000000e+03 3.680000000000000160e+00 4.099999999999999756e-01 1.500000000000000000e+02
6.246599666336090095e-01 0.000000000000000000e+00 1.000000000000000000e+00 1.000000000000000000e+00 3.955000000000000000e+03 3.620000000000000107e+00 -7.000000000000000666e-02 1.500000000000000000e+02
2.610644879722421874e-01 0.000000000000000000e+00 1.000000000000000000e+00 1.000000000000000000e+00 3.428000000000000000e+03 3.479999999999999982e+00 -4.799999999999999822e-01 1.500000000000000000e+02
1.199691780145348829e+00 0.000000000000000000e+00 1.000000000000000000e+00 1.000000000000000000e+00 4.529000000000000000e+03 3.680000000000000160e+00 4.099999999999999756e-01 1.500000000000000000e+02
1.588246018868359144e+00 1.000000000000000000e+00 1.000000000000000000e+00 1.000000000000000000e+00 4.926063433495771278e+03 3.709000000000000075e+00 4.518559443749223803e+00 1.500000000000000000e+02
5.154895836850927893e-01 0.000000000000000000e+00 1.000000000000000000e+00 1.000000000000000000e+00 3.802000000000000000e+03 3.589999999999999858e+00 -1.799999999999999933e-01 1.500000000000000000e+02
2.371606034538525920e-01 1.000000000000000000e+00 1.000000000000000000e+00 1.000000000000000000e+00 3.226000000000000000e+03 3.379999999999999893e+00 -6.600000000000000311e-01 1.500000000000000000e+02
2.949664578190245856e-01 1.000000000000000000e+00 1.000000000000000000e+00 1.000000000000000000e+00 3.428000000000000000e+03 3.479999999999999982e+00 -4.799999999999999822e-01 1.500000000000000000e+02
6.628965381968420223e-01 0.000000000000000000e+00 1.000000000000000000e+00 1.000000000000000000e+00 4.078000000000000000e+03 3.629999999999999893e+00 4.000000000000000083e-02 1.500000000000000000e+02
3.507786614302734751e-01 0.000000000000000000e+00 1.000000000000000000e+00 1.000000000000000000e+00 3.634000000000000000e+03 3.540000000000000036e+00 -3.200000000000000067e-01 1.500000000000000000e+02
3.098672746114782273e-01 0.000000000000000000e+00 1.000000000000000000e+00 1.000000000000000000e+00 3.428000000000000000e+03 3.479999999999999982e+00 -4.799999999999999822e-01 1.500000000000000000e+02
3.979530910487728002e-01 0.000000000000000000e+00 1.000000000000000000e+00 1.000000000000000000e+00 3.634000000000000000e+03 3.540000000000000036e+00 -3.200000000000000067e-01 1.500000000000000000e+02
3.915748480216622585e-01 0.000000000000000000e+00 1.000000000000000000e+00 1.000000000000000000e+00 3.634000000000000000e+03 3.540000000000000036e+00 -3.200000000000000067e-01 1.500000000000000000e+02
2.053117900973664145e-01 0.000000000000000000e+00 1.000000000000000000e+00 1.000000000000000000e+00 3.226000000000000000e+03 3.379999999999999893e+00 -6.600000000000000311e-01 1.500000000000000000e+02
1.161706624038145064e+00 0.000000000000000000e+00 1.000000000000000000e+00 1.000000000000000000e+00 4.529000000000000000e+03 3.680000000000000160e+00 4.099999999999999756e-01 1.500000000000000000e+02
1.140486284564810049e+00 0.000000000000000000e+00 1.000000000000000000e+00 1.000000000000000000e+00 4.456000000000000000e+03 3.669999999999999929e+00 3.499999999999999778e-01 1.500000000000000000e+02
4.052621560713610682e-01 0.000000000000000000e+00 1.000000000000000000e+00 1.000000000000000000e+00 3.634000000000000000e+03 3.540000000000000036e+00 -3.200000000000000067e-01 1.500000000000000000e+02
1.112057973405166322e+00 0.000000000000000000e+00 1.000000000000000000e+00 1.000000000000000000e+00 4.456000000000000000e+03 3.669999999999999929e+00 3.499999999999999778e-01 1.500000000000000000e+02
1.126553681924108652e+00 0.000000000000000000e+00 1.000000000000000000e+00 1.000000000000000000e+00 4.456000000000000000e+03 3.669999999999999929e+00 3.499999999999999778e-01 1.500000000000000000e+02
2.342299310818637403e-01 1.000000000000000000e+00 1.000000000000000000e+00 1.000000000000000000e+00 3.226000000000000000e+03 3.379999999999999893e+00 -6.600000000000000311e-01 1.500000000000000000e+02
5.866582775351232293e-01 0.000000000000000000e+00 1.000000000000000000e+00 1.000000000000000000e+00 3.955000000000000000e+03 3.620000000000000107e+00 -7.000000000000000666e-02 1.500000000000000000e+02
1.239371565505156481e+00 0.000000000000000000e+00 1.000000000000000000e+00 1.000000000000000000e+00 4.529000000000000000e+03 3.680000000000000160e+00 4.099999999999999756e-01 1.500000000000000000e+02
6.657792727497580110e-01 0.000000000000000000e+00 1.000000000000000000e+00 1.000000000000000000e+00 4.078000000000000000e+03 3.629999999999999893e+00 4.000000000000000083e-02 1.500000000000000000e+02
2.386002815369363816e-01 0.000000000000000000e+00 1.000000000000000000e+00 1.000000000000000000e+00 3.226000000000000000e+03 3.379999999999999893e+00 -6.600000000000000311e-01 1.500000000000000000e+02
7.004423046825133947e-02 1.000000000000000000e+00 1.000000000000000000e+00 1.000000000000000000e+00 2.897000000000000000e+03 3.490000000000000213e+00 -1.409999999999999920e+00 1.500000000000000000e+02
1.297252427329038227e+00 0.000000000000000000e+00 1.000000000000000000e+00 1.000000000000000000e+00 4.596000000000000000e+03 3.680000000000000160e+00 4.699999999999999734e-01 1.500000000000000000e+02
1.171560558474705971e+00 0.000000000000000000e+00 1.000000000000000000e+00 1.000000000000000000e+00 4.529000000000000000e+03 3.680000000000000160e+00 4.099999999999999756e-01 1.500000000000000000e+02
2.748573574231983896e-01 0.000000000000000000e+00 1.000000000000000000e+00 1.000000000000000000e+00 3.428000000000000000e+03 3.479999999999999982e+00 -4.799999999999999822e-01 1.500000000000000000e+02
1.994917011922262284e-01 0.000000000000000000e+00 1.000000000000000000e+00 1.000000000000000000e+00 3.226000000000000000e+03 3.379999999999999893e+00 -6.600000000000000311e-01 1.500000000000000000e+02
3.713958909984605428e-01 0.000000000000000000e+00 1.000000000000000000e+00 1.000000000000000000e+00 3.634000000000000000e+03 3.540000000000000036e+00 -3.200000000000000067e-01 1.500000000000000000e+02
2.515009959092102121e-01 0.000000000000000000e+00 1.000000000000000000e+00 1.000000000000000000e+00 3.428000000000000000e+03 3.479999999999999982e+00 -4.799999999999999822e-01 1.500000000000000000e+02
1.124871282598783662e+00 0.000000000000000000e+00 1.000000000000000000e+00 1.000000000000000000e+00 4.456000000000000000e+03 3.669999999999999929e+00 3.499999999999999778e-01 1.500000000000000000e+02
3.143148084520670515e-01 0.000000000000000000e+00 1.000000000000000000e+00 1.000000000000000000e+00 3.428000000000000000e+03 3.479999999999999982e+00 -4.799999999999999822e-01 1.500000000000000000e+02
2.575238764515076495e-01 0.000000000000000000e+00 1.000000000000000000e+00 1.000000000000000000e+00 3.428000000000000000e+03 3.479999999999999982e+00 -4.799999999999999822e-01 1.500000000000000000e+02
5.897810785658066379e-01 0.000000000000000000e+00 1.000000000000000000e+00 1.000000000000000000e+00 3.955000000000000000e+03 3.620000000000000107e+00 -7.000000000000000666e-02 1.500000000000000000e+02
2.828313506136324595e-01 0.000000000000000000e+00 1.000000000000000000e+00 1.000000000000000000e+00 3.428000000000000000e+03 3.479999999999999982e+00 -4.799999999999999822e-01 1.500000000000000000e+02
1.111729341489422040e+00 0.000000000000000000e+00 1.000000000000000000e+00 1.000000000000000000e+00 4.456000000000000000e+03 3.669999999999999929e+00 3.499999999999999778e-01 1.500000000000000000e+02
1.131096914643679563e+00 0.000000000000000000e+00 1.000000000000000000e+00 1.000000000000000000e+00 4.456000000000000000e+03 3.669999999999999929e+00 3.499999999999999778e-01 1.500000000000000000e+02
7.380509855117298179e-02 0.000000000000000000e+00 1.000000000000000000e+00 1.000000000000000000e+00 2.897000000000000000e+03 3.470000000000000195e+00 -1.360000000000000098e+00 1.500000000000000000e+02
1.131303632273565674e+00 0.000000000000000000e+00 1.000000000000000000e+00 1.000000000000000000e+00 4.456000000000000000e+03 3.669999999999999929e+00 3.499999999999999778e-01 1.500000000000000000e+02
1.117772499558638666e+00 1.000000000000000000e+00 1.000000000000000000e+00 1.000000000000000000e+00 4.456000000000000000e+03 3.669999999999999929e+00 3.499999999999999778e-01 1.500000000000000000e+02
1.264235979815398148e+00 0.000000000000000000e+00 1.000000000000000000e+00 1.000000000000000000e+00 4.596000000000000000e+03 3.680000000000000160e+00 4.699999999999999734e-01 1.500000000000000000e+02
1.310621468550770219e+00 0.000000000000000000e+00 1.000000000000000000e+00 1.000000000000000000e+00 4.596000000000000000e+03 3.680000000000000160e+00 4.699999999999999734e-01 1.500000000000000000e+02
1.039889827864690919e-01 0.000000000000000000e+00 1.000000000000000000e+00 1.000000000000000000e+00 2.936000000000000000e+03 3.430000000000000160e+00 -1.169999999999999929e+00 1.500000000000000000e+02
4.591553025620716544e-01 0.000000000000000000e+00 1.000000000000000000e+00 1.000000000000000000e+00 3.802000000000000000e+03 3.589999999999999858e+00 -1.799999999999999933e-01 1.500000000000000000e+02
3.732966187514745460e-02 1.000000000000000000e+00 1.000000000000000000e+00 1.000000000000000000e+00 2.779000000000000000e+03 3.569999999999999840e+00 -1.810000000000000053e+00 1.500000000000000000e+02
1.146378784230070336e+00 0.000000000000000000e+00 1.000000000000000000e+00 1.000000000000000000e+00 4.456000000000000000e+03 3.669999999999999929e+00 3.499999999999999778e-01 1.500000000000000000e+02
5.111455720850673901e-01 0.000000000000000000e+00 1.000000000000000000e+00 1.000000000000000000e+00 3.802000000000000000e+03 3.589999999999999858e+00 -1.799999999999999933e-01 1.500000000000000000e+02
2.922982792414784980e-01 0.000000000000000000e+00 1.000000000000000000e+00 1.000000000000000000e+00 3.428000000000000000e+03 3.479999999999999982e+00 -4.799999999999999822e-01 1.500000000000000000e+02
3.793167453000169664e-01 0.000000000000000000e+00 1.000000000000000000e+00 1.000000000000000000e+00 3.634000000000000000e+03 3.540000000000000036e+00 -3.200000000000000067e-01 1.500000000000000000e+02
4.391372620179455066e-01 0.000000000000000000e+00 1.000000000000000000e+00 1.000000000000000000e+00 3.634000000000000000e+03 3.540000000000000036e+00 -3.200000000000000067e-01 1.500000000000000000e+02
5.130328555522409850e-01 1.000000000000000000e+00 1.000000000000000000e+00 1.000000000000000000e+00 3.802000000000000000e+03 3.589999999999999858e+00 -1.799999999999999933e-01 1.500000000000000000e+02
3.880296539578994564e-01 0.000000000000000000e+00 1.000000000000000000e+00 1.000000000000000000e+00 3.634000000000000000e+03 3.540000000000000036e+00 -3.200000000000000067e-01 1.500000000000000000e+02
2.577684493158294288e-01 0.000000000000000000e+00 1.000000000000000000e+00 1.000000000000000000e+00 3.428000000000000000e+03 3.479999999999999982e+00 -4.799999999999999822e-01 1.500000000000000000e+02
4.569680701870383333e-01 0.000000000000000000e+00 1.000000000000000000e+00 1.000000000000000000e+00 3.802000000000000000e+03 3.589999999999999858e+00 -1.799999999999999933e-01 1.500000000000000000e+02
9.291095058943656115e-02 1.000000000000000000e+00 1.000000000000000000e+00 1.000000000000000000e+00 2.908000000000000000e+03 3.419999999999999929e+00 -1.229999999999999982e+00 1.500000000000000000e+02
1.117857609592090684e+00 0.000000000000000000e+00 1.000000000000000000e+00 1.000000000000000000e+00 4.456000000000000000e+03 3.669999999999999929e+00 3.499999999999999778e-01 1.500000000000000000e+02
7.819608943753573183e-01 1.000000000000000000e+00 1.000000000000000000e+00 1.000000000000000000e+00 4.192000000000000000e+03 3.649999999999999911e+00 1.300000000000000044e-01 1.500000000000000000e+02
2.832569445271337361e-01 0.000000000000000000e+00 1.000000000000000000e+00 1.000000000000000000e+00 3.428000000000000000e+03 3.479999999999999982e+00 -4.799999999999999822e-01 1.500000000000000000e+02
2.214161614296056846e-01 1.000000000000000000e+00 1.000000000000000000e+00 1.000000000000000000e+00 3.226000000000000000e+03 3.379999999999999893e+00 -6.600000000000000311e-01 1.500000000000000000e+02
1.115961890813555790e+00 0.000000000000000000e+00 1.000000000000000000e+00 1.000000000000000000e+00 4.456000000000000000e+03 3.669999999999999929e+00 3.499999999999999778e-01 1.500000000000000000e+02
2.237244213742320686e-01 0.000000000000000000e+00 1.000000000000000000e+00 1.000000000000000000e+00 3.226000000000000000e+03 3.379999999999999893e+00 -6.600000000000000311e-01 1.500000000000000000e+02
8.057147834786926310e-01 0.000000000000000000e+00 1.000000000000000000e+00 1.000000000000000000e+00 4.192000000000000000e+03 3.649999999999999911e+00 1.300000000000000044e-01 1.500000000000000000e+02
1.108105610576269218e+00 0.000000000000000000e+00 1.000000000000000000e+00 1.000000000000000000e+00 4.456000000000000000e+03 3.669999999999999929e+00 3.499999999999999778e-01 1.500000000000000000e+02
5.789700167203411241e-02 0.000000000000000000e+00 1.000000000000000000e+00 1.000000000000000000e+00 2.864000000000000000e+03 3.520000000000000018e+00 -1.530000000000000027e+00 1.500000000000000000e+02
2.374730249430856699e-01 0.000000000000000000e+00 1.000000000000000000e+00 1.000000000000000000e+00 3.226000000000000000e+03 3.379999999999999893e+00 -6.600000000000000311e-01 1.500000000000000000e+02
4.222304732254211768e-01 0.000000000000000000e+00 1.000000000000000000e+00 1.000000000000000000e+00 3.634000000000000000e+03 3.540000000000000036e+00 -3.200000000000000067e-01 1.500000000000000000e+02
1.119237683993947741e+00 0.000000000000000000e+00 1.000000000000000000e+00 1.000000000000000000e+00 4.456000000000000000e+03 3.669999999999999929e+00 3.499999999999999778e-01 1.500000000000000000e+02
5.115995868073891506e-01 0.000000000000000000e+00 1.000000000000000000e+00 1.000000000000000000e+00 3.802000000000000000e+03 3.589999999999999858e+00 -1.799999999999999933e-01 1.500000000000000000e+02
7.411503835137042140e-01 0.000000000000000000e+00 1.000000000000000000e+00 1.000000000000000000e+00 4.078000000000000000e+03 3.629999999999999893e+00 4.000000000000000083e-02 1.500000000000000000e+02
4.634311546091302025e-01 0.000000000000000000e+00 1.000000000000000000e+00 1.000000000000000000e+00 3.802000000000000000e+03 3.589999999999999858e+00 -1.799999999999999933e-01 1.500000000000000000e+02
2.187578990819004365e-01 0.000000000000000000e+00 1.000000000000000000e+00 1.000000000000000000e+00 3.226000000000000000e+03 3.379999999999999893e+00 -6.600000000000000311e-01 1.500000000000000000e+02
1.996301517112679114e-01 1.000000000000000000e+00 1.000000000000000000e+00 1.000000000000000000e+00 3.226000000000000000e+03 3.379999999999999893e+00 -6.600000000000000311e-01 1.500000000000000000e+02
5.313484751975429132e-01 0.000000000000000000e+00 1.000000000000000000e+00 1.000000000000000000e+00 3.802000000000000000e+03 3.589999999999999858e+00 -1.799999999999999933e-01 1.500000000000000000e+02
1.137170245184734751e+00 0.000000000000000000e+00 1.000000000000000000e+00 1.000000000000000000e+00 4.456000000000000000e+03 3.669999999999999929e+00 3.499999999999999778e-01 1.500000000000000000e+02
5.686311269332764429e-01 0.000000000000000000e+00 1.000000000000000000e+00 1.000000000000000000e+00 3.955000000000000000e+03 3.620000000000000107e+00 -7.000000000000000666e-02 1.500000000000000000e+02
3.361964380882810910e-01 0.000000000000000000e+00 1.000000000000000000e+00 1.000000000000000000e+00 3.428000000000000000e+03 3.479999999999999982e+00 -4.799999999999999822e-01 1.500000000000000000e+02
2.304804557572687762e-01 1.000000000000000000e+00 1.000000000000000000e+00 1.000000000000000000e+00 3.226000000000000000e+03 3.379999999999999893e+00 -6.600000000000000311e-01 1.500000000000000000e+02
1.118347441935892528e+00 0.000000000000000000e+00 1.000000000000000000e+00 1.000000000000000000e+00 4.456000000000000000e+03 3.669999999999999929e+00 3.499999999999999778e-01 1.500000000000000000e+02
1.186302757276943787e+00 0.000000000000000000e+00 1.000000000000000000e+00 1.000000000000000000e+00 4.529000000000000000e+03 3.680000000000000160e+00 4.099999999999999756e-01 1.500000000000000000e+02
8.903068396647230154e-01 1.000000000000000000e+00 1.000000000000000000e+00 1.000000000000000000e+00 4.290000000000000000e+03 3.660000000000000142e+00 2.099999999999999922e-01 1.500000000000000000e+02
1.342067276134820020e+00 0.000000000000000000e+00 1.000000000000000000e+00 1.000000000000000000e+00 4.596000000000000000e+03 3.680000000000000160e+00 4.699999999999999734e-01 1.500000000000000000e+02
1.147637473961189869e+00 0.000000000000000000e+00 1.000000000000000000e+00 1.000000000000000000e+00 4.456000000000000000e+03 3.669999999999999929e+00 3.499999999999999778e-01 1.500000000000000000e+02
