1.174290902394213187e+00 2.744541323142849487e-01 1.000000000000000000e+00 8.804244771991677210e-01 6.687131407563260410e+00 4.529000000000000000e+03 3.680000000000000160e+00 4.099999999999999756e-01
1.909445570049720375e-01 9.862749628888923814e-01 1.000000000000000000e+00 4.724295474445067144e-01 7.896029550601370239e+00 3.226000000000000000e+03 3.379999999999999893e+00 -6.600000000000000311e-01
2.372908355900724686e-01 6.350133282490860731e-01 1.000000000000000000e+00 2.549768817623313533e-01 6.883564866692774231e+00 3.226000000000000000e+03 3.379999999999999893e+00 -6.600000000000000311e-01
2.426783982370794845e-01 6.158578044184869205e-01 1.000000000000000000e+00 2.970101674749792142e-01 2.306543554704651555e+00 3.226000000000000000e+03 3.379999999999999893e+00 -6.600000000000000311e-01
1.163379461245083402e+00 7.873189577491033209e-01 1.000000000000000000e+00 2.005479764444048074e-01 6.510757092868188600e+00 4.529000000000000000e+03 3.680000000000000160e+00 4.099999999999999756e-01
2.291781061694516397e-01 1.886045715013257018e-01 1.000000000000000000e+00 1.956565272964412294e-01 2.384899465228552451e+00 3.226000000000000000e+03 3.379999999999999893e+00 -6.600000000000000311e-01
8.185885370871924527e-02 8.461934068500848172e-01 1.000000000000000000e+00 7.597236983666127985e-01 3.184679189078233108e+00 2.898000000000000000e+03 3.450000000000000178e+00 -1.310000000000000053e+00
2.628068279958811759e-01 5.545302915559133794e-01 1.000000000000000000e+00 5.732795142407917099e-01 4.975607037048734860e+00 3.428000000000000000e+03 3.479999999999999982e+00 -4.799999999999999822e-01
6.884241280117945339e-01 9.564298135964568459e-01 1.000000000000000000e+00 8.489991499350723059e-01 4.468639755005066050e+00 4.078000000000000000e+03 3.629999999999999893e+00 4.000000000000000083e-02
2.310201482333033018e-01 7.814474020619078809e-01 1.000000000000000000e+00 3.689624923517852428e-01 7.176890274702172334e-01 3.226000000000000000e+03 3.379999999999999893e+00 -6.600000000000000311e-01
3.273834264010447859e-01 6.224499768192603977e-01 1.000000000000000000e+00 7.823048457722917570e-01 6.327769454396699800e+00 3.428000000000000000e+03 3.479999999999999982e+00 -4.799999999999999822e-01
2.064151246391243144e-01 8.458662965044946302e-01 1.000000000000000000e+00 8.026859415698169853e-01 9.185979478219330474e+00 3.226000000000000000e+03 3.379999999999999893e+00 -6.600000000000000311e-01
5.849851457870687554e-02 8.427182269717931051e-01 1.000000000000000000e+00 3.595011906642472388e-01 4.150064628520452104e+00 2.864000000000000000e+03 3.520000000000000018e+00 -1.530000000000000027e+00
7.664917390622648652e-01 6.115645385884910246e-01 1.000000000000000000e+00 4.769523432450951672e-01 2.297908763475608573e+00 4.192000000000000000e+03 3.649999999999999911e+00 1.300000000000000044e-01
9.769862504864175456e-02 4.376405058366809042e-01 1.000000000000000000e+00 6.457671989020943304e-01 4.306250019210752455e+00 2.936000000000000000e+03 3.430000000000000160e+00 -1.169999999999999929e+00
1.097667210968243268e+00 8.719267350417800877e-01 1.000000000000000000e+00 1.561443945790050858e-01 8.874890548830997261e+00 4.456000000000000000e+03 3.669999999999999929e+00 3.499999999999999778e-01
1.138506063819539005e+00 8.334343726014936671e-02 1.000000000000000000e+00 3.528489735118619519e-01 5.831187645571024092e+00 4.456000000000000000e+03 3.669999999999999929e+00 3.499999999999999778e-01
5.037521189259851484e-01 1.529587193238317600e-01 1.000000000000000000e+00 1.357580263941459142e-01 7.707235150456996919e+00 3.802000000000000000e+03 3.589999999999999858e+00 -1.799999999999999933e-01
2.220191609824134493e-01 2.437802232547482406e-01 1.000000000000000000e+00 5.664598529690891837e-01 3.049135586613004101e+00 3.226000000000000000e+03 3.379999999999999893e+00 -6.600000000000000311e-01
1.036780196740413468e-01 1.634290450924824611e-02 1.000000000000000000e+00 9.825389199170749821e-01 3.971873472048920828e+00 2.936000000000000000e+03 3.430000000000000160e+00 -1.169999999999999929e+00
5.032129503096381962e-01 7.112500766974597655e-01 1.000000000000000000e+00 8.211308454170331839e-01 5.416643918931280055e+00 3.802000000000000000e+03 3.589999999999999858e+00 -1.799999999999999933e-01
4.116484745525103017e-01 4.350940907422080617e-01 1.000000000000000000e+00 7.104198468170952463e-02 4.109766813540711716e+00 3.634000000000000000e+03 3.540000000000000036e+00 -3.200000000000000067e-01
3.963175138778514683e-01 4.218467284899539704e-01 1.000000000000000000e+00 2.007149326441513004e-01 8.700255641456131173e+00 3.634000000000000000e+03 3.540000000000000036e+00 -3.200000000000000067e-01
5.140042990360444985e-01 5.583549708753511309e-01 1.000000000000000000e+00 3.402257233157535143e-01 5.081338293882867063e+00 3.802000000000000000e+03 3.589999999999999858e+00 -1.799999999999999933e-01
1.113389785996629300e+00 5.900813351598500622e-01 1.000000000000000000e+00 1.869387687980579305e-01 7.876561240310197221e+00 4.456000000000000000e+03 3.669999999999999929e+00 3.499999999999999778e-01
4.864042878761208333e-01 7.158098568585522514e-01 1.000000000000000000e+00 6.496204722355963801e-01 8.504559325778659584e+00 3.802000000000000000e+03 3.589999999999999858e+00 -1.799999999999999933e-01
8.898565343193584054e-01 3.507554307617455347e-01 1.000000000000000000e+00 7.157119923715004051e-01 6.810315239217397121e+00 4.290000000000000000e+03 3.660000000000000142e+00 2.099999999999999922e-01
9.290353352620724925e-01 9.576001860817066058e-01 1.000000000000000000e+00 9.112032795743033597e-01 5.404994533720162586e+00 4.290000000000000000e+03 3.660000000000000142e+00 2.099999999999999922e-01
3.166861413970450262e-02 7.941042306169485698e-01 1.000000000000000000e+00 3.356417390595543004e-01 7.395290458662294952e+00 2.710000000000000000e+03 3.569999999999999840e+00 -1.979999999999999982e+00
1.045604272580332283e+00 9.016816376111541631e-01 1.000000000000000000e+00 4.210033110750271979e-01 4.597346705602970651e+00 4.377000000000000000e+03 3.660000000000000142e+00 2.800000000000000266e-01
2.006528170066081973e-01 1.597387657827178398e-01 1.000000000000000000e+00 1.702927943996520588e-01 5.254443801432658212e+00 3.226000000000000000e+03 3.379999999999999893e+00 -6.600000000000000311e-01
8.723449423455288676e-02 1.401452192574249578e-01 1.000000000000000000e+00 5.901083108665015065e-01 1.052112327893240717e+01 2.908000000000000000e+03 3.419999999999999929e+00 -1.229999999999999982e+00
8.339595189597496239e-01 3.384656437603761336e-02 1.000000000000000000e+00 2.897303837326632436e-01 5.117241193645941877e+00 4.192000000000000000e+03 3.649999999999999911e+00 1.300000000000000044e-01
3.271817113501535035e-01 2.466796525773587989e-01 1.000000000000000000e+00 4.673174964492003980e-01 3.953154100856607567e+00 3.428000000000000000e+03 3.479999999999999982e+00 -4.799999999999999822e-01
3.070461035719614928e-01 7.035523112051628170e-01 1.000000000000000000e+00 8.129369551449794340e-01 5.556062547564213361e+00 3.428000000000000000e+03 3.479999999999999982e+00 -4.799999999999999822e-01
1.049404787146964280e+00 7.767354703621534018e-01 1.000000000000000000e+00 1.275568746226578565e-01 5.783509169388954874e+00 4.377000000000000000e+03 3.660000000000000142e+00 2.800000000000000266e-01
2.239830858443750683e-01 4.150615363952118164e-01 1.000000000000000000e+00 4.108022755301358186e-01 3.524421437509988486e+00 3.226000000000000000e+03 3.379999999999999893e+00 -6.600000000000000311e-01
3.691039012216079107e-01 3.049316012519390773e-01 1.000000000000000000e+00 4.897286150623579859e-01 3.915027002697730740e+00 3.634000000000000000e+03 3.540000000000000036e+00 -3.200000000000000067e-01
1.091913856259673965e+00 4.226768520880350710e-01 1.000000000000000000e+00 4.192885764477870536e-01 4.544868591935021129e+00 4.456000000000000000e+03 3.669999999999999929e+00 3.499999999999999778e-01
5.457697611046943287e-01 6.414903948543121404e-01 1.000000000000000000e+00 2.960385775168713485e-01 5.121889819317927639e+00 3.802000000000000000e+03 3.589999999999999858e+00 -1.799999999999999933e-01
6.948591920810612277e-02 3.462595312952878590e-01 1.000000000000000000e+00 7.848807122933558755e-01 7.074931772068762115e-01 2.897000000000000000e+03 3.490000000000000213e+00 -1.409999999999999920e+00
3.493361939372075509e-01 2.185298583927388627e-01 1.000000000000000000e+00 2.961491786082656175e-01 5.303470953892993833e+00 3.428000000000000000e+03 3.479999999999999982e+00 -4.799999999999999822e-01
5.730485362171461317e-01 7.806437279890460212e-01 1.000000000000000000e+00 1.076450683417926601e-01 3.309707419142443818e+00 3.955000000000000000e+03 3.620000000000000107e+00 -7.000000000000000666e-02
5.383653798184340200e-01 7.335357227834223837e-01 1.000000000000000000e+00 6.082683074502537313e-01 7.396159236445209118e+00 3.802000000000000000e+03 3.589999999999999858e+00 -1.799999999999999933e-01
3.902581672038801797e-01 8.329665817896089175e-01 1.000000000000000000e+00 4.210818564160803135e-01 1.671017788437759943e+00 3.634000000000000000e+03 3.540000000000000036e+00 -3.200000000000000067e-01
1.114654504326585638e+00 1.637441172252098731e-01 1.000000000000000000e+00 8.553712422697866691e-01 2.255308420839977845e+00 4.456000000000000000e+03 3.669999999999999929e+00 3.499999999999999778e-01
2.776053288083620285e-01 9.108595331200408651e-01 1.000000000000000000e+00 2.629317731739644337e-01 8.091574112176633804e-01 3.428000000000000000e+03 3.479999999999999982e+00 -4.799999999999999822e-01
1.036327646333226937e+00 7.311857131519453601e-01 1.000000000000000000e+00 6.940691720896525752e-01 6.106781491281241259e+00 4.377000000000000000e+03 3.660000000000000142e+00 2.800000000000000266e-01
2.312124483548771980e-01 9.148865448154740454e-01 1.000000000000000000e+00 5.178030947996681288e-01 7.367471677065712043e+00 3.226000000000000000e+03 3.379999999999999893e+00 -6.600000000000000311e-01
7.380703916490143068e-02 8.718532331042019301e-01 1.000000000000000000e+00 1.789153245793171365e-01 6.067323228893903853e+00 2.897000000000000000e+03 3.470000000000000195e+00 -1.360000000000000098e+00
6.602607957892676627e-01 6.346259278045984775e-02 1.000000000000000000e+00 6.480829985726221931e-02 3.334466045064994777e+00 4.078000000000000000e+03 3.629999999999999893e+00 4.000000000000000083e-02
2.446519638177382661e-01 7.648942656071576751e-01 1.000000000000000000e+00 1.283724714560801061e-01 6.960289528513564861e+00 3.226000000000000000e+03 3.379999999999999893e+00 -6.600000000000000311e-01
9.295660688514852943e-01 6.227048140622029049e-01 1.000000000000000000e+00 5.444302146888796434e-01 5.122847179077774094e+00 4.290000000000000000e+03 3.660000000000000142e+00 2.099999999999999922e-01
2.604160860596873128e+00 7.297824940515417191e-01 1.000000000000000000e+00 7.869172943749852545e-01 1.661752829820076105e+00 5.314959995066476949e+03 3.657000000000000028e+00 1.122018454301963608e+01
5.429761622474444938e-01 2.853572744475127987e-01 1.000000000000000000e+00 9.801350250996357927e-01 5.364321875007928675e+00 3.802000000000000000e+03 3.589999999999999858e+00 -1.799999999999999933e-01
1.555152827126829562e+00 2.654070709007694262e-02 1.000000000000000000e+00 3.271054350157325263e-01 7.064161923678558885e+00 4.902301301361680089e+03 3.709000000000000075e+00 4.295364267648873025e+00
2.131222014412231525e-01 9.064479387857893311e-01 1.000000000000000000e+00 5.759925610786580386e-01 3.541767764881742497e+00 3.226000000000000000e+03 3.379999999999999893e+00 -6.600000000000000311e-01
5.802234475865086782e-01 7.708172969297755195e-01 1.000000000000000000e+00 4.361842116148667570e-01 5.263273612288796421e+00 3.955000000000000000e+03 3.620000000000000107e+00 -7.000000000000000666e-02
2.824535807004258103e-01 9.221493959346629410e-01 1.000000000000000000e+00 5.701185128156738280e-02 8.650901334063142656e+00 3.428000000000000000e+03 3.479999999999999982e+00 -4.799999999999999822e-01
2.009555418118736114e-01 7.977495760110785428e-01 1.000000000000000000e+00 6.229127110294272462e-01 3.929026936715713347e+00 3.226000000000000000e+03 3.379999999999999893e+00 -6.600000000000000311e-01
8.648855708485979621e-01 8.666468734582954969e-02 1.000000000000000000e+00 6.946221319253708115e-01 8.837213985818092254e+00 4.290000000000000000e+03 3.660000000000000142e+00 2.099999999999999922e-01
7.425690650335787790e-01 2.845493384832232797e-01 1.000000000000000000e+00 8.599927067762711541e-01 2.765154636613241124e+00 4.078000000000000000e+03 3.629999999999999893e+00 4.000000000000000083e-02
3.094729949135057584e-02 8.236196161097437685e-01 1.000000000000000000e+00 1.632221778907558818e-01 7.547983049904226860e+00 2.710000000000000000e+03 3.569999999999999840e+00 -1.979999999999999982e+00
7.651783297026711061e-02 8.061690093165274629e-02 1.000000000000000000e+00 6.229498247339906314e-01 6.057213853614589638e+00 2.897000000000000000e+03 3.470000000000000195e+00 -1.360000000000000098e+00
8.612233836134551845e-01 8.953029465039034074e-01 1.000000000000000000e+00 2.859385361306919782e-01 5.928738940856942641e+00 4.290000000000000000e+03 3.660000000000000142e+00 2.099999999999999922e-01
5.238766299388190051e-01 1.409156510429800946e-01 1.000000000000000000e+00 8.699387211983158341e-01 4.228107672558279795e+00 3.802000000000000000e+03 3.589999999999999858e+00 -1.799999999999999933e-01
3.088930265466280356e-01 7.632044946415195152e-01 1.000000000000000000e+00 6.522717058986426952e-02 6.924990803763296121e+00 3.428000000000000000e+03 3.479999999999999982e+00 -4.799999999999999822e-01
5.045022295458144457e-02 6.885807964641813550e-01 1.000000000000000000e+00 1.293911110785153085e-01 4.146761447140298706e+00 2.824000000000000000e+03 3.529999999999999805e+00 -1.649999999999999911e+00
4.139223779948317250e-01 5.700728658196217991e-01 1.000000000000000000e+00 7.128672993475012598e-01 6.158277440617240472e+00 3.634000000000000000e+03 3.540000000000000036e+00 -3.200000000000000067e-01
2.998579991123472843e-01 4.290674280689324993e-01 1.000000000000000000e+00 5.926521380301112973e-01 8.208464674512192971e+00 3.428000000000000000e+03 3.479999999999999982e+00 -4.799999999999999822e-01
1.124175959212875497e+00 5.144342490228303033e-01 1.000000000000000000e+00 4.742081620187196256e-01 6.790514653389495336e+00 4.456000000000000000e+03 3.669999999999999929e+00 3.499999999999999778e-01
6.538670162939421715e-01 6.594730077530541745e-01 1.000000000000000000e+00 5.718240005564344530e-01 5.568559030360884954e+00 4.078000000000000000e+03 3.629999999999999893e+00 4.000000000000000083e-02
4.722102389017765467e-01 2.857641634493313099e-02 1.000000000000000000e+00 4.459526424503845732e-02 -1.171090237567411485e+00 3.802000000000000000e+03 3.589999999999999858e+00 -1.799999999999999933e-01
3.909158754548466841e-01 9.042085307448333165e-02 1.000000000000000000e+00 9.792948610650162866e-01 3.499553700861752326e+00 3.634000000000000000e+03 3.540000000000000036e+00 -3.200000000000000067e-01
6.521677633342567448e-01 3.740216006379443181e-01 1.000000000000000000e+00 9.102900411268095571e-01 2.757168665703237043e+00 4.078000000000000000e+03 3.629999999999999893e+00 4.000000000000000083e-02
1.106031419829197615e+00 9.901231427285461795e-01 1.000000000000000000e+00 8.111404156991770531e-01 4.032981551238186135e+00 4.456000000000000000e+03 3.669999999999999929e+00 3.499999999999999778e-01
5.577866363581619469e-01 5.726368602953837428e-01 1.000000000000000000e+00 4.852932324639402939e-02 3.672464878788894715e+00 3.955000000000000000e+03 3.620000000000000107e+00 -7.000000000000000666e-02
1.602486167069210390e-02 1.768741356788250396e-02 1.000000000000000000e+00 7.705751677365988428e-01 6.260076242219818177e+00 2.504000000000000000e+03 3.580000000000000071e+00 -2.419999999999999929e+00
2.365432173122880843e-01 1.615563576333343132e-01 1.000000000000000000e+00 3.580197258850496000e-01 1.520446563617221969e+00 3.226000000000000000e+03 3.379999999999999893e+00 -6.600000000000000311e-01
5.037515486896096961e-01 6.124307923677755339e-01 1.000000000000000000e+00 5.668924376876881555e-01 4.380231841814673288e+00 3.802000000000000000e+03 3.589999999999999858e+00 -1.799999999999999933e-01
4.059093814889464663e-02 3.042977448565699072e-01 1.000000000000000000e+00 6.150078999263340895e-01 4.286371076110261136e+00 2.779000000000000000e+03 3.569999999999999840e+00 -1.810000000000000053e+00
7.517482083026747475e-01 8.166081958274807873e-01 1.000000000000000000e+00 3.359528408260747945e-01 -5.148143358398860059e-01 4.192000000000000000e+03 3.649999999999999911e+00 1.300000000000000044e-01
5.814798203401289056e-02 1.085513283724928169e-01 1.000000000000000000e+00 6.226804014205168381e-01 4.294638972459520865e+00 2.864000000000000000e+03 3.520000000000000018e+00 -1.530000000000000027e+00
2.193941852680428573e-01 3.169196455028301385e-01 1.000000000000000000e+00 5.767380779939712543e-01 5.448837461375847013e+00 3.226000000000000000e+03 3.379999999999999893e+00 -6.600000000000000311e-01
4.593569184644395453e-01 6.360707368166395037e-01 1.000000000000000000e+00 6.214674106038073909e-01 3.246146115189643133e+00 3.802000000000000000e+03 3.589999999999999858e+00 -1.799999999999999933e-01
2.672927128834229893e-01 5.554546128689306084e-01 1.000000000000000000e+00 8.358984813187334550e-01 1.263125288553740511e+00 3.428000000000000000e+03 3.479999999999999982e+00 -4.799999999999999822e-01
4.916629680738653918e-01 9.641183889549150843e-01 1.000000000000000000e+00 7.584324533485405917e-01 5.688192721088034531e+00 3.802000000000000000e+03 3.589999999999999858e+00 -1.799999999999999933e-01
4.198652832372035126e-02 1.107565150304449242e-01 1.000000000000000000e+00 6.800716825332159265e-01 1.649991734070787697e+00 2.779000000000000000e+03 3.569999999999999840e+00 -1.810000000000000053e+00
2.034492469079675347e-01 4.538789736069229752e-01 1.000000000000000000e+00 7.842468232325838784e-01 3.103858102738679570e+00 3.226000000000000000e+03 3.379999999999999893e+00 -6.600000000000000311e-01
1.058576223251876280e+00 4.924897497552274128e-01 1.000000000000000000e+00 6.796256544416628964e-01 4.335098769663808582e+00 4.456000000000000000e+03 3.669999999999999929e+00 3.499999999999999778e-01
5.038476038902629101e-02 8.750418713668008941e-01 1.000000000000000000e+00 4.728198105620362579e-01 1.750096643213447933e-01 2.824000000000000000e+03 3.529999999999999805e+00 -1.649999999999999911e+00
2.688867848643021197e-01 6.819015038793296846e-01 1.000000000000000000e+00 3.870156721473082539e-01 4.651975852196290617e+00 3.428000000000000000e+03 3.479999999999999982e+00 -4.799999999999999822e-01
8.874355710354019378e-01 5.147571424420520625e-01 1.000000000000000000e+00 2.953789934301990217e-01 6.100310006437179133e+00 4.290000000000000000e+03 3.660000000000000142e+00 2.099999999999999922e-01
2.406336277275611391e-01 3.343645493883606878e-01 1.000000000000000000e+00 8.496355248965976603e-01 5.857912452238635659e+00 3.226000000000000000e+03 3.379999999999999893e+00 -6.600000000000000311e-01
