# # Chi square, temp, lg
4.294188516187366986e+03 3.400000000000000000e+03 3.500000000000000000e+00
3.852400412893445264e+03 3.500000000000000000e+03 3.500000000000000000e+00
3.313837329339080952e+03 3.600000000000000000e+03 3.500000000000000000e+00
2.779956125563390287e+03 3.700000000000000000e+03 3.500000000000000000e+00
2.061481885077582774e+03 3.800000000000000000e+03 3.500000000000000000e+00
1.411378571354128553e+03 3.900000000000000000e+03 3.500000000000000000e+00
8.387796198634792972e+02 4.000000000000000000e+03 3.500000000000000000e+00
1.098193388790390372e+03 4.100000000000000000e+03 3.500000000000000000e+00
1.824322897534238791e+03 4.200000000000000000e+03 3.500000000000000000e+00
2.948699442478610763e+03 4.300000000000000000e+03 3.500000000000000000e+00
4.198594028872245872e+03 4.400000000000000000e+03 3.500000000000000000e+00
5.459272526387782818e+03 4.500000000000000000e+03 3.500000000000000000e+00
4.225456717639624003e+03 3.400000000000000000e+03 4.000000000000000000e+00
3.733518197355388111e+03 3.500000000000000000e+03 4.000000000000000000e+00
3.211101485913515262e+03 3.600000000000000000e+03 4.000000000000000000e+00
2.614041900232914941e+03 3.700000000000000000e+03 4.000000000000000000e+00
1.986712689057154194e+03 3.800000000000000000e+03 4.000000000000000000e+00
1.353888218617999655e+03 3.900000000000000000e+03 4.000000000000000000e+00
8.512253731532242682e+02 4.000000000000000000e+03 4.000000000000000000e+00
1.165686880779946023e+03 4.100000000000000000e+03 4.000000000000000000e+00
1.980660460227239582e+03 4.200000000000000000e+03 4.000000000000000000e+00
2.977088910204970489e+03 4.300000000000000000e+03 4.000000000000000000e+00
4.161994505973478226e+03 4.400000000000000000e+03 4.000000000000000000e+00
5.493753116770644738e+03 4.500000000000000000e+03 4.000000000000000000e+00
4.180862453751436988e+03 3.400000000000000000e+03 4.500000000000000000e+00
3.706017782550444736e+03 3.500000000000000000e+03 4.500000000000000000e+00
3.175856741912967209e+03 3.600000000000000000e+03 4.500000000000000000e+00
2.594328656525653059e+03 3.700000000000000000e+03 4.500000000000000000e+00
1.999965123546569657e+03 3.800000000000000000e+03 4.500000000000000000e+00
1.346089184155075600e+03 3.900000000000000000e+03 4.500000000000000000e+00
8.854654437388157930e+02 4.000000000000000000e+03 4.500000000000000000e+00
1.050093458787881900e+03 4.100000000000000000e+03 4.500000000000000000e+00
1.758395819002256303e+03 4.200000000000000000e+03 4.500000000000000000e+00
2.955208657975398182e+03 4.300000000000000000e+03 4.500000000000000000e+00
4.127690957965696725e+03 4.400000000000000000e+03 4.500000000000000000e+00
5.517835874646535558e+03 4.500000000000000000e+03 4.500000000000000000e+00
