# # Chi square, temp, lg
1.239983279382802539e+04 2.400000000000000000e+03 3.500000000000000000e+00
1.226875726038153880e+04 2.500000000000000000e+03 3.500000000000000000e+00
1.214167252196489608e+04 2.600000000000000000e+03 3.500000000000000000e+00
1.197062091772482745e+04 2.700000000000000000e+03 3.500000000000000000e+00
1.178315616069656789e+04 2.800000000000000000e+03 3.500000000000000000e+00
1.153930939952416520e+04 2.900000000000000000e+03 3.500000000000000000e+00
1.128877980746108915e+04 3.000000000000000000e+03 3.500000000000000000e+00
1.100038044197903037e+04 3.100000000000000000e+03 3.500000000000000000e+00
1.070777407421610769e+04 3.200000000000000000e+03 3.500000000000000000e+00
1.034920905486817537e+04 3.300000000000000000e+03 3.500000000000000000e+00
9.920243812585622436e+03 3.400000000000000000e+03 3.500000000000000000e+00
9.475854607735172976e+03 3.500000000000000000e+03 3.500000000000000000e+00
1.237353550241414632e+04 2.400000000000000000e+03 4.000000000000000000e+00
1.224636601478392004e+04 2.500000000000000000e+03 4.000000000000000000e+00
1.210533265711132299e+04 2.600000000000000000e+03 4.000000000000000000e+00
1.194131358828540033e+04 2.700000000000000000e+03 4.000000000000000000e+00
1.174272192103206908e+04 2.800000000000000000e+03 4.000000000000000000e+00
1.150464312053580943e+04 2.900000000000000000e+03 4.000000000000000000e+00
1.124151756106680114e+04 3.000000000000000000e+03 4.000000000000000000e+00
1.095131044755102448e+04 3.100000000000000000e+03 4.000000000000000000e+00
1.061828980612835403e+04 3.200000000000000000e+03 4.000000000000000000e+00
1.023351841838324253e+04 3.300000000000000000e+03 4.000000000000000000e+00
9.829304762848803875e+03 3.400000000000000000e+03 4.000000000000000000e+00
9.324204478660813038e+03 3.500000000000000000e+03 4.000000000000000000e+00
1.235129767867803639e+04 2.400000000000000000e+03 4.500000000000000000e+00
1.223791248977044961e+04 2.500000000000000000e+03 4.500000000000000000e+00
1.209662099607782147e+04 2.600000000000000000e+03 4.500000000000000000e+00
1.192443814441139330e+04 2.700000000000000000e+03 4.500000000000000000e+00
1.173871926758395603e+04 2.800000000000000000e+03 4.500000000000000000e+00
1.150682590687942866e+04 2.900000000000000000e+03 4.500000000000000000e+00
1.124520051307872745e+04 3.000000000000000000e+03 4.500000000000000000e+00
1.090932437520291751e+04 3.100000000000000000e+03 4.500000000000000000e+00
1.056894110201343756e+04 3.200000000000000000e+03 4.500000000000000000e+00
1.018717626142818517e+04 3.300000000000000000e+03 4.500000000000000000e+00
9.762165565749617599e+03 3.400000000000000000e+03 4.500000000000000000e+00
9.288254627653890566e+03 3.500000000000000000e+03 4.500000000000000000e+00
