# # Chi square, temp, lg
5.277799150914783240e+03 3.900000000000000000e+03 3.500000000000000000e+00
6.136179275489595966e+03 4.000000000000000000e+03 3.500000000000000000e+00
7.092611766603256910e+03 4.100000000000000000e+03 3.500000000000000000e+00
8.031818452893136964e+03 4.200000000000000000e+03 3.500000000000000000e+00
9.189282298951367920e+03 4.300000000000000000e+03 3.500000000000000000e+00
1.039171859071474137e+04 4.400000000000000000e+03 3.500000000000000000e+00
1.174660073349194863e+04 4.500000000000000000e+03 3.500000000000000000e+00
1.321927767039124956e+04 4.600000000000000000e+03 3.500000000000000000e+00
1.468249399550532144e+04 4.700000000000000000e+03 3.500000000000000000e+00
1.659179903642701902e+04 4.800000000000000000e+03 3.500000000000000000e+00
1.847549288235059430e+04 4.900000000000000000e+03 3.500000000000000000e+00
2.045156741135085031e+04 5.000000000000000000e+03 3.500000000000000000e+00
5.307935210696509785e+03 3.900000000000000000e+03 4.000000000000000000e+00
6.194164507604094979e+03 4.000000000000000000e+03 4.000000000000000000e+00
7.216079614948932431e+03 4.100000000000000000e+03 4.000000000000000000e+00
8.226627931169730800e+03 4.200000000000000000e+03 4.000000000000000000e+00
9.287028873354760435e+03 4.300000000000000000e+03 4.000000000000000000e+00
1.044385573513701638e+04 4.400000000000000000e+03 4.000000000000000000e+00
1.188206253412011756e+04 4.500000000000000000e+03 4.000000000000000000e+00
1.333102709997596321e+04 4.600000000000000000e+03 4.000000000000000000e+00
1.497290577797635706e+04 4.700000000000000000e+03 4.000000000000000000e+00
1.678489466666173394e+04 4.800000000000000000e+03 4.000000000000000000e+00
1.849323737319557767e+04 4.900000000000000000e+03 4.000000000000000000e+00
2.076526465418788575e+04 5.000000000000000000e+03 4.000000000000000000e+00
5.256281383030443976e+03 3.900000000000000000e+03 4.500000000000000000e+00
6.050501333455536042e+03 4.000000000000000000e+03 4.500000000000000000e+00
7.023696147466554976e+03 4.100000000000000000e+03 4.500000000000000000e+00
7.951306882347900682e+03 4.200000000000000000e+03 4.500000000000000000e+00
9.243898773543969583e+03 4.300000000000000000e+03 4.500000000000000000e+00
1.045259923395685109e+04 4.400000000000000000e+03 4.500000000000000000e+00
1.185741821061377414e+04 4.500000000000000000e+03 4.500000000000000000e+00
1.340865202739457527e+04 4.600000000000000000e+03 4.500000000000000000e+00
1.500448189070238914e+04 4.700000000000000000e+03 4.500000000000000000e+00
1.689974760650226017e+04 4.800000000000000000e+03 4.500000000000000000e+00
1.876954574504610719e+04 4.900000000000000000e+03 4.500000000000000000e+00
2.074662349180661840e+04 5.000000000000000000e+03 4.500000000000000000e+00
