# # Chi square, temp, lg
1.276306641652506551e+04 2.400000000000000000e+03 3.500000000000000000e+00
1.263310022619368465e+04 2.500000000000000000e+03 3.500000000000000000e+00
1.250702776349071246e+04 2.600000000000000000e+03 3.500000000000000000e+00
1.233720436270382015e+04 2.700000000000000000e+03 3.500000000000000000e+00
1.215103256837343542e+04 2.800000000000000000e+03 3.500000000000000000e+00
1.190869749892122854e+04 2.900000000000000000e+03 3.500000000000000000e+00
1.165973403888467328e+04 3.000000000000000000e+03 3.500000000000000000e+00
1.137286098242317348e+04 3.100000000000000000e+03 3.500000000000000000e+00
1.108174946192987773e+04 3.200000000000000000e+03 3.500000000000000000e+00
1.072478062233730816e+04 3.300000000000000000e+03 3.500000000000000000e+00
1.029730179901021984e+04 3.400000000000000000e+03 3.500000000000000000e+00
9.854214737975893513e+03 3.500000000000000000e+03 3.500000000000000000e+00
1.273704675488947760e+04 2.400000000000000000e+03 4.000000000000000000e+00
1.261095927277397641e+04 2.500000000000000000e+03 4.000000000000000000e+00
1.247110646638493745e+04 2.600000000000000000e+03 4.000000000000000000e+00
1.230826378528632449e+04 2.700000000000000000e+03 4.000000000000000000e+00
1.211091225084280995e+04 2.800000000000000000e+03 4.000000000000000000e+00
1.187427694467160472e+04 2.900000000000000000e+03 4.000000000000000000e+00
1.161248582898091263e+04 3.000000000000000000e+03 4.000000000000000000e+00
1.132364573464014757e+04 3.100000000000000000e+03 4.000000000000000000e+00
1.099203632115818982e+04 3.200000000000000000e+03 4.000000000000000000e+00
1.060866886864089247e+04 3.300000000000000000e+03 4.000000000000000000e+00
1.020567759569247755e+04 3.400000000000000000e+03 4.000000000000000000e+00
9.701942754167488602e+03 3.500000000000000000e+03 4.000000000000000000e+00
1.271503190225884100e+04 2.400000000000000000e+03 4.500000000000000000e+00
1.260267199501630057e+04 2.500000000000000000e+03 4.500000000000000000e+00
1.246255202882627236e+04 2.600000000000000000e+03 4.500000000000000000e+00
1.229161074185442703e+04 2.700000000000000000e+03 4.500000000000000000e+00
1.210711361605129969e+04 2.800000000000000000e+03 4.500000000000000000e+00
1.187651241399864739e+04 2.900000000000000000e+03 4.500000000000000000e+00
1.161617572048331931e+04 3.000000000000000000e+03 4.500000000000000000e+00
1.128168207486111714e+04 3.100000000000000000e+03 4.500000000000000000e+00
1.094278347519590170e+04 3.200000000000000000e+03 4.500000000000000000e+00
1.056220400830966173e+04 3.300000000000000000e+03 4.500000000000000000e+00
1.013824803230381622e+04 3.400000000000000000e+03 4.500000000000000000e+00
9.665472170115448534e+03 3.500000000000000000e+03 4.500000000000000000e+00
