# # Chi square, temp, lg
2.479690881548852303e+03 3.900000000000000000e+03 3.500000000000000000e+00
3.323669025069791587e+03 4.000000000000000000e+03 3.500000000000000000e+00
4.235930053907040929e+03 4.100000000000000000e+03 3.500000000000000000e+00
5.220957280614946285e+03 4.200000000000000000e+03 3.500000000000000000e+00
6.432948195104209844e+03 4.300000000000000000e+03 3.500000000000000000e+00
7.640300842217624449e+03 4.400000000000000000e+03 3.500000000000000000e+00
9.006154333753498577e+03 4.500000000000000000e+03 3.500000000000000000e+00
1.045117795747297350e+04 4.600000000000000000e+03 3.500000000000000000e+00
1.202616473217219573e+04 4.700000000000000000e+03 3.500000000000000000e+00
1.384510761276248741e+04 4.800000000000000000e+03 3.500000000000000000e+00
1.549754882625381106e+04 4.900000000000000000e+03 3.500000000000000000e+00
1.749698898424139043e+04 5.000000000000000000e+03 3.500000000000000000e+00
2.533646706312890728e+03 3.900000000000000000e+03 4.000000000000000000e+00
3.359208172193681094e+03 4.000000000000000000e+03 4.000000000000000000e+00
4.369345160934882188e+03 4.100000000000000000e+03 4.000000000000000000e+00
5.367434452503666762e+03 4.200000000000000000e+03 4.000000000000000000e+00
6.389486854917923665e+03 4.300000000000000000e+03 4.000000000000000000e+00
7.624093048915412510e+03 4.400000000000000000e+03 4.000000000000000000e+00
9.028844761115917208e+03 4.500000000000000000e+03 4.000000000000000000e+00
1.056772271846819422e+04 4.600000000000000000e+03 4.000000000000000000e+00
1.206535122469070302e+04 4.700000000000000000e+03 4.000000000000000000e+00
1.383273827511408308e+04 4.800000000000000000e+03 4.000000000000000000e+00
1.558401504875256251e+04 4.900000000000000000e+03 4.000000000000000000e+00
1.781588872463174266e+04 5.000000000000000000e+03 4.000000000000000000e+00
2.668943057828618294e+03 3.900000000000000000e+03 4.500000000000000000e+00
3.345672695575468424e+03 4.000000000000000000e+03 4.500000000000000000e+00
4.167043248348151792e+03 4.100000000000000000e+03 4.500000000000000000e+00
5.164428094653552762e+03 4.200000000000000000e+03 4.500000000000000000e+00
6.382521471478389685e+03 4.300000000000000000e+03 4.500000000000000000e+00
7.534720011188141143e+03 4.400000000000000000e+03 4.500000000000000000e+00
9.035344407917238641e+03 4.500000000000000000e+03 4.500000000000000000e+00
1.059688068784134339e+04 4.600000000000000000e+03 4.500000000000000000e+00
1.219564648093441610e+04 4.700000000000000000e+03 4.500000000000000000e+00
1.391726534277058454e+04 4.800000000000000000e+03 4.500000000000000000e+00
1.579618498631625334e+04 4.900000000000000000e+03 4.500000000000000000e+00
1.763422486517748257e+04 5.000000000000000000e+03 4.500000000000000000e+00
