# # Chi square, temp, lg
1.763355565963044501e+04 3.900000000000000000e+03 3.500000000000000000e+00
1.673335808082215590e+04 4.000000000000000000e+03 3.500000000000000000e+00
1.574856749216611752e+04 4.100000000000000000e+03 3.500000000000000000e+00
1.478999942290916260e+04 4.200000000000000000e+03 3.500000000000000000e+00
1.361573762331574653e+04 4.300000000000000000e+03 3.500000000000000000e+00
1.246658643059667520e+04 4.400000000000000000e+03 3.500000000000000000e+00
1.129193293875419295e+04 4.500000000000000000e+03 3.500000000000000000e+00
1.011328770152242032e+04 4.600000000000000000e+03 3.500000000000000000e+00
8.790377325515793927e+03 4.700000000000000000e+03 3.500000000000000000e+00
7.769764340074750180e+03 4.800000000000000000e+03 3.500000000000000000e+00
7.026111321040478288e+03 4.900000000000000000e+03 3.500000000000000000e+00
6.820248774904629499e+03 5.000000000000000000e+03 3.500000000000000000e+00
1.756645625638969796e+04 3.900000000000000000e+03 4.000000000000000000e+00
1.670330792335599835e+04 4.000000000000000000e+03 4.000000000000000000e+00
1.564107073019813470e+04 4.100000000000000000e+03 4.000000000000000000e+00
1.461099185662979289e+04 4.200000000000000000e+03 4.000000000000000000e+00
1.362971105408840958e+04 4.300000000000000000e+03 4.000000000000000000e+00
1.238451406842795222e+04 4.400000000000000000e+03 4.000000000000000000e+00
1.126026991700291910e+04 4.500000000000000000e+03 4.000000000000000000e+00
9.905715376422878762e+03 4.600000000000000000e+03 4.000000000000000000e+00
8.818311915372334624e+03 4.700000000000000000e+03 4.000000000000000000e+00
7.600155969788710536e+03 4.800000000000000000e+03 4.000000000000000000e+00
6.788624987052232427e+03 4.900000000000000000e+03 4.000000000000000000e+00
6.517996182075862635e+03 5.000000000000000000e+03 4.000000000000000000e+00
1.760760901753191865e+04 3.900000000000000000e+03 4.500000000000000000e+00
1.680377372144177207e+04 4.000000000000000000e+03 4.500000000000000000e+00
1.580601873034881646e+04 4.100000000000000000e+03 4.500000000000000000e+00
1.489355937318081124e+04 4.200000000000000000e+03 4.500000000000000000e+00
1.359609313366515926e+04 4.300000000000000000e+03 4.500000000000000000e+00
1.236855349069068870e+04 4.400000000000000000e+03 4.500000000000000000e+00
1.111467358133142807e+04 4.500000000000000000e+03 4.500000000000000000e+00
9.790891846741122208e+03 4.600000000000000000e+03 4.500000000000000000e+00
8.566838070815800165e+03 4.700000000000000000e+03 4.500000000000000000e+00
7.523186987253296138e+03 4.800000000000000000e+03 4.500000000000000000e+00
6.705442223132035906e+03 4.900000000000000000e+03 4.500000000000000000e+00
6.565412574261162263e+03 5.000000000000000000e+03 4.500000000000000000e+00
