# # Chi square, temp, lg
4.208583037426016745e+03 2.900000000000000000e+03 3.500000000000000000e+00
3.887500273923898021e+03 3.000000000000000000e+03 3.500000000000000000e+00
3.558454873994413447e+03 3.100000000000000000e+03 3.500000000000000000e+00
3.221811065691184467e+03 3.200000000000000000e+03 3.500000000000000000e+00
2.833429563543072163e+03 3.300000000000000000e+03 3.500000000000000000e+00
2.422600980486286971e+03 3.400000000000000000e+03 3.500000000000000000e+00
2.046288260471300191e+03 3.500000000000000000e+03 3.500000000000000000e+00
1.733257986618615178e+03 3.600000000000000000e+03 3.500000000000000000e+00
1.622413451604584452e+03 3.700000000000000000e+03 3.500000000000000000e+00
1.836149920879129922e+03 3.800000000000000000e+03 3.500000000000000000e+00
2.386027072916387169e+03 3.900000000000000000e+03 3.500000000000000000e+00
3.114844716491643339e+03 4.000000000000000000e+03 3.500000000000000000e+00
4.167755601068340184e+03 2.900000000000000000e+03 4.000000000000000000e+00
3.865491577767621948e+03 3.000000000000000000e+03 4.000000000000000000e+00
3.564764013434220487e+03 3.100000000000000000e+03 4.000000000000000000e+00
3.203888219121286966e+03 3.200000000000000000e+03 4.000000000000000000e+00
2.839956734360486735e+03 3.300000000000000000e+03 4.000000000000000000e+00
2.490787673556851587e+03 3.400000000000000000e+03 4.000000000000000000e+00
2.120288894401872767e+03 3.500000000000000000e+03 4.000000000000000000e+00
1.872495549594877957e+03 3.600000000000000000e+03 4.000000000000000000e+00
1.777826766486860606e+03 3.700000000000000000e+03 4.000000000000000000e+00
1.973888412225123602e+03 3.800000000000000000e+03 4.000000000000000000e+00
2.461976856232177397e+03 3.900000000000000000e+03 4.000000000000000000e+00
3.181769697004880072e+03 4.000000000000000000e+03 4.000000000000000000e+00
4.160617532133194800e+03 2.900000000000000000e+03 4.500000000000000000e+00
3.872538365982780761e+03 3.000000000000000000e+03 4.500000000000000000e+00
3.542875290683561161e+03 3.100000000000000000e+03 4.500000000000000000e+00
3.196055908700830059e+03 3.200000000000000000e+03 4.500000000000000000e+00
2.860072644525635496e+03 3.300000000000000000e+03 4.500000000000000000e+00
2.515298469890313754e+03 3.400000000000000000e+03 4.500000000000000000e+00
2.211404519129514938e+03 3.500000000000000000e+03 4.500000000000000000e+00
2.022682819390894338e+03 3.600000000000000000e+03 4.500000000000000000e+00
1.944666818935190804e+03 3.700000000000000000e+03 4.500000000000000000e+00
2.169541707231356668e+03 3.800000000000000000e+03 4.500000000000000000e+00
2.586148273044721464e+03 3.900000000000000000e+03 4.500000000000000000e+00
3.224533712552288762e+03 4.000000000000000000e+03 4.500000000000000000e+00
