# # Chi square, temp, lg
8.862750464162654680e+03 3.900000000000000000e+03 3.500000000000000000e+00
7.942741993087782248e+03 4.000000000000000000e+03 3.500000000000000000e+00
6.965937690745131476e+03 4.100000000000000000e+03 3.500000000000000000e+00
6.002305442019513066e+03 4.200000000000000000e+03 3.500000000000000000e+00
4.757708063007138662e+03 4.300000000000000000e+03 3.500000000000000000e+00
3.684264978790909481e+03 4.400000000000000000e+03 3.500000000000000000e+00
2.519033743356952073e+03 4.500000000000000000e+03 3.500000000000000000e+00
2.032024978144796705e+03 4.600000000000000000e+03 3.500000000000000000e+00
2.420918441836172860e+03 4.700000000000000000e+03 3.500000000000000000e+00
3.642415676963578790e+03 4.800000000000000000e+03 3.500000000000000000e+00
5.475136024480952983e+03 4.900000000000000000e+03 3.500000000000000000e+00
7.190282017533546423e+03 5.000000000000000000e+03 3.500000000000000000e+00
8.778325921707535599e+03 3.900000000000000000e+03 4.000000000000000000e+00
7.879812569843840720e+03 4.000000000000000000e+03 4.000000000000000000e+00
6.850099970829327503e+03 4.100000000000000000e+03 4.000000000000000000e+00
5.867864325561121404e+03 4.200000000000000000e+03 4.000000000000000000e+00
4.645706414700309324e+03 4.300000000000000000e+03 4.000000000000000000e+00
3.437741298519657448e+03 4.400000000000000000e+03 4.000000000000000000e+00
2.406051159678998374e+03 4.500000000000000000e+03 4.000000000000000000e+00
1.796337810331884157e+03 4.600000000000000000e+03 4.000000000000000000e+00
2.405489119224782826e+03 4.700000000000000000e+03 4.000000000000000000e+00
3.740130344639166651e+03 4.800000000000000000e+03 4.000000000000000000e+00
5.510943518532689268e+03 4.900000000000000000e+03 4.000000000000000000e+00
7.827139641662130998e+03 5.000000000000000000e+03 4.000000000000000000e+00
8.769385326145404179e+03 3.900000000000000000e+03 4.500000000000000000e+00
8.010337695351734510e+03 4.000000000000000000e+03 4.500000000000000000e+00
7.049603263675061498e+03 4.100000000000000000e+03 4.500000000000000000e+00
6.075852382335186121e+03 4.200000000000000000e+03 4.500000000000000000e+00
4.774430073775522033e+03 4.300000000000000000e+03 4.500000000000000000e+00
3.746583683812561958e+03 4.400000000000000000e+03 4.500000000000000000e+00
2.419335275719312449e+03 4.500000000000000000e+03 4.500000000000000000e+00
1.659721033935628157e+03 4.600000000000000000e+03 4.500000000000000000e+00
2.357491624994357153e+03 4.700000000000000000e+03 4.500000000000000000e+00
3.942864344330278527e+03 4.800000000000000000e+03 4.500000000000000000e+00
5.575688513455706016e+03 4.900000000000000000e+03 4.500000000000000000e+00
7.563320592190847492e+03 5.000000000000000000e+03 4.500000000000000000e+00
