# # Chi square, temp, lg
6.170155043670562009e+03 3.400000000000000000e+03 3.500000000000000000e+00
5.721540104725384481e+03 3.500000000000000000e+03 3.500000000000000000e+00
5.191474846380253439e+03 3.600000000000000000e+03 3.500000000000000000e+00
4.613635064593605421e+03 3.700000000000000000e+03 3.500000000000000000e+00
3.894053026760100693e+03 3.800000000000000000e+03 3.500000000000000000e+00
3.191281713853483325e+03 3.900000000000000000e+03 3.500000000000000000e+00
2.332122122164266329e+03 4.000000000000000000e+03 3.500000000000000000e+00
1.527130634247653234e+03 4.100000000000000000e+03 3.500000000000000000e+00
1.200918445492505498e+03 4.200000000000000000e+03 3.500000000000000000e+00
1.653172727568139408e+03 4.300000000000000000e+03 3.500000000000000000e+00
2.778078785657800836e+03 4.400000000000000000e+03 3.500000000000000000e+00
4.042682201564259231e+03 4.500000000000000000e+03 3.500000000000000000e+00
6.109664347299730252e+03 3.400000000000000000e+03 4.000000000000000000e+00
5.595989191910875888e+03 3.500000000000000000e+03 4.000000000000000000e+00
5.084765712289986368e+03 3.600000000000000000e+03 4.000000000000000000e+00
4.491486227941154539e+03 3.700000000000000000e+03 4.000000000000000000e+00
3.799267955786237053e+03 3.800000000000000000e+03 4.000000000000000000e+00
3.111717435034225673e+03 3.900000000000000000e+03 4.000000000000000000e+00
2.277085842644708464e+03 4.000000000000000000e+03 4.000000000000000000e+00
1.410540677733352595e+03 4.100000000000000000e+03 4.000000000000000000e+00
1.169560477853851580e+03 4.200000000000000000e+03 4.000000000000000000e+00
1.741035343691680964e+03 4.300000000000000000e+03 4.000000000000000000e+00
2.815839981878183153e+03 4.400000000000000000e+03 4.000000000000000000e+00
4.247729097810300118e+03 4.500000000000000000e+03 4.000000000000000000e+00
6.051334396526853197e+03 3.400000000000000000e+03 4.500000000000000000e+00
5.575553277882240764e+03 3.500000000000000000e+03 4.500000000000000000e+00
5.032900747430402589e+03 3.600000000000000000e+03 4.500000000000000000e+00
4.467407779066639705e+03 3.700000000000000000e+03 4.500000000000000000e+00
3.795483785343264117e+03 3.800000000000000000e+03 4.500000000000000000e+00
3.034517963012510336e+03 3.900000000000000000e+03 4.500000000000000000e+00
2.336408152464357045e+03 4.000000000000000000e+03 4.500000000000000000e+00
1.557889318240160037e+03 4.100000000000000000e+03 4.500000000000000000e+00
1.149904554523541265e+03 4.200000000000000000e+03 4.500000000000000000e+00
1.691185019163563766e+03 4.300000000000000000e+03 4.500000000000000000e+00
2.929458804072072326e+03 4.400000000000000000e+03 4.500000000000000000e+00
4.241935843282458336e+03 4.500000000000000000e+03 4.500000000000000000e+00
