# # Chi square, temp, lg
1.349071572924046086e+04 2.900000000000000000e+03 3.500000000000000000e+00
1.323863059101357794e+04 3.000000000000000000e+03 3.500000000000000000e+00
1.295047492739451081e+04 3.100000000000000000e+03 3.500000000000000000e+00
1.266846401965215227e+04 3.200000000000000000e+03 3.500000000000000000e+00
1.230421587289008130e+04 3.300000000000000000e+03 3.500000000000000000e+00
1.193761191921993304e+04 3.400000000000000000e+03 3.500000000000000000e+00
1.145698194277284347e+04 3.500000000000000000e+03 3.500000000000000000e+00
1.094431519511321858e+04 3.600000000000000000e+03 3.500000000000000000e+00
1.038858064287247180e+04 3.700000000000000000e+03 3.500000000000000000e+00
9.609951081902034275e+03 3.800000000000000000e+03 3.500000000000000000e+00
8.862750464162654680e+03 3.900000000000000000e+03 3.500000000000000000e+00
7.942741993087782248e+03 4.000000000000000000e+03 3.500000000000000000e+00
1.344798911513483108e+04 2.900000000000000000e+03 4.000000000000000000e+00
1.317986879753119865e+04 3.000000000000000000e+03 4.000000000000000000e+00
1.290411069200048223e+04 3.100000000000000000e+03 4.000000000000000000e+00
1.256867580080816333e+04 3.200000000000000000e+03 4.000000000000000000e+00
1.222957952331054548e+04 3.300000000000000000e+03 4.000000000000000000e+00
1.179354195060906204e+04 3.400000000000000000e+03 4.000000000000000000e+00
1.134789465695458784e+04 3.500000000000000000e+03 4.000000000000000000e+00
1.078916331241866646e+04 3.600000000000000000e+03 4.000000000000000000e+00
1.020393962641236976e+04 3.700000000000000000e+03 4.000000000000000000e+00
9.521196748224079784e+03 3.800000000000000000e+03 4.000000000000000000e+00
8.778325921707535599e+03 3.900000000000000000e+03 4.000000000000000000e+00
7.879812569843840720e+03 4.000000000000000000e+03 4.000000000000000000e+00
1.345102176974376744e+04 2.900000000000000000e+03 4.500000000000000000e+00
1.319881193075168085e+04 3.000000000000000000e+03 4.500000000000000000e+00
1.287879401069519736e+04 3.100000000000000000e+03 4.500000000000000000e+00
1.254010211811155568e+04 3.200000000000000000e+03 4.500000000000000000e+00
1.217951050385350572e+04 3.300000000000000000e+03 4.500000000000000000e+00
1.176125829333763613e+04 3.400000000000000000e+03 4.500000000000000000e+00
1.127598034245423696e+04 3.500000000000000000e+03 4.500000000000000000e+00
1.078183461643344344e+04 3.600000000000000000e+03 4.500000000000000000e+00
1.016714722577571047e+04 3.700000000000000000e+03 4.500000000000000000e+00
9.499681282870436917e+03 3.800000000000000000e+03 4.500000000000000000e+00
8.769385326145404179e+03 3.900000000000000000e+03 4.500000000000000000e+00
8.010337695351734510e+03 4.000000000000000000e+03 4.500000000000000000e+00
