# # Chi square, temp, lg
1.944122352724839584e+04 3.400000000000000000e+03 3.500000000000000000e+00
1.899420820231434845e+04 3.500000000000000000e+03 3.500000000000000000e+00
1.841482772013450449e+04 3.600000000000000000e+03 3.500000000000000000e+00
1.779735120637506770e+04 3.700000000000000000e+03 3.500000000000000000e+00
1.706938019755693676e+04 3.800000000000000000e+03 3.500000000000000000e+00
1.623782869368818683e+04 3.900000000000000000e+03 3.500000000000000000e+00
1.534053448160473636e+04 4.000000000000000000e+03 3.500000000000000000e+00
1.435842089055248834e+04 4.100000000000000000e+03 3.500000000000000000e+00
1.340877043267709269e+04 4.200000000000000000e+03 3.500000000000000000e+00
1.224195179447394003e+04 4.300000000000000000e+03 3.500000000000000000e+00
1.111566424737928173e+04 4.400000000000000000e+03 3.500000000000000000e+00
9.959124192013390712e+03 4.500000000000000000e+03 3.500000000000000000e+00
1.938296520005548155e+04 3.400000000000000000e+03 4.000000000000000000e+00
1.886729936276191438e+04 3.500000000000000000e+03 4.000000000000000000e+00
1.832504696150288146e+04 3.600000000000000000e+03 4.000000000000000000e+00
1.765298714045103043e+04 3.700000000000000000e+03 4.000000000000000000e+00
1.698816160502704588e+04 3.800000000000000000e+03 4.000000000000000000e+00
1.617400368534134213e+04 3.900000000000000000e+03 4.000000000000000000e+00
1.530713908481461294e+04 4.000000000000000000e+03 4.000000000000000000e+00
1.424699966521303031e+04 4.100000000000000000e+03 4.000000000000000000e+00
1.322640215011265718e+04 4.200000000000000000e+03 4.000000000000000000e+00
1.225063260456304124e+04 4.300000000000000000e+03 4.000000000000000000e+00
1.102788791006911379e+04 4.400000000000000000e+03 4.000000000000000000e+00
9.925232170900104393e+03 4.500000000000000000e+03 4.000000000000000000e+00
1.931921943299369013e+04 3.400000000000000000e+03 4.500000000000000000e+00
1.883296362529796170e+04 3.500000000000000000e+03 4.500000000000000000e+00
1.825017570358973535e+04 3.600000000000000000e+03 4.500000000000000000e+00
1.764632618832766821e+04 3.700000000000000000e+03 4.500000000000000000e+00
1.700097649201897366e+04 3.800000000000000000e+03 4.500000000000000000e+00
1.621720411481644260e+04 3.900000000000000000e+03 4.500000000000000000e+00
1.541348066920390011e+04 4.000000000000000000e+03 4.500000000000000000e+00
1.441777985518877358e+04 4.100000000000000000e+03 4.500000000000000000e+00
1.350766547824213922e+04 4.200000000000000000e+03 4.500000000000000000e+00
1.221898577588235094e+04 4.300000000000000000e+03 4.500000000000000000e+00
1.101125175546576247e+04 4.400000000000000000e+03 4.500000000000000000e+00
9.776672192541749610e+03 4.500000000000000000e+03 4.500000000000000000e+00
