# # Chi square, temp, lg
7.281605531873586187e+03 4.400000000000000000e+03 3.500000000000000000e+00
8.514700152467035878e+03 4.500000000000000000e+03 3.500000000000000000e+00
1.009427749096033222e+04 4.600000000000000000e+03 3.500000000000000000e+00
1.171655847534332133e+04 4.700000000000000000e+03 3.500000000000000000e+00
1.364465690772039852e+04 4.800000000000000000e+03 3.500000000000000000e+00
1.529714774719149318e+04 4.900000000000000000e+03 3.500000000000000000e+00
1.738541137147237532e+04 5.000000000000000000e+03 3.500000000000000000e+00
1.951131096699663249e+04 5.100000000000000000e+03 3.500000000000000000e+00
2.194234362284322924e+04 5.200000000000000000e+03 3.500000000000000000e+00
2.432492451270245147e+04 5.300000000000000000e+03 3.500000000000000000e+00
2.734941168970070430e+04 5.400000000000000000e+03 3.500000000000000000e+00
3.030909667276122127e+04 5.500000000000000000e+03 3.500000000000000000e+00
7.301605089925360517e+03 4.400000000000000000e+03 4.000000000000000000e+00
8.702550449695716452e+03 4.500000000000000000e+03 4.000000000000000000e+00
1.019013437643877478e+04 4.600000000000000000e+03 4.000000000000000000e+00
1.184190732303172445e+04 4.700000000000000000e+03 4.000000000000000000e+00
1.366696747062598115e+04 4.800000000000000000e+03 4.000000000000000000e+00
1.563922317957533778e+04 4.900000000000000000e+03 4.000000000000000000e+00
1.771933152572633844e+04 5.000000000000000000e+03 4.000000000000000000e+00
1.997006854813031168e+04 5.100000000000000000e+03 4.000000000000000000e+00
2.216469065440697159e+04 5.200000000000000000e+03 4.000000000000000000e+00
2.520320569373798571e+04 5.300000000000000000e+03 4.000000000000000000e+00
2.744663705977390055e+04 5.400000000000000000e+03 4.000000000000000000e+00
3.079593939358595162e+04 5.500000000000000000e+03 4.000000000000000000e+00
7.311965859830585941e+03 4.400000000000000000e+03 4.500000000000000000e+00
8.679982613535019482e+03 4.500000000000000000e+03 4.500000000000000000e+00
1.026581077312460002e+04 4.600000000000000000e+03 4.500000000000000000e+00
1.194051005510722280e+04 4.700000000000000000e+03 4.500000000000000000e+00
1.367894787600606105e+04 4.800000000000000000e+03 4.500000000000000000e+00
1.572853996189945428e+04 4.900000000000000000e+03 4.500000000000000000e+00
1.780209577969864040e+04 5.000000000000000000e+03 4.500000000000000000e+00
1.989775248713694964e+04 5.100000000000000000e+03 4.500000000000000000e+00
2.223787860312376870e+04 5.200000000000000000e+03 4.500000000000000000e+00
2.491477393830903020e+04 5.300000000000000000e+03 4.500000000000000000e+00
2.733711992953056324e+04 5.400000000000000000e+03 4.500000000000000000e+00
3.046177113765642571e+04 5.500000000000000000e+03 4.500000000000000000e+00
