# # Chi square, temp, lg
9.920243812585622436e+03 3.400000000000000000e+03 3.500000000000000000e+00
9.475854607735172976e+03 3.500000000000000000e+03 3.500000000000000000e+00
8.906342004876858482e+03 3.600000000000000000e+03 3.500000000000000000e+00
8.365711980070942445e+03 3.700000000000000000e+03 3.500000000000000000e+00
7.544250578036552724e+03 3.800000000000000000e+03 3.500000000000000000e+00
6.746002857819024939e+03 3.900000000000000000e+03 3.500000000000000000e+00
5.768476213418726729e+03 4.000000000000000000e+03 3.500000000000000000e+00
4.770494975946495288e+03 4.100000000000000000e+03 3.500000000000000000e+00
3.824186915317732200e+03 4.200000000000000000e+03 3.500000000000000000e+00
2.718186712911655832e+03 4.300000000000000000e+03 3.500000000000000000e+00
1.716586689128047283e+03 4.400000000000000000e+03 3.500000000000000000e+00
1.385089221815908786e+03 4.500000000000000000e+03 3.500000000000000000e+00
9.829304762848803875e+03 3.400000000000000000e+03 4.000000000000000000e+00
9.324204478660813038e+03 3.500000000000000000e+03 4.000000000000000000e+00
8.782343697607673676e+03 3.600000000000000000e+03 4.000000000000000000e+00
8.180153862820481663e+03 3.700000000000000000e+03 4.000000000000000000e+00
7.494466873958485849e+03 3.800000000000000000e+03 4.000000000000000000e+00
6.724087596645304075e+03 3.900000000000000000e+03 4.000000000000000000e+00
5.740260762045418232e+03 4.000000000000000000e+03 4.000000000000000000e+00
4.768219212927954686e+03 4.100000000000000000e+03 4.000000000000000000e+00
3.715480447670944159e+03 4.200000000000000000e+03 4.000000000000000000e+00
2.679210593024057289e+03 4.300000000000000000e+03 4.000000000000000000e+00
1.793990703236188665e+03 4.400000000000000000e+03 4.000000000000000000e+00
1.634568683030432112e+03 4.500000000000000000e+03 4.000000000000000000e+00
9.762165565749617599e+03 3.400000000000000000e+03 4.500000000000000000e+00
9.288254627653890566e+03 3.500000000000000000e+03 4.500000000000000000e+00
8.757937912167169998e+03 3.600000000000000000e+03 4.500000000000000000e+00
8.152861525053658625e+03 3.700000000000000000e+03 4.500000000000000000e+00
7.462241531608402511e+03 3.800000000000000000e+03 4.500000000000000000e+00
6.705620496161920528e+03 3.900000000000000000e+03 4.500000000000000000e+00
5.891013843308091054e+03 4.000000000000000000e+03 4.500000000000000000e+00
4.975841527288465841e+03 4.100000000000000000e+03 4.500000000000000000e+00
3.999460658570354099e+03 4.200000000000000000e+03 4.500000000000000000e+00
2.737365818999152452e+03 4.300000000000000000e+03 4.500000000000000000e+00
1.808552412248985092e+03 4.400000000000000000e+03 4.500000000000000000e+00
1.755868709250822803e+03 4.500000000000000000e+03 4.500000000000000000e+00
