# # Chi square, temp, lg
3.232594503452148274e+03 2.900000000000000000e+03 3.500000000000000000e+00
2.911678895849711807e+03 3.000000000000000000e+03 3.500000000000000000e+00
2.585773754083059430e+03 3.100000000000000000e+03 3.500000000000000000e+00
2.254334282726045330e+03 3.200000000000000000e+03 3.500000000000000000e+00
1.882994446674753135e+03 3.300000000000000000e+03 3.500000000000000000e+00
1.513943419653164710e+03 3.400000000000000000e+03 3.500000000000000000e+00
1.230508731811953567e+03 3.500000000000000000e+03 3.500000000000000000e+00
1.172207541558863340e+03 3.600000000000000000e+03 3.500000000000000000e+00
1.431005700267942530e+03 3.700000000000000000e+03 3.500000000000000000e+00
1.992374730126034365e+03 3.800000000000000000e+03 3.500000000000000000e+00
2.735832259455818985e+03 3.900000000000000000e+03 3.500000000000000000e+00
3.582567025104964614e+03 4.000000000000000000e+03 3.500000000000000000e+00
3.191192296816740964e+03 2.900000000000000000e+03 4.000000000000000000e+00
2.890502603700190321e+03 3.000000000000000000e+03 4.000000000000000000e+00
2.593551656634868323e+03 3.100000000000000000e+03 4.000000000000000000e+00
2.240575941782275095e+03 3.200000000000000000e+03 4.000000000000000000e+00
1.898147288743382205e+03 3.300000000000000000e+03 4.000000000000000000e+00
1.600315939188066977e+03 3.400000000000000000e+03 4.000000000000000000e+00
1.345664980092658197e+03 3.500000000000000000e+03 4.000000000000000000e+00
1.339009982891611571e+03 3.600000000000000000e+03 4.000000000000000000e+00
1.586391792570252619e+03 3.700000000000000000e+03 4.000000000000000000e+00
2.104715681101786231e+03 3.800000000000000000e+03 4.000000000000000000e+00
2.796270523835528820e+03 3.900000000000000000e+03 4.000000000000000000e+00
3.654873637755144500e+03 4.000000000000000000e+03 4.000000000000000000e+00
3.184280252485671554e+03 2.900000000000000000e+03 4.500000000000000000e+00
2.897213146811313436e+03 3.000000000000000000e+03 4.500000000000000000e+00
2.573622253156076567e+03 3.100000000000000000e+03 4.500000000000000000e+00
2.237951817359169127e+03 3.200000000000000000e+03 4.500000000000000000e+00
1.926243370879702297e+03 3.300000000000000000e+03 4.500000000000000000e+00
1.643604358433365405e+03 3.400000000000000000e+03 4.500000000000000000e+00
1.461749098815743764e+03 3.500000000000000000e+03 4.500000000000000000e+00
1.512913806179424000e+03 3.600000000000000000e+03 4.500000000000000000e+00
1.721102566199624562e+03 3.700000000000000000e+03 4.500000000000000000e+00
2.227518937860810183e+03 3.800000000000000000e+03 4.500000000000000000e+00
2.867623102986475715e+03 3.900000000000000000e+03 4.500000000000000000e+00
3.640049749119160879e+03 4.000000000000000000e+03 4.500000000000000000e+00
