# # Chi square, temp, lg
2.518725213785366577e+04 2.900000000000000000e+03 3.500000000000000000e+00
2.492603970716295589e+04 3.000000000000000000e+03 3.500000000000000000e+00
2.462582840729116651e+04 3.100000000000000000e+03 3.500000000000000000e+00
2.431849844744100119e+04 3.200000000000000000e+03 3.500000000000000000e+00
2.394015472653783945e+04 3.300000000000000000e+03 3.500000000000000000e+00
2.349003593458497198e+04 3.400000000000000000e+03 3.500000000000000000e+00
2.301974065289674400e+04 3.500000000000000000e+03 3.500000000000000000e+00
2.242699625528632532e+04 3.600000000000000000e+03 3.500000000000000000e+00
2.186067828100694169e+04 3.700000000000000000e+03 3.500000000000000000e+00
2.103040387913824088e+04 3.800000000000000000e+03 3.500000000000000000e+00
2.021483636856338853e+04 3.900000000000000000e+03 3.500000000000000000e+00
1.923160287573372989e+04 4.000000000000000000e+03 3.500000000000000000e+00
2.515131237113915267e+04 2.900000000000000000e+03 4.000000000000000000e+00
2.487947745416313774e+04 3.000000000000000000e+03 4.000000000000000000e+00
2.457926161599444822e+04 3.100000000000000000e+03 4.000000000000000000e+00
2.423286972443967534e+04 3.200000000000000000e+03 4.000000000000000000e+00
2.383280670945270685e+04 3.300000000000000000e+03 4.000000000000000000e+00
2.341254222506337828e+04 3.400000000000000000e+03 4.000000000000000000e+00
2.288596993046978241e+04 3.500000000000000000e+03 4.000000000000000000e+00
2.232733837117067378e+04 3.600000000000000000e+03 4.000000000000000000e+00
2.170396691550259129e+04 3.700000000000000000e+03 4.000000000000000000e+00
2.099588694678746469e+04 3.800000000000000000e+03 4.000000000000000000e+00
2.020339897567655498e+04 3.900000000000000000e+03 4.000000000000000000e+00
1.920177385005188262e+04 4.000000000000000000e+03 4.000000000000000000e+00
2.515337401214522106e+04 2.900000000000000000e+03 4.500000000000000000e+00
2.488335215340538707e+04 3.000000000000000000e+03 4.500000000000000000e+00
2.453810837825472481e+04 3.100000000000000000e+03 4.500000000000000000e+00
2.418496267100637124e+04 3.200000000000000000e+03 4.500000000000000000e+00
2.379042802854749607e+04 3.300000000000000000e+03 4.500000000000000000e+00
2.335222458662614372e+04 3.400000000000000000e+03 4.500000000000000000e+00
2.286109773775248323e+04 3.500000000000000000e+03 4.500000000000000000e+00
2.231540605986782975e+04 3.600000000000000000e+03 4.500000000000000000e+00
2.169503983127349056e+04 3.700000000000000000e+03 4.500000000000000000e+00
2.099453321600805066e+04 3.800000000000000000e+03 4.500000000000000000e+00
2.021892111993471917e+04 3.900000000000000000e+03 4.500000000000000000e+00
1.938501111243968262e+04 4.000000000000000000e+03 4.500000000000000000e+00
