# # Chi square, temp, lg
9.161867888348100450e+02 2.400000000000000000e+03 3.500000000000000000e+00
7.564374404756575814e+02 2.500000000000000000e+03 3.500000000000000000e+00
5.845296365250217150e+02 2.600000000000000000e+03 3.500000000000000000e+00
3.708892903066596887e+02 2.700000000000000000e+03 3.500000000000000000e+00
1.896026964290941237e+02 2.800000000000000000e+03 3.500000000000000000e+00
2.614753029068734804e+02 2.900000000000000000e+03 3.500000000000000000e+00
5.506127598964163781e+02 3.000000000000000000e+03 3.500000000000000000e+00
8.829858412121028550e+02 3.100000000000000000e+03 3.500000000000000000e+00
1.226916072712936511e+03 3.200000000000000000e+03 3.500000000000000000e+00
1.632931829824115994e+03 3.300000000000000000e+03 3.500000000000000000e+00
2.104233721831218190e+03 3.400000000000000000e+03 3.500000000000000000e+00
2.588935755886978768e+03 3.500000000000000000e+03 3.500000000000000000e+00
8.918053963305084153e+02 2.400000000000000000e+03 4.000000000000000000e+00
7.257014402751941589e+02 2.500000000000000000e+03 4.000000000000000000e+00
5.369745128147392279e+02 2.600000000000000000e+03 4.000000000000000000e+00
3.358634341355930815e+02 2.700000000000000000e+03 4.000000000000000000e+00
1.686608066227850315e+02 2.800000000000000000e+03 4.000000000000000000e+00
3.001070640029360561e+02 2.900000000000000000e+03 4.000000000000000000e+00
5.780784442785601414e+02 3.000000000000000000e+03 4.000000000000000000e+00
9.111302089052777546e+02 3.100000000000000000e+03 4.000000000000000000e+00
1.284296716895875079e+03 3.200000000000000000e+03 4.000000000000000000e+00
1.678961126886490547e+03 3.300000000000000000e+03 4.000000000000000000e+00
2.113938744697504262e+03 3.400000000000000000e+03 4.000000000000000000e+00
2.637416552551585482e+03 3.500000000000000000e+03 4.000000000000000000e+00
8.641904015785422644e+02 2.400000000000000000e+03 4.500000000000000000e+00
7.016489332219274502e+02 2.500000000000000000e+03 4.500000000000000000e+00
5.248629453372760736e+02 2.600000000000000000e+03 4.500000000000000000e+00
3.311111587090545640e+02 2.700000000000000000e+03 4.500000000000000000e+00
1.760523317581391041e+02 2.800000000000000000e+03 4.500000000000000000e+00
2.958735231675326531e+02 2.900000000000000000e+03 4.500000000000000000e+00
5.674917196683535394e+02 3.000000000000000000e+03 4.500000000000000000e+00
9.328711224184850153e+02 3.100000000000000000e+03 4.500000000000000000e+00
1.309992705254049952e+03 3.200000000000000000e+03 4.500000000000000000e+00
1.720964012357634829e+03 3.300000000000000000e+03 4.500000000000000000e+00
2.151691318952145593e+03 3.400000000000000000e+03 4.500000000000000000e+00
2.665794835469875125e+03 3.500000000000000000e+03 4.500000000000000000e+00
