# # Chi square, temp, lg
5.871874978760025442e+03 2.900000000000000000e+03 3.500000000000000000e+00
5.545605496982900149e+03 3.000000000000000000e+03 3.500000000000000000e+00
5.228925321292862463e+03 3.100000000000000000e+03 3.500000000000000000e+00
4.864769247620158239e+03 3.200000000000000000e+03 3.500000000000000000e+00
4.447618864296370703e+03 3.300000000000000000e+03 3.500000000000000000e+00
4.019021377363217653e+03 3.400000000000000000e+03 3.500000000000000000e+00
3.581152004510534880e+03 3.500000000000000000e+03 3.500000000000000000e+00
3.152343225700915809e+03 3.600000000000000000e+03 3.500000000000000000e+00
2.776972365555714532e+03 3.700000000000000000e+03 3.500000000000000000e+00
2.571372100197439977e+03 3.800000000000000000e+03 3.500000000000000000e+00
2.615367542584100647e+03 3.900000000000000000e+03 3.500000000000000000e+00
2.969226218706400232e+03 4.000000000000000000e+03 3.500000000000000000e+00
5.823834903156751352e+03 2.900000000000000000e+03 4.000000000000000000e+00
5.529455240211985256e+03 3.000000000000000000e+03 4.000000000000000000e+00
5.208074332756908007e+03 3.100000000000000000e+03 4.000000000000000000e+00
4.843084881443203813e+03 3.200000000000000000e+03 4.000000000000000000e+00
4.460616896402932980e+03 3.300000000000000000e+03 4.000000000000000000e+00
4.087498818125309754e+03 3.400000000000000000e+03 4.000000000000000000e+00
3.651928672993044529e+03 3.500000000000000000e+03 4.000000000000000000e+00
3.269184107354118623e+03 3.600000000000000000e+03 4.000000000000000000e+00
2.904077177820846373e+03 3.700000000000000000e+03 4.000000000000000000e+00
2.695330625906228306e+03 3.800000000000000000e+03 4.000000000000000000e+00
2.665913950843115344e+03 3.900000000000000000e+03 4.000000000000000000e+00
2.985287231454981338e+03 4.000000000000000000e+03 4.000000000000000000e+00
5.819500240127059442e+03 2.900000000000000000e+03 4.500000000000000000e+00
5.529921675082568981e+03 3.000000000000000000e+03 4.500000000000000000e+00
5.190131142366928543e+03 3.100000000000000000e+03 4.500000000000000000e+00
4.834043533182175452e+03 3.200000000000000000e+03 4.500000000000000000e+00
4.470121734269322587e+03 3.300000000000000000e+03 4.500000000000000000e+00
4.101348970463926889e+03 3.400000000000000000e+03 4.500000000000000000e+00
3.722075605397390063e+03 3.500000000000000000e+03 4.500000000000000000e+00
3.372947585451920077e+03 3.600000000000000000e+03 4.500000000000000000e+00
3.081589729965558945e+03 3.700000000000000000e+03 4.500000000000000000e+00
2.931103611890742741e+03 3.800000000000000000e+03 4.500000000000000000e+00
2.906600534178243834e+03 3.900000000000000000e+03 4.500000000000000000e+00
3.112638590212871804e+03 4.000000000000000000e+03 4.500000000000000000e+00
