# # Chi square, temp, lg
6.960493571598238304e+03 2.400000000000000000e+03 3.500000000000000000e+00
6.798238122549295440e+03 2.500000000000000000e+03 3.500000000000000000e+00
6.624132872947179749e+03 2.600000000000000000e+03 3.500000000000000000e+00
6.402910796983647742e+03 2.700000000000000000e+03 3.500000000000000000e+00
6.167164407753197338e+03 2.800000000000000000e+03 3.500000000000000000e+00
5.871874978760025442e+03 2.900000000000000000e+03 3.500000000000000000e+00
5.545605496982900149e+03 3.000000000000000000e+03 3.500000000000000000e+00
5.228925321292862463e+03 3.100000000000000000e+03 3.500000000000000000e+00
4.864769247620158239e+03 3.200000000000000000e+03 3.500000000000000000e+00
4.447618864296370703e+03 3.300000000000000000e+03 3.500000000000000000e+00
4.019021377363217653e+03 3.400000000000000000e+03 3.500000000000000000e+00
3.581152004510534880e+03 3.500000000000000000e+03 3.500000000000000000e+00
6.926437753412459642e+03 2.400000000000000000e+03 4.000000000000000000e+00
6.755574274794378653e+03 2.500000000000000000e+03 4.000000000000000000e+00
6.561666618730143455e+03 2.600000000000000000e+03 4.000000000000000000e+00
6.355098791176853410e+03 2.700000000000000000e+03 4.000000000000000000e+00
6.100623774624085854e+03 2.800000000000000000e+03 4.000000000000000000e+00
5.823834903156751352e+03 2.900000000000000000e+03 4.000000000000000000e+00
5.529455240211985256e+03 3.000000000000000000e+03 4.000000000000000000e+00
5.208074332756908007e+03 3.100000000000000000e+03 4.000000000000000000e+00
4.843084881443203813e+03 3.200000000000000000e+03 4.000000000000000000e+00
4.460616896402932980e+03 3.300000000000000000e+03 4.000000000000000000e+00
4.087498818125309754e+03 3.400000000000000000e+03 4.000000000000000000e+00
3.651928672993044529e+03 3.500000000000000000e+03 4.000000000000000000e+00
6.895125115396844194e+03 2.400000000000000000e+03 4.500000000000000000e+00
6.724796744511106226e+03 2.500000000000000000e+03 4.500000000000000000e+00
6.535936637984042136e+03 2.600000000000000000e+03 4.500000000000000000e+00
6.324025388970565473e+03 2.700000000000000000e+03 4.500000000000000000e+00
6.085730284087094333e+03 2.800000000000000000e+03 4.500000000000000000e+00
5.819500240127059442e+03 2.900000000000000000e+03 4.500000000000000000e+00
5.529921675082568981e+03 3.000000000000000000e+03 4.500000000000000000e+00
5.190131142366928543e+03 3.100000000000000000e+03 4.500000000000000000e+00
4.834043533182175452e+03 3.200000000000000000e+03 4.500000000000000000e+00
4.470121734269322587e+03 3.300000000000000000e+03 4.500000000000000000e+00
4.101348970463926889e+03 3.400000000000000000e+03 4.500000000000000000e+00
3.722075605397390063e+03 3.500000000000000000e+03 4.500000000000000000e+00
