# # Chi square, temp, lg
3.482295093222984974e+02 2.900000000000000000e+03 3.500000000000000000e+00
6.371012461356926906e+02 3.000000000000000000e+03 3.500000000000000000e+00
9.519105177848468884e+02 3.100000000000000000e+03 3.500000000000000000e+00
1.310099183757064338e+03 3.200000000000000000e+03 3.500000000000000000e+00
1.713698845623682246e+03 3.300000000000000000e+03 3.500000000000000000e+00
2.196633580982765125e+03 3.400000000000000000e+03 3.500000000000000000e+00
2.665327221780825312e+03 3.500000000000000000e+03 3.500000000000000000e+00
3.229676978281906031e+03 3.600000000000000000e+03 3.500000000000000000e+00
3.802416992215039045e+03 3.700000000000000000e+03 3.500000000000000000e+00
4.545895402347699019e+03 3.800000000000000000e+03 3.500000000000000000e+00
5.274775573277092008e+03 3.900000000000000000e+03 3.500000000000000000e+00
6.133301163735432965e+03 4.000000000000000000e+03 3.500000000000000000e+00
3.687596631822860331e+02 2.900000000000000000e+03 4.000000000000000000e+00
6.537176303424179196e+02 3.000000000000000000e+03 4.000000000000000000e+00
9.800583550962755908e+02 3.100000000000000000e+03 4.000000000000000000e+00
1.355564924640455956e+03 3.200000000000000000e+03 4.000000000000000000e+00
1.773035227236853416e+03 3.300000000000000000e+03 4.000000000000000000e+00
2.197914813715115088e+03 3.400000000000000000e+03 4.000000000000000000e+00
2.728878860644962060e+03 3.500000000000000000e+03 4.000000000000000000e+00
3.256381880924085635e+03 3.600000000000000000e+03 4.000000000000000000e+00
3.869039940436458892e+03 3.700000000000000000e+03 4.000000000000000000e+00
4.538866127425639206e+03 3.800000000000000000e+03 4.000000000000000000e+00
5.304974475176675696e+03 3.900000000000000000e+03 4.000000000000000000e+00
6.191319627706045139e+03 4.000000000000000000e+03 4.000000000000000000e+00
3.927737936106145753e+02 2.900000000000000000e+03 4.500000000000000000e+00
6.729215893199778975e+02 3.000000000000000000e+03 4.500000000000000000e+00
1.002746648608097985e+03 3.100000000000000000e+03 4.500000000000000000e+00
1.392806278432628687e+03 3.200000000000000000e+03 4.500000000000000000e+00
1.794991455856348466e+03 3.300000000000000000e+03 4.500000000000000000e+00
2.239558142566870174e+03 3.400000000000000000e+03 4.500000000000000000e+00
2.721749884182759160e+03 3.500000000000000000e+03 4.500000000000000000e+00
3.260727270041661086e+03 3.600000000000000000e+03 4.500000000000000000e+00
3.842521699141176214e+03 3.700000000000000000e+03 4.500000000000000000e+00
4.493064681859629673e+03 3.800000000000000000e+03 4.500000000000000000e+00
5.253448218341833126e+03 3.900000000000000000e+03 4.500000000000000000e+00
6.047735783930404068e+03 4.000000000000000000e+03 4.500000000000000000e+00
