# # Chi square, temp, lg
1.111566424737928173e+04 4.400000000000000000e+03 3.500000000000000000e+00
9.959124192013390712e+03 4.500000000000000000e+03 3.500000000000000000e+00
8.829407837614096934e+03 4.600000000000000000e+03 3.500000000000000000e+00
7.596020183426064250e+03 4.700000000000000000e+03 3.500000000000000000e+00
6.747576872070861100e+03 4.800000000000000000e+03 3.500000000000000000e+00
6.280865247698604435e+03 4.900000000000000000e+03 3.500000000000000000e+00
6.479613945368651912e+03 5.000000000000000000e+03 3.500000000000000000e+00
7.179108110356821271e+03 5.100000000000000000e+03 3.500000000000000000e+00
8.483007606989889609e+03 5.200000000000000000e+03 3.500000000000000000e+00
1.065745083445698401e+04 5.300000000000000000e+03 3.500000000000000000e+00
1.303793019937268582e+04 5.400000000000000000e+03 3.500000000000000000e+00
1.550315473182159076e+04 5.500000000000000000e+03 3.500000000000000000e+00
1.102788791006911379e+04 4.400000000000000000e+03 4.000000000000000000e+00
9.925232170900104393e+03 4.500000000000000000e+03 4.000000000000000000e+00
8.618664054119955836e+03 4.600000000000000000e+03 4.000000000000000000e+00
7.621667221617166433e+03 4.700000000000000000e+03 4.000000000000000000e+00
6.602483456461131027e+03 4.800000000000000000e+03 4.000000000000000000e+00
6.091115947702533049e+03 4.900000000000000000e+03 4.000000000000000000e+00
6.206229099892119848e+03 5.000000000000000000e+03 4.000000000000000000e+00
7.274460495891159553e+03 5.100000000000000000e+03 4.000000000000000000e+00
9.131075441953216796e+03 5.200000000000000000e+03 4.000000000000000000e+00
1.100840642658078104e+04 5.300000000000000000e+03 4.000000000000000000e+00
1.316510916415205975e+04 5.400000000000000000e+03 4.000000000000000000e+00
1.602130342136386935e+04 5.500000000000000000e+03 4.000000000000000000e+00
1.101125175546576247e+04 4.400000000000000000e+03 4.500000000000000000e+00
9.776672192541749610e+03 4.500000000000000000e+03 4.500000000000000000e+00
8.502640208690809231e+03 4.600000000000000000e+03 4.500000000000000000e+00
7.357229393439944033e+03 4.700000000000000000e+03 4.500000000000000000e+00
6.515259641912691222e+03 4.800000000000000000e+03 4.500000000000000000e+00
6.036048492828244889e+03 4.900000000000000000e+03 4.500000000000000000e+00
6.391041417120329243e+03 5.000000000000000000e+03 4.500000000000000000e+00
7.672085256606864277e+03 5.100000000000000000e+03 4.500000000000000000e+00
9.196124672186268072e+03 5.200000000000000000e+03 4.500000000000000000e+00
1.133839686470200286e+04 5.300000000000000000e+03 4.500000000000000000e+00
1.324218068061911799e+04 5.400000000000000000e+03 4.500000000000000000e+00
1.686621496158163427e+04 5.500000000000000000e+03 4.500000000000000000e+00
