# # Chi square, temp, lg
1.423653828419782030e+03 3.900000000000000000e+03 3.500000000000000000e+00
1.521168701095272581e+03 4.000000000000000000e+03 3.500000000000000000e+00
2.183237096598301378e+03 4.100000000000000000e+03 3.500000000000000000e+00
2.981265447050865987e+03 4.200000000000000000e+03 3.500000000000000000e+00
4.110538526492147867e+03 4.300000000000000000e+03 3.500000000000000000e+00
5.440615655353151851e+03 4.400000000000000000e+03 3.500000000000000000e+00
6.718666036853166588e+03 4.500000000000000000e+03 3.500000000000000000e+00
8.279291884249212671e+03 4.600000000000000000e+03 3.500000000000000000e+00
9.810870353773843817e+03 4.700000000000000000e+03 3.500000000000000000e+00
1.153373636151341088e+04 4.800000000000000000e+03 3.500000000000000000e+00
1.323024837663364451e+04 4.900000000000000000e+03 3.500000000000000000e+00
1.524428821154489560e+04 5.000000000000000000e+03 3.500000000000000000e+00
1.442025121433163349e+03 3.900000000000000000e+03 4.000000000000000000e+00
1.597392636084871128e+03 4.000000000000000000e+03 4.000000000000000000e+00
2.257754285731198252e+03 4.100000000000000000e+03 4.000000000000000000e+00
3.089595120121899527e+03 4.200000000000000000e+03 4.000000000000000000e+00
4.251614223946838138e+03 4.300000000000000000e+03 4.000000000000000000e+00
5.414808516362382761e+03 4.400000000000000000e+03 4.000000000000000000e+00
6.785356191631592083e+03 4.500000000000000000e+03 4.000000000000000000e+00
8.355993461334624953e+03 4.600000000000000000e+03 4.000000000000000000e+00
9.926835625173516746e+03 4.700000000000000000e+03 4.000000000000000000e+00
1.164563211728368697e+04 4.800000000000000000e+03 4.000000000000000000e+00
1.357409045396121655e+04 4.900000000000000000e+03 4.000000000000000000e+00
1.564404508969568815e+04 5.000000000000000000e+03 4.000000000000000000e+00
1.650097583363650529e+03 3.900000000000000000e+03 4.500000000000000000e+00
1.676006555570748333e+03 4.000000000000000000e+03 4.500000000000000000e+00
2.149733765391836641e+03 4.100000000000000000e+03 4.500000000000000000e+00
2.975611745996483023e+03 4.200000000000000000e+03 4.500000000000000000e+00
4.225742229865388254e+03 4.300000000000000000e+03 4.500000000000000000e+00
5.351581757688830294e+03 4.400000000000000000e+03 4.500000000000000000e+00
6.810722925899113761e+03 4.500000000000000000e+03 4.500000000000000000e+00
8.263799931811845454e+03 4.600000000000000000e+03 4.500000000000000000e+00
9.846986713092754144e+03 4.700000000000000000e+03 4.500000000000000000e+00
1.171957582077066581e+04 4.800000000000000000e+03 4.500000000000000000e+00
1.370143874937992587e+04 4.900000000000000000e+03 4.500000000000000000e+00
1.569813362858355504e+04 5.000000000000000000e+03 4.500000000000000000e+00
