# # Chi square, temp, lg
9.238717285323620672e+03 4.400000000000000000e+03 3.500000000000000000e+00
1.055475002384364416e+04 4.500000000000000000e+03 3.500000000000000000e+00
1.214343099761733538e+04 4.600000000000000000e+03 3.500000000000000000e+00
1.364530475401979857e+04 4.700000000000000000e+03 3.500000000000000000e+00
1.541920883756136027e+04 4.800000000000000000e+03 3.500000000000000000e+00
1.722308209839533811e+04 4.900000000000000000e+03 3.500000000000000000e+00
1.907117896179982927e+04 5.000000000000000000e+03 3.500000000000000000e+00
2.123597550757832869e+04 5.100000000000000000e+03 3.500000000000000000e+00
2.355360280033206436e+04 5.200000000000000000e+03 3.500000000000000000e+00
2.561122177019538140e+04 5.300000000000000000e+03 3.500000000000000000e+00
2.859566067742443556e+04 5.400000000000000000e+03 3.500000000000000000e+00
3.106287027634055994e+04 5.500000000000000000e+03 3.500000000000000000e+00
9.256254376451466669e+03 4.400000000000000000e+03 4.000000000000000000e+00
1.068778741218155665e+04 4.500000000000000000e+03 4.000000000000000000e+00
1.226900654853067681e+04 4.600000000000000000e+03 4.000000000000000000e+00
1.380237916489626514e+04 4.700000000000000000e+03 4.000000000000000000e+00
1.567060365594406176e+04 4.800000000000000000e+03 4.000000000000000000e+00
1.734812946767338508e+04 4.900000000000000000e+03 4.000000000000000000e+00
1.950000727457481844e+04 5.000000000000000000e+03 4.000000000000000000e+00
2.149697944847890903e+04 5.100000000000000000e+03 4.000000000000000000e+00
2.367976551818842563e+04 5.200000000000000000e+03 4.000000000000000000e+00
2.651344611615624308e+04 5.300000000000000000e+03 4.000000000000000000e+00
2.904940487276909334e+04 5.400000000000000000e+03 4.000000000000000000e+00
3.152671680080565784e+04 5.500000000000000000e+03 4.000000000000000000e+00
9.292521056812407551e+03 4.400000000000000000e+03 4.500000000000000000e+00
1.059365590528298890e+04 4.500000000000000000e+03 4.500000000000000000e+00
1.221629397088891528e+04 4.600000000000000000e+03 4.500000000000000000e+00
1.379748696374030624e+04 4.700000000000000000e+03 4.500000000000000000e+00
1.575801076219243441e+04 4.800000000000000000e+03 4.500000000000000000e+00
1.741411203203024706e+04 4.900000000000000000e+03 4.500000000000000000e+00
1.946230040021059176e+04 5.000000000000000000e+03 4.500000000000000000e+00
2.151004339602768596e+04 5.100000000000000000e+03 4.500000000000000000e+00
2.379966778139955204e+04 5.200000000000000000e+03 4.500000000000000000e+00
2.650818718421698213e+04 5.300000000000000000e+03 4.500000000000000000e+00
2.855988065603710857e+04 5.400000000000000000e+03 4.500000000000000000e+00
3.161282161148482191e+04 5.500000000000000000e+03 4.500000000000000000e+00
