# # Chi square, temp, lg
6.746002857819024939e+03 3.900000000000000000e+03 3.500000000000000000e+00
5.768476213418726729e+03 4.000000000000000000e+03 3.500000000000000000e+00
4.770494975946495288e+03 4.100000000000000000e+03 3.500000000000000000e+00
3.824186915317732200e+03 4.200000000000000000e+03 3.500000000000000000e+00
2.718186712911655832e+03 4.300000000000000000e+03 3.500000000000000000e+00
1.716586689128047283e+03 4.400000000000000000e+03 3.500000000000000000e+00
1.385089221815908786e+03 4.500000000000000000e+03 3.500000000000000000e+00
2.464194137317944751e+03 4.600000000000000000e+03 3.500000000000000000e+00
4.026952182337994145e+03 4.700000000000000000e+03 3.500000000000000000e+00
5.823722331136958928e+03 4.800000000000000000e+03 3.500000000000000000e+00
7.572724565892464852e+03 4.900000000000000000e+03 3.500000000000000000e+00
9.799322384063740174e+03 5.000000000000000000e+03 3.500000000000000000e+00
6.724087596645304075e+03 3.900000000000000000e+03 4.000000000000000000e+00
5.740260762045418232e+03 4.000000000000000000e+03 4.000000000000000000e+00
4.768219212927954686e+03 4.100000000000000000e+03 4.000000000000000000e+00
3.715480447670944159e+03 4.200000000000000000e+03 4.000000000000000000e+00
2.679210593024057289e+03 4.300000000000000000e+03 4.000000000000000000e+00
1.793990703236188665e+03 4.400000000000000000e+03 4.000000000000000000e+00
1.634568683030432112e+03 4.500000000000000000e+03 4.000000000000000000e+00
2.629182628140130873e+03 4.600000000000000000e+03 4.000000000000000000e+00
4.214170250857475367e+03 4.700000000000000000e+03 4.000000000000000000e+00
5.895518068262575980e+03 4.800000000000000000e+03 4.000000000000000000e+00
8.024324445596303121e+03 4.900000000000000000e+03 4.000000000000000000e+00
1.012176697212702857e+04 5.000000000000000000e+03 4.000000000000000000e+00
6.705620496161920528e+03 3.900000000000000000e+03 4.500000000000000000e+00
5.891013843308091054e+03 4.000000000000000000e+03 4.500000000000000000e+00
4.975841527288465841e+03 4.100000000000000000e+03 4.500000000000000000e+00
3.999460658570354099e+03 4.200000000000000000e+03 4.500000000000000000e+00
2.737365818999152452e+03 4.300000000000000000e+03 4.500000000000000000e+00
1.808552412248985092e+03 4.400000000000000000e+03 4.500000000000000000e+00
1.755868709250822803e+03 4.500000000000000000e+03 4.500000000000000000e+00
2.693809271277956668e+03 4.600000000000000000e+03 4.500000000000000000e+00
4.266225790613733807e+03 4.700000000000000000e+03 4.500000000000000000e+00
6.141178060273455230e+03 4.800000000000000000e+03 4.500000000000000000e+00
7.988058381116147757e+03 4.900000000000000000e+03 4.500000000000000000e+00
1.012921001512453950e+04 5.000000000000000000e+03 4.500000000000000000e+00
