# # Chi square, temp, lg
1.716586689128047283e+03 4.400000000000000000e+03 3.500000000000000000e+00
1.385089221815908786e+03 4.500000000000000000e+03 3.500000000000000000e+00
2.464194137317944751e+03 4.600000000000000000e+03 3.500000000000000000e+00
4.026952182337994145e+03 4.700000000000000000e+03 3.500000000000000000e+00
5.823722331136958928e+03 4.800000000000000000e+03 3.500000000000000000e+00
7.572724565892464852e+03 4.900000000000000000e+03 3.500000000000000000e+00
9.799322384063740174e+03 5.000000000000000000e+03 3.500000000000000000e+00
1.217057680010051627e+04 5.100000000000000000e+03 3.500000000000000000e+00
1.439498268048831778e+04 5.200000000000000000e+03 3.500000000000000000e+00
1.710713326653463446e+04 5.300000000000000000e+03 3.500000000000000000e+00
1.973326581310145775e+04 5.400000000000000000e+03 3.500000000000000000e+00
2.254845220704364692e+04 5.500000000000000000e+03 3.500000000000000000e+00
1.793990703236188665e+03 4.400000000000000000e+03 4.000000000000000000e+00
1.634568683030432112e+03 4.500000000000000000e+03 4.000000000000000000e+00
2.629182628140130873e+03 4.600000000000000000e+03 4.000000000000000000e+00
4.214170250857475367e+03 4.700000000000000000e+03 4.000000000000000000e+00
5.895518068262575980e+03 4.800000000000000000e+03 4.000000000000000000e+00
8.024324445596303121e+03 4.900000000000000000e+03 4.000000000000000000e+00
1.012176697212702857e+04 5.000000000000000000e+03 4.000000000000000000e+00
1.242846495251684246e+04 5.100000000000000000e+03 4.000000000000000000e+00
1.470211151978350790e+04 5.200000000000000000e+03 4.000000000000000000e+00
1.743122223239364394e+04 5.300000000000000000e+03 4.000000000000000000e+00
1.991620527712683906e+04 5.400000000000000000e+03 4.000000000000000000e+00
2.272415863146624542e+04 5.500000000000000000e+03 4.000000000000000000e+00
1.808552412248985092e+03 4.400000000000000000e+03 4.500000000000000000e+00
1.755868709250822803e+03 4.500000000000000000e+03 4.500000000000000000e+00
2.693809271277956668e+03 4.600000000000000000e+03 4.500000000000000000e+00
4.266225790613733807e+03 4.700000000000000000e+03 4.500000000000000000e+00
6.141178060273455230e+03 4.800000000000000000e+03 4.500000000000000000e+00
7.988058381116147757e+03 4.900000000000000000e+03 4.500000000000000000e+00
1.012921001512453950e+04 5.000000000000000000e+03 4.500000000000000000e+00
1.250257082702521984e+04 5.100000000000000000e+03 4.500000000000000000e+00
1.481375691654768525e+04 5.200000000000000000e+03 4.500000000000000000e+00
1.753973087217324064e+04 5.300000000000000000e+03 4.500000000000000000e+00
1.993472388644850798e+04 5.400000000000000000e+03 4.500000000000000000e+00
2.325381120907372315e+04 5.500000000000000000e+03 4.500000000000000000e+00
