# # Chi square, temp, lg
7.595817050685681352e+03 2.900000000000000000e+03 3.500000000000000000e+00
7.282701665436990879e+03 3.000000000000000000e+03 3.500000000000000000e+00
6.944857535181776257e+03 3.100000000000000000e+03 3.500000000000000000e+00
6.595914579179756402e+03 3.200000000000000000e+03 3.500000000000000000e+00
6.170500857859770804e+03 3.300000000000000000e+03 3.500000000000000000e+00
5.724121884346516708e+03 3.400000000000000000e+03 3.500000000000000000e+00
5.247998971646587961e+03 3.500000000000000000e+03 3.500000000000000000e+00
4.686315635768065476e+03 3.600000000000000000e+03 3.500000000000000000e+00
4.126321991074729340e+03 3.700000000000000000e+03 3.500000000000000000e+00
3.410731486121710077e+03 3.800000000000000000e+03 3.500000000000000000e+00
2.750661138213243248e+03 3.900000000000000000e+03 3.500000000000000000e+00
2.077231556507299956e+03 4.000000000000000000e+03 3.500000000000000000e+00
7.546389105224088780e+03 2.900000000000000000e+03 4.000000000000000000e+00
7.256455316135571593e+03 3.000000000000000000e+03 4.000000000000000000e+00
6.907666590397644541e+03 3.100000000000000000e+03 4.000000000000000000e+00
6.540658247227697757e+03 3.200000000000000000e+03 4.000000000000000000e+00
6.122030790639189945e+03 3.300000000000000000e+03 4.000000000000000000e+00
5.684542074534434505e+03 3.400000000000000000e+03 4.000000000000000000e+00
5.169784455304159565e+03 3.500000000000000000e+03 4.000000000000000000e+00
4.632883322367195433e+03 3.600000000000000000e+03 4.000000000000000000e+00
4.025339545967784488e+03 3.700000000000000000e+03 4.000000000000000000e+00
3.387844702015513576e+03 3.800000000000000000e+03 4.000000000000000000e+00
2.726451681572068537e+03 3.900000000000000000e+03 4.000000000000000000e+00
2.053256246080025448e+03 4.000000000000000000e+03 4.000000000000000000e+00
7.553154983905086738e+03 2.900000000000000000e+03 4.500000000000000000e+00
7.251972321477623154e+03 3.000000000000000000e+03 4.500000000000000000e+00
6.895308306192612690e+03 3.100000000000000000e+03 4.500000000000000000e+00
6.502925684023655776e+03 3.200000000000000000e+03 4.500000000000000000e+00
6.092335560819352395e+03 3.300000000000000000e+03 4.500000000000000000e+00
5.654401352514113569e+03 3.400000000000000000e+03 4.500000000000000000e+00
5.167864502343448294e+03 3.500000000000000000e+03 4.500000000000000000e+00
4.633030951589978940e+03 3.600000000000000000e+03 4.500000000000000000e+00
4.055625114494717764e+03 3.700000000000000000e+03 4.500000000000000000e+00
3.474491737021710378e+03 3.800000000000000000e+03 4.500000000000000000e+00
2.813196994076896772e+03 3.900000000000000000e+03 4.500000000000000000e+00
2.215489237667830821e+03 4.000000000000000000e+03 4.500000000000000000e+00
