# # Chi square, temp, lg
2.848766714999624583e+03 2.900000000000000000e+03 3.500000000000000000e+00
2.530789382628424391e+03 3.000000000000000000e+03 3.500000000000000000e+00
2.208321456048730397e+03 3.100000000000000000e+03 3.500000000000000000e+00
1.882962748886491227e+03 3.200000000000000000e+03 3.500000000000000000e+00
1.527857853914215411e+03 3.300000000000000000e+03 3.500000000000000000e+00
1.199152969864371698e+03 3.400000000000000000e+03 3.500000000000000000e+00
1.011727422324671352e+03 3.500000000000000000e+03 3.500000000000000000e+00
1.131940563606156047e+03 3.600000000000000000e+03 3.500000000000000000e+00
1.537644820857128479e+03 3.700000000000000000e+03 3.500000000000000000e+00
2.179040412339227714e+03 3.800000000000000000e+03 3.500000000000000000e+00
2.952821907199537236e+03 3.900000000000000000e+03 3.500000000000000000e+00
3.818875960310125265e+03 4.000000000000000000e+03 3.500000000000000000e+00
2.807703601250856991e+03 2.900000000000000000e+03 4.000000000000000000e+00
2.510040548136069447e+03 3.000000000000000000e+03 4.000000000000000000e+00
2.217991129874374110e+03 3.100000000000000000e+03 4.000000000000000000e+00
1.874489496194700678e+03 3.200000000000000000e+03 4.000000000000000000e+00
1.551942986403053055e+03 3.300000000000000000e+03 4.000000000000000000e+00
1.302000570822110831e+03 3.400000000000000000e+03 4.000000000000000000e+00
1.151990934894897919e+03 3.500000000000000000e+03 4.000000000000000000e+00
1.297829929375657684e+03 3.600000000000000000e+03 4.000000000000000000e+00
1.680870531495871774e+03 3.700000000000000000e+03 4.000000000000000000e+00
2.278429539134819152e+03 3.800000000000000000e+03 4.000000000000000000e+00
3.008718697538573451e+03 3.900000000000000000e+03 4.000000000000000000e+00
3.893420750710507491e+03 4.000000000000000000e+03 4.000000000000000000e+00
2.801385796418210248e+03 2.900000000000000000e+03 4.500000000000000000e+00
2.517458202841047296e+03 3.000000000000000000e+03 4.500000000000000000e+00
2.200273072623258940e+03 3.100000000000000000e+03 4.500000000000000000e+00
1.877229082109679666e+03 3.200000000000000000e+03 4.500000000000000000e+00
1.587614484742445029e+03 3.300000000000000000e+03 4.500000000000000000e+00
1.358840230044573900e+03 3.400000000000000000e+03 4.500000000000000000e+00
1.276471518418728920e+03 3.500000000000000000e+03 4.500000000000000000e+00
1.468818685648908513e+03 3.600000000000000000e+03 4.500000000000000000e+00
1.793442860854526089e+03 3.700000000000000000e+03 4.500000000000000000e+00
2.372564927150883250e+03 3.800000000000000000e+03 4.500000000000000000e+00
3.062843710672519592e+03 3.900000000000000000e+03 4.500000000000000000e+00
3.860861758791346801e+03 4.000000000000000000e+03 4.500000000000000000e+00
