# # Chi square, temp, lg
3.191281713853483325e+03 3.900000000000000000e+03 3.500000000000000000e+00
2.332122122164266329e+03 4.000000000000000000e+03 3.500000000000000000e+00
1.527130634247653234e+03 4.100000000000000000e+03 3.500000000000000000e+00
1.200918445492505498e+03 4.200000000000000000e+03 3.500000000000000000e+00
1.653172727568139408e+03 4.300000000000000000e+03 3.500000000000000000e+00
2.778078785657800836e+03 4.400000000000000000e+03 3.500000000000000000e+00
4.042682201564259231e+03 4.500000000000000000e+03 3.500000000000000000e+00
5.658807029700150451e+03 4.600000000000000000e+03 3.500000000000000000e+00
7.166507330034100050e+03 4.700000000000000000e+03 3.500000000000000000e+00
9.060878377880342669e+03 4.800000000000000000e+03 3.500000000000000000e+00
1.087115996603463100e+04 4.900000000000000000e+03 3.500000000000000000e+00
1.285775070892659096e+04 5.000000000000000000e+03 3.500000000000000000e+00
3.111717435034225673e+03 3.900000000000000000e+03 4.000000000000000000e+00
2.277085842644708464e+03 4.000000000000000000e+03 4.000000000000000000e+00
1.410540677733352595e+03 4.100000000000000000e+03 4.000000000000000000e+00
1.169560477853851580e+03 4.200000000000000000e+03 4.000000000000000000e+00
1.741035343691680964e+03 4.300000000000000000e+03 4.000000000000000000e+00
2.815839981878183153e+03 4.400000000000000000e+03 4.000000000000000000e+00
4.247729097810300118e+03 4.500000000000000000e+03 4.000000000000000000e+00
5.638498540272440550e+03 4.600000000000000000e+03 4.000000000000000000e+00
7.428883346566181899e+03 4.700000000000000000e+03 4.000000000000000000e+00
9.065197156659240136e+03 4.800000000000000000e+03 4.000000000000000000e+00
1.105830949765167861e+04 4.900000000000000000e+03 4.000000000000000000e+00
1.327728840392044549e+04 5.000000000000000000e+03 4.000000000000000000e+00
3.034517963012510336e+03 3.900000000000000000e+03 4.500000000000000000e+00
2.336408152464357045e+03 4.000000000000000000e+03 4.500000000000000000e+00
1.557889318240160037e+03 4.100000000000000000e+03 4.500000000000000000e+00
1.149904554523541265e+03 4.200000000000000000e+03 4.500000000000000000e+00
1.691185019163563766e+03 4.300000000000000000e+03 4.500000000000000000e+00
2.929458804072072326e+03 4.400000000000000000e+03 4.500000000000000000e+00
4.241935843282458336e+03 4.500000000000000000e+03 4.500000000000000000e+00
5.737536088937454224e+03 4.600000000000000000e+03 4.500000000000000000e+00
7.331386402393158278e+03 4.700000000000000000e+03 4.500000000000000000e+00
9.260231726339483430e+03 4.800000000000000000e+03 4.500000000000000000e+00
1.113239162057519934e+04 4.900000000000000000e+03 4.500000000000000000e+00
1.324985973495271537e+04 5.000000000000000000e+03 4.500000000000000000e+00
