# # Chi square, temp, lg
1.008053994191190577e+04 3.400000000000000000e+03 3.500000000000000000e+00
9.640595915743801015e+03 3.500000000000000000e+03 3.500000000000000000e+00
9.069187804965185933e+03 3.600000000000000000e+03 3.500000000000000000e+00
8.459479566752012033e+03 3.700000000000000000e+03 3.500000000000000000e+00
7.743554004129713576e+03 3.800000000000000000e+03 3.500000000000000000e+00
6.914022312719876936e+03 3.900000000000000000e+03 3.500000000000000000e+00
6.029341255371583429e+03 4.000000000000000000e+03 3.500000000000000000e+00
5.077892932373588337e+03 4.100000000000000000e+03 3.500000000000000000e+00
4.177702184509326798e+03 4.200000000000000000e+03 3.500000000000000000e+00
3.174262246296705598e+03 4.300000000000000000e+03 3.500000000000000000e+00
2.422722276736685217e+03 4.400000000000000000e+03 3.500000000000000000e+00
2.380395746744555254e+03 4.500000000000000000e+03 3.500000000000000000e+00
1.002173270171006698e+04 3.400000000000000000e+03 4.000000000000000000e+00
9.510524204392155298e+03 3.500000000000000000e+03 4.000000000000000000e+00
8.975332320342995445e+03 3.600000000000000000e+03 4.000000000000000000e+00
8.307313337588218928e+03 3.700000000000000000e+03 4.000000000000000000e+00
7.652097704280126891e+03 3.800000000000000000e+03 4.000000000000000000e+00
6.846824540101971252e+03 3.900000000000000000e+03 4.000000000000000000e+00
6.003500741434833799e+03 4.000000000000000000e+03 4.000000000000000000e+00
4.973354333124661025e+03 4.100000000000000000e+03 4.000000000000000000e+00
4.014962814790834727e+03 4.200000000000000000e+03 4.000000000000000000e+00
3.207929929025983711e+03 4.300000000000000000e+03 4.000000000000000000e+00
2.368636477896044653e+03 4.400000000000000000e+03 4.000000000000000000e+00
2.422698688636637598e+03 4.500000000000000000e+03 4.000000000000000000e+00
9.959036307935191871e+03 3.400000000000000000e+03 4.500000000000000000e+00
9.476750037534262447e+03 3.500000000000000000e+03 4.500000000000000000e+00
8.897651293125531083e+03 3.600000000000000000e+03 4.500000000000000000e+00
8.298827693459461443e+03 3.700000000000000000e+03 4.500000000000000000e+00
7.661472677896480491e+03 3.800000000000000000e+03 4.500000000000000000e+00
6.889212853174981319e+03 3.900000000000000000e+03 4.500000000000000000e+00
6.097496047700520649e+03 4.000000000000000000e+03 4.500000000000000000e+00
5.125788443126023594e+03 4.100000000000000000e+03 4.500000000000000000e+00
4.274383808007100924e+03 4.200000000000000000e+03 4.500000000000000000e+00
3.164980255651154039e+03 4.300000000000000000e+03 4.500000000000000000e+00
2.377120753100039565e+03 4.400000000000000000e+03 4.500000000000000000e+00
2.336498644179617258e+03 4.500000000000000000e+03 4.500000000000000000e+00
