# # Chi square, temp, lg
3.953609229593943837e+03 3.900000000000000000e+03 3.500000000000000000e+00
4.817535662632402818e+03 4.000000000000000000e+03 3.500000000000000000e+00
5.840506030695343725e+03 4.100000000000000000e+03 3.500000000000000000e+00
6.749919303519481218e+03 4.200000000000000000e+03 3.500000000000000000e+00
7.951171096567102722e+03 4.300000000000000000e+03 3.500000000000000000e+00
9.238717285323620672e+03 4.400000000000000000e+03 3.500000000000000000e+00
1.055475002384364416e+04 4.500000000000000000e+03 3.500000000000000000e+00
1.214343099761733538e+04 4.600000000000000000e+03 3.500000000000000000e+00
1.364530475401979857e+04 4.700000000000000000e+03 3.500000000000000000e+00
1.541920883756136027e+04 4.800000000000000000e+03 3.500000000000000000e+00
1.722308209839533811e+04 4.900000000000000000e+03 3.500000000000000000e+00
1.907117896179982927e+04 5.000000000000000000e+03 3.500000000000000000e+00
3.989749752832913146e+03 3.900000000000000000e+03 4.000000000000000000e+00
4.890034707064944996e+03 4.000000000000000000e+03 4.000000000000000000e+00
5.888520022948227961e+03 4.100000000000000000e+03 4.000000000000000000e+00
6.952284871711910455e+03 4.200000000000000000e+03 4.000000000000000000e+00
8.029048785585804580e+03 4.300000000000000000e+03 4.000000000000000000e+00
9.256254376451466669e+03 4.400000000000000000e+03 4.000000000000000000e+00
1.068778741218155665e+04 4.500000000000000000e+03 4.000000000000000000e+00
1.226900654853067681e+04 4.600000000000000000e+03 4.000000000000000000e+00
1.380237916489626514e+04 4.700000000000000000e+03 4.000000000000000000e+00
1.567060365594406176e+04 4.800000000000000000e+03 4.000000000000000000e+00
1.734812946767338508e+04 4.900000000000000000e+03 4.000000000000000000e+00
1.950000727457481844e+04 5.000000000000000000e+03 4.000000000000000000e+00
3.980163424244247835e+03 3.900000000000000000e+03 4.500000000000000000e+00
4.797594415017670144e+03 4.000000000000000000e+03 4.500000000000000000e+00
5.727581732687869589e+03 4.100000000000000000e+03 4.500000000000000000e+00
6.669902330755742696e+03 4.200000000000000000e+03 4.500000000000000000e+00
7.963404630255135089e+03 4.300000000000000000e+03 4.500000000000000000e+00
9.292521056812407551e+03 4.400000000000000000e+03 4.500000000000000000e+00
1.059365590528298890e+04 4.500000000000000000e+03 4.500000000000000000e+00
1.221629397088891528e+04 4.600000000000000000e+03 4.500000000000000000e+00
1.379748696374030624e+04 4.700000000000000000e+03 4.500000000000000000e+00
1.575801076219243441e+04 4.800000000000000000e+03 4.500000000000000000e+00
1.741411203203024706e+04 4.900000000000000000e+03 4.500000000000000000e+00
1.946230040021059176e+04 5.000000000000000000e+03 4.500000000000000000e+00
