# # Chi square, temp, lg
9.117605267745669835e+02 3.400000000000000000e+03 3.500000000000000000e+00
9.932342117211026107e+02 3.500000000000000000e+03 3.500000000000000000e+00
1.406197359045942903e+03 3.600000000000000000e+03 3.500000000000000000e+00
1.989206539357450765e+03 3.700000000000000000e+03 3.500000000000000000e+00
2.668622395657438119e+03 3.800000000000000000e+03 3.500000000000000000e+00
3.372887118511700010e+03 3.900000000000000000e+03 3.500000000000000000e+00
4.308883035518651923e+03 4.000000000000000000e+03 3.500000000000000000e+00
5.260543451561661641e+03 4.100000000000000000e+03 3.500000000000000000e+00
6.206458552626072560e+03 4.200000000000000000e+03 3.500000000000000000e+00
7.353608951461068500e+03 4.300000000000000000e+03 3.500000000000000000e+00
8.594711547959863310e+03 4.400000000000000000e+03 3.500000000000000000e+00
9.855045309779065065e+03 4.500000000000000000e+03 3.500000000000000000e+00
1.039581107780285265e+03 3.400000000000000000e+03 4.000000000000000000e+00
1.200566006536226269e+03 3.500000000000000000e+03 4.000000000000000000e+00
1.572767677209414842e+03 3.600000000000000000e+03 4.000000000000000000e+00
2.055974396757907016e+03 3.700000000000000000e+03 4.000000000000000000e+00
2.722283409380678222e+03 3.800000000000000000e+03 4.000000000000000000e+00
3.473571752400205241e+03 3.900000000000000000e+03 4.000000000000000000e+00
4.351487740495503203e+03 4.000000000000000000e+03 4.000000000000000000e+00
5.304212211445001230e+03 4.100000000000000000e+03 4.000000000000000000e+00
6.328787448330906955e+03 4.200000000000000000e+03 4.000000000000000000e+00
7.433689783137166160e+03 4.300000000000000000e+03 4.000000000000000000e+00
8.594992902282225259e+03 4.400000000000000000e+03 4.000000000000000000e+00
1.003000624079243789e+04 4.500000000000000000e+03 4.000000000000000000e+00
1.126276023623927131e+03 3.400000000000000000e+03 4.500000000000000000e+00
1.271001789626617210e+03 3.500000000000000000e+03 4.500000000000000000e+00
1.674059199596923463e+03 3.600000000000000000e+03 4.500000000000000000e+00
2.172428843571493871e+03 3.700000000000000000e+03 4.500000000000000000e+00
2.762681231817472053e+03 3.800000000000000000e+03 4.500000000000000000e+00
3.501142885836871301e+03 3.900000000000000000e+03 4.500000000000000000e+00
4.213351293572502982e+03 4.000000000000000000e+03 4.500000000000000000e+00
5.169217234435263890e+03 4.100000000000000000e+03 4.500000000000000000e+00
6.065070485915174686e+03 4.200000000000000000e+03 4.500000000000000000e+00
7.376303036042251733e+03 4.300000000000000000e+03 4.500000000000000000e+00
8.553985959124811416e+03 4.400000000000000000e+03 4.500000000000000000e+00
9.944517536621111503e+03 4.500000000000000000e+03 4.500000000000000000e+00
