# # Chi square, temp, lg
2.422600980486286971e+03 3.400000000000000000e+03 3.500000000000000000e+00
2.046288260471300191e+03 3.500000000000000000e+03 3.500000000000000000e+00
1.733257986618615178e+03 3.600000000000000000e+03 3.500000000000000000e+00
1.622413451604584452e+03 3.700000000000000000e+03 3.500000000000000000e+00
1.836149920879129922e+03 3.800000000000000000e+03 3.500000000000000000e+00
2.386027072916387169e+03 3.900000000000000000e+03 3.500000000000000000e+00
3.114844716491643339e+03 4.000000000000000000e+03 3.500000000000000000e+00
4.111202945531045771e+03 4.100000000000000000e+03 3.500000000000000000e+00
4.987805541544933476e+03 4.200000000000000000e+03 3.500000000000000000e+00
6.193443798283060460e+03 4.300000000000000000e+03 3.500000000000000000e+00
7.517859651126699646e+03 4.400000000000000000e+03 3.500000000000000000e+00
8.835445986441718560e+03 4.500000000000000000e+03 3.500000000000000000e+00
2.490787673556851587e+03 3.400000000000000000e+03 4.000000000000000000e+00
2.120288894401872767e+03 3.500000000000000000e+03 4.000000000000000000e+00
1.872495549594877957e+03 3.600000000000000000e+03 4.000000000000000000e+00
1.777826766486860606e+03 3.700000000000000000e+03 4.000000000000000000e+00
1.973888412225123602e+03 3.800000000000000000e+03 4.000000000000000000e+00
2.461976856232177397e+03 3.900000000000000000e+03 4.000000000000000000e+00
3.181769697004880072e+03 4.000000000000000000e+03 4.000000000000000000e+00
4.129118363009024506e+03 4.100000000000000000e+03 4.000000000000000000e+00
5.169451431935495748e+03 4.200000000000000000e+03 4.000000000000000000e+00
6.251947028721930110e+03 4.300000000000000000e+03 4.000000000000000000e+00
7.496100006233598833e+03 4.400000000000000000e+03 4.000000000000000000e+00
8.949346917379796650e+03 4.500000000000000000e+03 4.000000000000000000e+00
2.515298469890313754e+03 3.400000000000000000e+03 4.500000000000000000e+00
2.211404519129514938e+03 3.500000000000000000e+03 4.500000000000000000e+00
2.022682819390894338e+03 3.600000000000000000e+03 4.500000000000000000e+00
1.944666818935190804e+03 3.700000000000000000e+03 4.500000000000000000e+00
2.169541707231356668e+03 3.800000000000000000e+03 4.500000000000000000e+00
2.586148273044721464e+03 3.900000000000000000e+03 4.500000000000000000e+00
3.224533712552288762e+03 4.000000000000000000e+03 4.500000000000000000e+00
4.022749619899191202e+03 4.100000000000000000e+03 4.500000000000000000e+00
4.907807320064905980e+03 4.200000000000000000e+03 4.500000000000000000e+00
6.165514912420689143e+03 4.300000000000000000e+03 4.500000000000000000e+00
7.507142410109529010e+03 4.400000000000000000e+03 4.500000000000000000e+00
8.829941288281106608e+03 4.500000000000000000e+03 4.500000000000000000e+00
