# # Chi square, temp, lg
1.029730179901021984e+04 3.400000000000000000e+03 3.500000000000000000e+00
9.854214737975893513e+03 3.500000000000000000e+03 3.500000000000000000e+00
9.285696371964904756e+03 3.600000000000000000e+03 3.500000000000000000e+00
8.745815998178079099e+03 3.700000000000000000e+03 3.500000000000000000e+00
7.924814039027804029e+03 3.800000000000000000e+03 3.500000000000000000e+00
7.126322721440915302e+03 3.900000000000000000e+03 3.500000000000000000e+00
6.148106517988652740e+03 4.000000000000000000e+03 3.500000000000000000e+00
5.146998799842685912e+03 4.100000000000000000e+03 3.500000000000000000e+00
4.195925694960695182e+03 4.200000000000000000e+03 3.500000000000000000e+00
3.064337534258423602e+03 4.300000000000000000e+03 3.500000000000000000e+00
1.983422771880776963e+03 4.400000000000000000e+03 3.500000000000000000e+00
1.320771979527340591e+03 4.500000000000000000e+03 3.500000000000000000e+00
1.020567759569247755e+04 3.400000000000000000e+03 4.000000000000000000e+00
9.701942754167488602e+03 3.500000000000000000e+03 4.000000000000000000e+00
9.160964925296404544e+03 3.600000000000000000e+03 4.000000000000000000e+00
8.560098802347221863e+03 3.700000000000000000e+03 4.000000000000000000e+00
7.875069719532748422e+03 3.800000000000000000e+03 4.000000000000000000e+00
7.104649032863141656e+03 3.900000000000000000e+03 4.000000000000000000e+00
6.119947971516671714e+03 4.000000000000000000e+03 4.000000000000000000e+00
5.145410420974552835e+03 4.100000000000000000e+03 4.000000000000000000e+00
4.085139528089119722e+03 4.200000000000000000e+03 4.000000000000000000e+00
3.021222654498269094e+03 4.300000000000000000e+03 4.000000000000000000e+00
2.044262639201655247e+03 4.400000000000000000e+03 4.000000000000000000e+00
1.565170623916889781e+03 4.500000000000000000e+03 4.000000000000000000e+00
1.013824803230381622e+04 3.400000000000000000e+03 4.500000000000000000e+00
9.665472170115448534e+03 3.500000000000000000e+03 4.500000000000000000e+00
9.136251966235782675e+03 3.600000000000000000e+03 4.500000000000000000e+00
8.532119818563389344e+03 3.700000000000000000e+03 4.500000000000000000e+00
7.842163034345896449e+03 3.800000000000000000e+03 4.500000000000000000e+00
7.086105840909714971e+03 3.900000000000000000e+03 4.500000000000000000e+00
6.271951074823135968e+03 4.000000000000000000e+03 4.500000000000000000e+00
5.354889823082730800e+03 4.100000000000000000e+03 4.500000000000000000e+00
4.373737462371454967e+03 4.200000000000000000e+03 4.500000000000000000e+00
3.091087989344327525e+03 4.300000000000000000e+03 4.500000000000000000e+00
2.060964742589560046e+03 4.400000000000000000e+03 4.500000000000000000e+00
1.714208932330654989e+03 4.500000000000000000e+03 4.500000000000000000e+00
