# # Chi square, temp, lg
8.632906539027316057e+02 3.400000000000000000e+03 3.500000000000000000e+00
1.032618818441776057e+03 3.500000000000000000e+03 3.500000000000000000e+00
1.492287682927966443e+03 3.600000000000000000e+03 3.500000000000000000e+00
2.095162858522993247e+03 3.700000000000000000e+03 3.500000000000000000e+00
2.783908928413484773e+03 3.800000000000000000e+03 3.500000000000000000e+00
3.492918127606849339e+03 3.900000000000000000e+03 3.500000000000000000e+00
4.428330045514417179e+03 4.000000000000000000e+03 3.500000000000000000e+00
5.378955471612723159e+03 4.100000000000000000e+03 3.500000000000000000e+00
6.324080086547713108e+03 4.200000000000000000e+03 3.500000000000000000e+00
7.470274206595571741e+03 4.300000000000000000e+03 3.500000000000000000e+00
8.709474603100061358e+03 4.400000000000000000e+03 3.500000000000000000e+00
9.968125309074943289e+03 4.500000000000000000e+03 3.500000000000000000e+00
9.962447432482017575e+02 3.400000000000000000e+03 4.000000000000000000e+00
1.231387576845101648e+03 3.500000000000000000e+03 4.000000000000000000e+00
1.648759032473626803e+03 3.600000000000000000e+03 4.000000000000000000e+00
2.156597371956112056e+03 3.700000000000000000e+03 4.000000000000000000e+00
2.833034317591842864e+03 3.800000000000000000e+03 4.000000000000000000e+00
3.589923030888061476e+03 3.900000000000000000e+03 4.000000000000000000e+00
4.470282676030345101e+03 4.000000000000000000e+03 4.000000000000000000e+00
5.424620229088332053e+03 4.100000000000000000e+03 4.000000000000000000e+00
6.448625291048735562e+03 4.200000000000000000e+03 4.000000000000000000e+00
7.551552011806694281e+03 4.300000000000000000e+03 4.000000000000000000e+00
8.711039944157069840e+03 4.400000000000000000e+03 4.000000000000000000e+00
1.014392785710268072e+04 4.500000000000000000e+03 4.000000000000000000e+00
1.085438042553998002e+03 3.400000000000000000e+03 4.500000000000000000e+00
1.295167495560040607e+03 3.500000000000000000e+03 4.500000000000000000e+00
1.740299969175272054e+03 3.600000000000000000e+03 4.500000000000000000e+00
2.261976742648371783e+03 3.700000000000000000e+03 4.500000000000000000e+00
2.863919543127778525e+03 3.800000000000000000e+03 4.500000000000000000e+00
3.610085427254088245e+03 3.900000000000000000e+03 4.500000000000000000e+00
4.328641499520456819e+03 4.000000000000000000e+03 4.500000000000000000e+00
5.287055806584437960e+03 4.100000000000000000e+03 4.500000000000000000e+00
6.184014633221150689e+03 4.200000000000000000e+03 4.500000000000000000e+00
7.494646797276158395e+03 4.300000000000000000e+03 4.500000000000000000e+00
8.671996952201840031e+03 4.400000000000000000e+03 4.500000000000000000e+00
1.006019382977864734e+04 4.500000000000000000e+03 4.500000000000000000e+00
