# # Chi square, temp, lg
4.254167884852605312e+03 2.400000000000000000e+03 3.500000000000000000e+00
4.091042731203103813e+03 2.500000000000000000e+03 3.500000000000000000e+00
3.931403734651266859e+03 2.600000000000000000e+03 3.500000000000000000e+00
3.720868229942400376e+03 2.700000000000000000e+03 3.500000000000000000e+00
3.483616419950528325e+03 2.800000000000000000e+03 3.500000000000000000e+00
3.192097979207787830e+03 2.900000000000000000e+03 3.500000000000000000e+00
2.880726440445959270e+03 3.000000000000000000e+03 3.500000000000000000e+00
2.548141329680548097e+03 3.100000000000000000e+03 3.500000000000000000e+00
2.201174234221722600e+03 3.200000000000000000e+03 3.500000000000000000e+00
1.780752225375754051e+03 3.300000000000000000e+03 3.500000000000000000e+00
1.356473605214590634e+03 3.400000000000000000e+03 3.500000000000000000e+00
9.342577614442400318e+02 3.500000000000000000e+03 3.500000000000000000e+00
4.234239311437394463e+03 2.400000000000000000e+03 4.000000000000000000e+00
4.061594546567647740e+03 2.500000000000000000e+03 4.000000000000000000e+00
3.886476371046142958e+03 2.600000000000000000e+03 4.000000000000000000e+00
3.666776850193390601e+03 2.700000000000000000e+03 4.000000000000000000e+00
3.422150232011534627e+03 2.800000000000000000e+03 4.000000000000000000e+00
3.141495453920253567e+03 2.900000000000000000e+03 4.000000000000000000e+00
2.854326632898044409e+03 3.000000000000000000e+03 4.000000000000000000e+00
2.509208724763969713e+03 3.100000000000000000e+03 4.000000000000000000e+00
2.145888182062683882e+03 3.200000000000000000e+03 4.000000000000000000e+00
1.746194696649685056e+03 3.300000000000000000e+03 4.000000000000000000e+00
1.331587414183648207e+03 3.400000000000000000e+03 4.000000000000000000e+00
8.578207573318285313e+02 3.500000000000000000e+03 4.000000000000000000e+00
4.211758616685774541e+03 2.400000000000000000e+03 4.500000000000000000e+00
4.047477114600985260e+03 2.500000000000000000e+03 4.500000000000000000e+00
3.869908841980833586e+03 2.600000000000000000e+03 4.500000000000000000e+00
3.657793823129934935e+03 2.700000000000000000e+03 4.500000000000000000e+00
3.427281776827044723e+03 2.800000000000000000e+03 4.500000000000000000e+00
3.145965359655734119e+03 2.900000000000000000e+03 4.500000000000000000e+00
2.840306487411653961e+03 3.000000000000000000e+03 4.500000000000000000e+00
2.484433035011339143e+03 3.100000000000000000e+03 4.500000000000000000e+00
2.109365069697957551e+03 3.200000000000000000e+03 4.500000000000000000e+00
1.716205216759026143e+03 3.300000000000000000e+03 4.500000000000000000e+00
1.283024872208757188e+03 3.400000000000000000e+03 4.500000000000000000e+00
8.780042500253415483e+02 3.500000000000000000e+03 4.500000000000000000e+00
