# # Chi square, temp, lg
1.984522818066686523e+04 3.900000000000000000e+03 3.500000000000000000e+00
1.886266275862283874e+04 4.000000000000000000e+03 3.500000000000000000e+00
1.785988476224856640e+04 4.100000000000000000e+03 3.500000000000000000e+00
1.689671448799707287e+04 4.200000000000000000e+03 3.500000000000000000e+00
1.570230152197330062e+04 4.300000000000000000e+03 3.500000000000000000e+00
1.446521231079660720e+04 4.400000000000000000e+03 3.500000000000000000e+00
1.309672532742033400e+04 4.500000000000000000e+03 3.500000000000000000e+00
1.170945106557376312e+04 4.600000000000000000e+03 3.500000000000000000e+00
1.039497991160665697e+04 4.700000000000000000e+03 3.500000000000000000e+00
9.117930004437776006e+03 4.800000000000000000e+03 3.500000000000000000e+00
7.931082082992787036e+03 4.900000000000000000e+03 3.500000000000000000e+00
7.094887405417656737e+03 5.000000000000000000e+03 3.500000000000000000e+00
1.983391134912447160e+04 3.900000000000000000e+03 4.000000000000000000e+00
1.883279964684240986e+04 4.000000000000000000e+03 4.000000000000000000e+00
1.782648865169543569e+04 4.100000000000000000e+03 4.000000000000000000e+00
1.673838553087766923e+04 4.200000000000000000e+03 4.000000000000000000e+00
1.560253787417795684e+04 4.300000000000000000e+03 4.000000000000000000e+00
1.440943316186296397e+04 4.400000000000000000e+03 4.000000000000000000e+00
1.303135887372921752e+04 4.500000000000000000e+03 4.000000000000000000e+00
1.163338097561349241e+04 4.600000000000000000e+03 4.000000000000000000e+00
1.028745432846839321e+04 4.700000000000000000e+03 4.000000000000000000e+00
8.915331183888762098e+03 4.800000000000000000e+03 4.000000000000000000e+00
7.759666454136713583e+03 4.900000000000000000e+03 4.000000000000000000e+00
7.133934497737186575e+03 5.000000000000000000e+03 4.000000000000000000e+00
1.985010364233593282e+04 3.900000000000000000e+03 4.500000000000000000e+00
1.901617003378562731e+04 4.000000000000000000e+03 4.500000000000000000e+00
1.805791242598512326e+04 4.100000000000000000e+03 4.500000000000000000e+00
1.704995884120454502e+04 4.200000000000000000e+03 4.500000000000000000e+00
1.568422385628896700e+04 4.300000000000000000e+03 4.500000000000000000e+00
1.438260227959534859e+04 4.400000000000000000e+03 4.500000000000000000e+00
1.306755879003766495e+04 4.500000000000000000e+03 4.500000000000000000e+00
1.156872971020047407e+04 4.600000000000000000e+03 4.500000000000000000e+00
1.017415166426118049e+04 4.700000000000000000e+03 4.500000000000000000e+00
8.784251075619920812e+03 4.800000000000000000e+03 4.500000000000000000e+00
7.591821703761246681e+03 4.900000000000000000e+03 4.500000000000000000e+00
7.099733776202339868e+03 5.000000000000000000e+03 4.500000000000000000e+00
