# # Chi square, temp, lg
2.097257754256205590e+04 3.400000000000000000e+03 3.500000000000000000e+00
2.055837822366796900e+04 3.500000000000000000e+03 3.500000000000000000e+00
2.009249571641560760e+04 3.600000000000000000e+03 3.500000000000000000e+00
1.953531771103369101e+04 3.700000000000000000e+03 3.500000000000000000e+00
1.878396240383906115e+04 3.800000000000000000e+03 3.500000000000000000e+00
1.807872377005329326e+04 3.900000000000000000e+03 3.500000000000000000e+00
1.716567663939949125e+04 4.000000000000000000e+03 3.500000000000000000e+00
1.620572024129239981e+04 4.100000000000000000e+03 3.500000000000000000e+00
1.519902637064800911e+04 4.200000000000000000e+03 3.500000000000000000e+00
1.401627331110886189e+04 4.300000000000000000e+03 3.500000000000000000e+00
1.278440621483713949e+04 4.400000000000000000e+03 3.500000000000000000e+00
1.144166001378536203e+04 4.500000000000000000e+03 3.500000000000000000e+00
2.086808929657028057e+04 3.400000000000000000e+03 4.000000000000000000e+00
2.042235228275633926e+04 3.500000000000000000e+03 4.000000000000000000e+00
1.993662181008826883e+04 3.600000000000000000e+03 4.000000000000000000e+00
1.937208352782184011e+04 3.700000000000000000e+03 4.000000000000000000e+00
1.874693483776098219e+04 3.800000000000000000e+03 4.000000000000000000e+00
1.797947426296575213e+04 3.900000000000000000e+03 4.000000000000000000e+00
1.707824497164330751e+04 4.000000000000000000e+03 4.000000000000000000e+00
1.609200322806899021e+04 4.100000000000000000e+03 4.000000000000000000e+00
1.507179450193774210e+04 4.200000000000000000e+03 4.000000000000000000e+00
1.403503852419254326e+04 4.300000000000000000e+03 4.000000000000000000e+00
1.278045379776235859e+04 4.400000000000000000e+03 4.000000000000000000e+00
1.126677105407619274e+04 4.500000000000000000e+03 4.000000000000000000e+00
2.079339674115907474e+04 3.400000000000000000e+03 4.500000000000000000e+00
2.035492662439830747e+04 3.500000000000000000e+03 4.500000000000000000e+00
1.988636433587947249e+04 3.600000000000000000e+03 4.500000000000000000e+00
1.927724044429795686e+04 3.700000000000000000e+03 4.500000000000000000e+00
1.870448821960348869e+04 3.800000000000000000e+03 4.500000000000000000e+00
1.797678204579560042e+04 3.900000000000000000e+03 4.500000000000000000e+00
1.720423561214798610e+04 4.000000000000000000e+03 4.500000000000000000e+00
1.630328184332939054e+04 4.100000000000000000e+03 4.500000000000000000e+00
1.544275240732443490e+04 4.200000000000000000e+03 4.500000000000000000e+00
1.416222412118946158e+04 4.300000000000000000e+03 4.500000000000000000e+00
1.286014430008862473e+04 4.400000000000000000e+03 4.500000000000000000e+00
1.152989262823524223e+04 4.500000000000000000e+03 4.500000000000000000e+00
