# # Chi square, temp, lg
2.279393406155592857e+03 3.900000000000000000e+03 3.500000000000000000e+00
1.543084274550671807e+03 4.000000000000000000e+03 3.500000000000000000e+00
9.802181149284306230e+02 4.100000000000000000e+03 3.500000000000000000e+00
1.241065825142353333e+03 4.200000000000000000e+03 3.500000000000000000e+00
2.293534393734654259e+03 4.300000000000000000e+03 3.500000000000000000e+00
3.518452259989632694e+03 4.400000000000000000e+03 3.500000000000000000e+00
4.808087001179585968e+03 4.500000000000000000e+03 3.500000000000000000e+00
6.523137145299162512e+03 4.600000000000000000e+03 3.500000000000000000e+00
8.126670049845814901e+03 4.700000000000000000e+03 3.500000000000000000e+00
9.825373579019951649e+03 4.800000000000000000e+03 3.500000000000000000e+00
1.180799890037515979e+04 4.900000000000000000e+03 3.500000000000000000e+00
1.389464629579816392e+04 5.000000000000000000e+03 3.500000000000000000e+00
2.251730583030843718e+03 3.900000000000000000e+03 4.000000000000000000e+00
1.491118686669328554e+03 4.000000000000000000e+03 4.000000000000000000e+00
9.798105537974016670e+02 4.100000000000000000e+03 4.000000000000000000e+00
1.419620968759142443e+03 4.200000000000000000e+03 4.000000000000000000e+00
2.434571292451182217e+03 4.300000000000000000e+03 4.000000000000000000e+00
3.497175128700161622e+03 4.400000000000000000e+03 4.000000000000000000e+00
4.916237515925209664e+03 4.500000000000000000e+03 4.000000000000000000e+00
6.461749609550407513e+03 4.600000000000000000e+03 4.000000000000000000e+00
8.005497358045317924e+03 4.700000000000000000e+03 4.000000000000000000e+00
9.953753487558853521e+03 4.800000000000000000e+03 4.000000000000000000e+00
1.196490868034403502e+04 4.900000000000000000e+03 4.000000000000000000e+00
1.419660072054987540e+04 5.000000000000000000e+03 4.000000000000000000e+00
2.286221164256838620e+03 3.900000000000000000e+03 4.500000000000000000e+00
1.586873348504879687e+03 4.000000000000000000e+03 4.500000000000000000e+00
1.066578035409988388e+03 4.100000000000000000e+03 4.500000000000000000e+00
1.228977210779745519e+03 4.200000000000000000e+03 4.500000000000000000e+00
2.350707714854055666e+03 4.300000000000000000e+03 4.500000000000000000e+00
3.602388373963456615e+03 4.400000000000000000e+03 4.500000000000000000e+00
4.912791011759025423e+03 4.500000000000000000e+03 4.500000000000000000e+00
6.450188493851353996e+03 4.600000000000000000e+03 4.500000000000000000e+00
8.090936205195309412e+03 4.700000000000000000e+03 4.500000000000000000e+00
9.984663801892400443e+03 4.800000000000000000e+03 4.500000000000000000e+00
1.177432174553055665e+04 4.900000000000000000e+03 4.500000000000000000e+00
1.390150337981936718e+04 5.000000000000000000e+03 4.500000000000000000e+00
