# # Chi square, temp, lg
1.039921188601653739e+04 2.900000000000000000e+03 3.500000000000000000e+00
1.007884275686413275e+04 3.000000000000000000e+03 3.500000000000000000e+00
9.751899419584977295e+03 3.100000000000000000e+03 3.500000000000000000e+00
9.377955769828993652e+03 3.200000000000000000e+03 3.500000000000000000e+00
8.954944643183478547e+03 3.300000000000000000e+03 3.500000000000000000e+00
8.468092842625306730e+03 3.400000000000000000e+03 3.500000000000000000e+00
7.985140399708616314e+03 3.500000000000000000e+03 3.500000000000000000e+00
7.448152021154118302e+03 3.600000000000000000e+03 3.500000000000000000e+00
6.868211521437644478e+03 3.700000000000000000e+03 3.500000000000000000e+00
6.128682466130562716e+03 3.800000000000000000e+03 3.500000000000000000e+00
5.486074803634670388e+03 3.900000000000000000e+03 3.500000000000000000e+00
4.750916290150800705e+03 4.000000000000000000e+03 3.500000000000000000e+00
1.034596722874018633e+04 2.900000000000000000e+03 4.000000000000000000e+00
1.004872925916482745e+04 3.000000000000000000e+03 4.000000000000000000e+00
9.710796973631744549e+03 3.100000000000000000e+03 4.000000000000000000e+00
9.327804187087678656e+03 3.200000000000000000e+03 4.000000000000000000e+00
8.905381512747158922e+03 3.300000000000000000e+03 4.000000000000000000e+00
8.459490735039013089e+03 3.400000000000000000e+03 4.000000000000000000e+00
7.961766544281597817e+03 3.500000000000000000e+03 4.000000000000000000e+00
7.416840962872857745e+03 3.600000000000000000e+03 4.000000000000000000e+00
6.808648539597556919e+03 3.700000000000000000e+03 4.000000000000000000e+00
6.175097581235030702e+03 3.800000000000000000e+03 4.000000000000000000e+00
5.465171830887646138e+03 3.900000000000000000e+03 4.000000000000000000e+00
4.739387413620895131e+03 4.000000000000000000e+03 4.000000000000000000e+00
1.036837543866191663e+04 2.900000000000000000e+03 4.500000000000000000e+00
1.005805402116679397e+04 3.000000000000000000e+03 4.500000000000000000e+00
9.690030819235711533e+03 3.100000000000000000e+03 4.500000000000000000e+00
9.306246128803613828e+03 3.200000000000000000e+03 4.500000000000000000e+00
8.888014230481076083e+03 3.300000000000000000e+03 4.500000000000000000e+00
8.426387522278380857e+03 3.400000000000000000e+03 4.500000000000000000e+00
7.974677867107875500e+03 3.500000000000000000e+03 4.500000000000000000e+00
7.442820752767958766e+03 3.600000000000000000e+03 4.500000000000000000e+00
6.853898771189670697e+03 3.700000000000000000e+03 4.500000000000000000e+00
6.273032334351244572e+03 3.800000000000000000e+03 4.500000000000000000e+00
5.611885578895045001e+03 3.900000000000000000e+03 4.500000000000000000e+00
4.928118898416483717e+03 4.000000000000000000e+03 4.500000000000000000e+00
