# # Chi square, temp, lg
1.978145815042073309e+03 2.900000000000000000e+03 3.500000000000000000e+00
1.657467573425035880e+03 3.000000000000000000e+03 3.500000000000000000e+00
1.348206495322083811e+03 3.100000000000000000e+03 3.500000000000000000e+00
9.995119371606830327e+02 3.200000000000000000e+03 3.500000000000000000e+00
6.513403833523279900e+02 3.300000000000000000e+03 3.500000000000000000e+00
4.835569021679110051e+02 3.400000000000000000e+03 3.500000000000000000e+00
6.926201380860221661e+02 3.500000000000000000e+03 3.500000000000000000e+00
1.219597150972656891e+03 3.600000000000000000e+03 3.500000000000000000e+00
1.769290773246840899e+03 3.700000000000000000e+03 3.500000000000000000e+00
2.499855684697994548e+03 3.800000000000000000e+03 3.500000000000000000e+00
3.270898805264184830e+03 3.900000000000000000e+03 3.500000000000000000e+00
4.161756576187424798e+03 4.000000000000000000e+03 3.500000000000000000e+00
1.929510680010889246e+03 2.900000000000000000e+03 4.000000000000000000e+00
1.640545884107998745e+03 3.000000000000000000e+03 4.000000000000000000e+00
1.329274310259919957e+03 3.100000000000000000e+03 4.000000000000000000e+00
9.983679789950936083e+02 3.200000000000000000e+03 4.000000000000000000e+00
7.004894962521909747e+02 3.300000000000000000e+03 4.000000000000000000e+00
6.218428140894415037e+02 3.400000000000000000e+03 4.000000000000000000e+00
8.874172374428781040e+02 3.500000000000000000e+03 4.000000000000000000e+00
1.288967234128237806e+03 3.600000000000000000e+03 4.000000000000000000e+00
1.878581529429306784e+03 3.700000000000000000e+03 4.000000000000000000e+00
2.567448941748482866e+03 3.800000000000000000e+03 4.000000000000000000e+00
3.307321372896852154e+03 3.900000000000000000e+03 4.000000000000000000e+00
4.202928441348309207e+03 4.000000000000000000e+03 4.000000000000000000e+00
1.924717633842422401e+03 2.900000000000000000e+03 4.500000000000000000e+00
1.641583022567992202e+03 3.000000000000000000e+03 4.500000000000000000e+00
1.316902644465807953e+03 3.100000000000000000e+03 4.500000000000000000e+00
9.981263112968309770e+02 3.200000000000000000e+03 4.500000000000000000e+00
7.503335172282398844e+02 3.300000000000000000e+03 4.500000000000000000e+00
7.167873586668999906e+02 3.400000000000000000e+03 4.500000000000000000e+00
9.427397029897548464e+02 3.500000000000000000e+03 4.500000000000000000e+00
1.409630993549322966e+03 3.600000000000000000e+03 4.500000000000000000e+00
1.946415063162615979e+03 3.700000000000000000e+03 4.500000000000000000e+00
2.618229195429282299e+03 3.800000000000000000e+03 4.500000000000000000e+00
3.336082507262062791e+03 3.900000000000000000e+03 4.500000000000000000e+00
4.116684220891950645e+03 4.000000000000000000e+03 4.500000000000000000e+00
