# # Chi square, temp, lg
8.464573332734982614e+03 4.400000000000000000e+03 3.500000000000000000e+00
9.814287872997461818e+03 4.500000000000000000e+03 3.500000000000000000e+00
1.124228281955521925e+04 4.600000000000000000e+03 3.500000000000000000e+00
1.279224830963223030e+04 4.700000000000000000e+03 3.500000000000000000e+00
1.458371362721011246e+04 4.800000000000000000e+03 3.500000000000000000e+00
1.621221919712266936e+04 4.900000000000000000e+03 3.500000000000000000e+00
1.818305437440640162e+04 5.000000000000000000e+03 3.500000000000000000e+00
2.040490773259576963e+04 5.100000000000000000e+03 3.500000000000000000e+00
2.252933484533448427e+04 5.200000000000000000e+03 3.500000000000000000e+00
2.508165205802318815e+04 5.300000000000000000e+03 3.500000000000000000e+00
2.733308691736012770e+04 5.400000000000000000e+03 3.500000000000000000e+00
3.015327831987612444e+04 5.500000000000000000e+03 3.500000000000000000e+00
8.473018567653496575e+03 4.400000000000000000e+03 4.000000000000000000e+00
9.852285643397110107e+03 4.500000000000000000e+03 4.000000000000000000e+00
1.136610284318797494e+04 4.600000000000000000e+03 4.000000000000000000e+00
1.284650963167890040e+04 4.700000000000000000e+03 4.000000000000000000e+00
1.458416119346991218e+04 4.800000000000000000e+03 4.000000000000000000e+00
1.631386363914077083e+04 4.900000000000000000e+03 4.000000000000000000e+00
1.850828769573553654e+04 5.000000000000000000e+03 4.000000000000000000e+00
2.036964155456879598e+04 5.100000000000000000e+03 4.000000000000000000e+00
2.237901773435065479e+04 5.200000000000000000e+03 4.000000000000000000e+00
2.520270350387569852e+04 5.300000000000000000e+03 4.000000000000000000e+00
2.755656777366593451e+04 5.400000000000000000e+03 4.000000000000000000e+00
3.046201927078835070e+04 5.500000000000000000e+03 4.000000000000000000e+00
8.408987629929182731e+03 4.400000000000000000e+03 4.500000000000000000e+00
9.873757456803694367e+03 4.500000000000000000e+03 4.500000000000000000e+00
1.140946455535494533e+04 4.600000000000000000e+03 4.500000000000000000e+00
1.298152504850612968e+04 4.700000000000000000e+03 4.500000000000000000e+00
1.468031786132412890e+04 4.800000000000000000e+03 4.500000000000000000e+00
1.652750400030965466e+04 4.900000000000000000e+03 4.500000000000000000e+00
1.834030189471655831e+04 5.000000000000000000e+03 4.500000000000000000e+00
2.041065092095752334e+04 5.100000000000000000e+03 4.500000000000000000e+00
2.265256229865886417e+04 5.200000000000000000e+03 4.500000000000000000e+00
2.502116329469073753e+04 5.300000000000000000e+03 4.500000000000000000e+00
2.703429888814960213e+04 5.400000000000000000e+03 4.500000000000000000e+00
3.035736013870505485e+04 5.500000000000000000e+03 4.500000000000000000e+00
