# # Chi square, temp, lg
4.201389237130440961e+03 3.900000000000000000e+03 3.500000000000000000e+00
5.098422731255561303e+03 4.000000000000000000e+03 3.500000000000000000e+00
6.102338247071638762e+03 4.100000000000000000e+03 3.500000000000000000e+00
7.076762877041032880e+03 4.200000000000000000e+03 3.500000000000000000e+00
8.281803057282450027e+03 4.300000000000000000e+03 3.500000000000000000e+00
9.529982923459667290e+03 4.400000000000000000e+03 3.500000000000000000e+00
1.091739954505991409e+04 4.500000000000000000e+03 3.500000000000000000e+00
1.242957811002438939e+04 4.600000000000000000e+03 3.500000000000000000e+00
1.392725573450046068e+04 4.700000000000000000e+03 3.500000000000000000e+00
1.588555752448827297e+04 4.800000000000000000e+03 3.500000000000000000e+00
1.780876771317821476e+04 4.900000000000000000e+03 3.500000000000000000e+00
1.982415701779522351e+04 5.000000000000000000e+03 3.500000000000000000e+00
4.241351181401154463e+03 3.900000000000000000e+03 4.000000000000000000e+00
5.160003018655644155e+03 4.000000000000000000e+03 4.000000000000000000e+00
6.228385636758646797e+03 4.100000000000000000e+03 4.000000000000000000e+00
7.278153181574830342e+03 4.200000000000000000e+03 4.000000000000000000e+00
8.374255150222710654e+03 4.300000000000000000e+03 4.000000000000000000e+00
9.561812697092753297e+03 4.400000000000000000e+03 4.000000000000000000e+00
1.105653001493230113e+04 4.500000000000000000e+03 4.000000000000000000e+00
1.253737590230242131e+04 4.600000000000000000e+03 4.000000000000000000e+00
1.421872408018599526e+04 4.700000000000000000e+03 4.000000000000000000e+00
1.608013992690082159e+04 4.800000000000000000e+03 4.000000000000000000e+00
1.781360145674835803e+04 4.900000000000000000e+03 4.000000000000000000e+00
2.013895119172652630e+04 5.000000000000000000e+03 4.000000000000000000e+00
4.225791551541803528e+03 3.900000000000000000e+03 4.500000000000000000e+00
5.035469111810817594e+03 4.000000000000000000e+03 4.500000000000000000e+00
6.041681957125313602e+03 4.100000000000000000e+03 4.500000000000000000e+00
6.994434926474147687e+03 4.200000000000000000e+03 4.500000000000000000e+00
8.319504580897884807e+03 4.300000000000000000e+03 4.500000000000000000e+00
9.564389887457251461e+03 4.400000000000000000e+03 4.500000000000000000e+00
1.101662498735095505e+04 4.500000000000000000e+03 4.500000000000000000e+00
1.260800566905434425e+04 4.600000000000000000e+03 4.500000000000000000e+00
1.424225876473898825e+04 4.700000000000000000e+03 4.500000000000000000e+00
1.618366681471546690e+04 4.800000000000000000e+03 4.500000000000000000e+00
1.809788066384333797e+04 4.900000000000000000e+03 4.500000000000000000e+00
2.011131928451609929e+04 5.000000000000000000e+03 4.500000000000000000e+00
