# # Chi square, temp, lg
2.312202400908496202e+04 3.400000000000000000e+03 3.500000000000000000e+00
2.265091886168827114e+04 3.500000000000000000e+03 3.500000000000000000e+00
2.205761376344917880e+04 3.600000000000000000e+03 3.500000000000000000e+00
2.149080006590186167e+04 3.700000000000000000e+03 3.500000000000000000e+00
2.066059824056576690e+04 3.800000000000000000e+03 3.500000000000000000e+00
1.984522818066686523e+04 3.900000000000000000e+03 3.500000000000000000e+00
1.886266275862283874e+04 4.000000000000000000e+03 3.500000000000000000e+00
1.785988476224856640e+04 4.100000000000000000e+03 3.500000000000000000e+00
1.689671448799707287e+04 4.200000000000000000e+03 3.500000000000000000e+00
1.570230152197330062e+04 4.300000000000000000e+03 3.500000000000000000e+00
1.446521231079660720e+04 4.400000000000000000e+03 3.500000000000000000e+00
1.309672532742033400e+04 4.500000000000000000e+03 3.500000000000000000e+00
2.304508415001955291e+04 3.400000000000000000e+03 4.000000000000000000e+00
2.251777317410552132e+04 3.500000000000000000e+03 4.000000000000000000e+00
2.195872752024835427e+04 3.600000000000000000e+03 4.000000000000000000e+00
2.133474158948416880e+04 3.700000000000000000e+03 4.000000000000000000e+00
2.062636595299821056e+04 3.800000000000000000e+03 4.000000000000000000e+00
1.983391134912447160e+04 3.900000000000000000e+03 4.000000000000000000e+00
1.883279964684240986e+04 4.000000000000000000e+03 4.000000000000000000e+00
1.782648865169543569e+04 4.100000000000000000e+03 4.000000000000000000e+00
1.673838553087766923e+04 4.200000000000000000e+03 4.000000000000000000e+00
1.560253787417795684e+04 4.300000000000000000e+03 4.000000000000000000e+00
1.440943316186296397e+04 4.400000000000000000e+03 4.000000000000000000e+00
1.303135887372921752e+04 4.500000000000000000e+03 4.000000000000000000e+00
2.298502968499683629e+04 3.400000000000000000e+03 4.500000000000000000e+00
2.249332133410478127e+04 3.500000000000000000e+03 4.500000000000000000e+00
2.194714371409130763e+04 3.600000000000000000e+03 4.500000000000000000e+00
2.132642091013598838e+04 3.700000000000000000e+03 4.500000000000000000e+00
2.062584169638246385e+04 3.800000000000000000e+03 4.500000000000000000e+00
1.985010364233593282e+04 3.900000000000000000e+03 4.500000000000000000e+00
1.901617003378562731e+04 4.000000000000000000e+03 4.500000000000000000e+00
1.805791242598512326e+04 4.100000000000000000e+03 4.500000000000000000e+00
1.704995884120454502e+04 4.200000000000000000e+03 4.500000000000000000e+00
1.568422385628896700e+04 4.300000000000000000e+03 4.500000000000000000e+00
1.438260227959534859e+04 4.400000000000000000e+03 4.500000000000000000e+00
1.306755879003766495e+04 4.500000000000000000e+03 4.500000000000000000e+00
