# # Chi square, temp, lg
2.615367542584100647e+03 3.900000000000000000e+03 3.500000000000000000e+00
2.969226218706400232e+03 4.000000000000000000e+03 3.500000000000000000e+00
3.568521528811959342e+03 4.100000000000000000e+03 3.500000000000000000e+00
4.369322519385837040e+03 4.200000000000000000e+03 3.500000000000000000e+00
5.451207769081960578e+03 4.300000000000000000e+03 3.500000000000000000e+00
6.568321319688392578e+03 4.400000000000000000e+03 3.500000000000000000e+00
7.864765792170959685e+03 4.500000000000000000e+03 3.500000000000000000e+00
9.260292039095802465e+03 4.600000000000000000e+03 3.500000000000000000e+00
1.080752946839205651e+04 4.700000000000000000e+03 3.500000000000000000e+00
1.259987576475613787e+04 4.800000000000000000e+03 3.500000000000000000e+00
1.423895104827394425e+04 4.900000000000000000e+03 3.500000000000000000e+00
1.622390012343700619e+04 5.000000000000000000e+03 3.500000000000000000e+00
2.665913950843115344e+03 3.900000000000000000e+03 4.000000000000000000e+00
2.985287231454981338e+03 4.000000000000000000e+03 4.000000000000000000e+00
3.648529951914199046e+03 4.100000000000000000e+03 4.000000000000000000e+00
4.449442251260371449e+03 4.200000000000000000e+03 4.000000000000000000e+00
5.355313784080069127e+03 4.300000000000000000e+03 4.000000000000000000e+00
6.511022197216707355e+03 4.400000000000000000e+03 4.000000000000000000e+00
7.865489565756535740e+03 4.500000000000000000e+03 4.000000000000000000e+00
9.362446780741631301e+03 4.600000000000000000e+03 4.000000000000000000e+00
1.082226972291823949e+04 4.700000000000000000e+03 4.000000000000000000e+00
1.257340343328833660e+04 4.800000000000000000e+03 4.000000000000000000e+00
1.429956711422509215e+04 4.900000000000000000e+03 4.000000000000000000e+00
1.652718035836791023e+04 5.000000000000000000e+03 4.000000000000000000e+00
2.906600534178243834e+03 3.900000000000000000e+03 4.500000000000000000e+00
3.112638590212871804e+03 4.000000000000000000e+03 4.500000000000000000e+00
3.545274510331671081e+03 4.100000000000000000e+03 4.500000000000000000e+00
4.320904084814990711e+03 4.200000000000000000e+03 4.500000000000000000e+00
5.348097975500990287e+03 4.300000000000000000e+03 4.500000000000000000e+00
6.393865229367892425e+03 4.400000000000000000e+03 4.500000000000000000e+00
7.850375981199333182e+03 4.500000000000000000e+03 4.500000000000000000e+00
9.369487565384473783e+03 4.600000000000000000e+03 4.500000000000000000e+00
1.094177946338981201e+04 4.700000000000000000e+03 4.500000000000000000e+00
1.263762721641943790e+04 4.800000000000000000e+03 4.500000000000000000e+00
1.450729928207668490e+04 4.900000000000000000e+03 4.500000000000000000e+00
1.633232449919823193e+04 5.000000000000000000e+03 4.500000000000000000e+00
