# # Chi square, temp, lg
4.585942700126020572e-11 4.000000000000000000e+03 3.500000000000000000e+00
5.677801198716184616e-11 4.100000000000000000e+03 3.500000000000000000e+00
7.317820902423683753e-11 4.200000000000000000e+03 3.500000000000000000e+00
1.075362155677725367e-10 4.300000000000000000e+03 3.500000000000000000e+00
1.508358084707850147e-10 4.400000000000000000e+03 3.500000000000000000e+00
1.102061164056542259e-10 4.500000000000000000e+03 3.500000000000000000e+00
6.769299181314240325e-11 4.600000000000000000e+03 3.500000000000000000e+00
4.905537071049617519e-11 4.700000000000000000e+03 3.500000000000000000e+00
3.529533030682215856e-11 4.800000000000000000e+03 3.500000000000000000e+00
2.734328356384219528e-11 4.900000000000000000e+03 3.500000000000000000e+00
4.606922324391388750e-11 4.000000000000000000e+03 4.000000000000000000e+00
5.813121133058157345e-11 4.100000000000000000e+03 4.000000000000000000e+00
7.647668725518517781e-11 4.200000000000000000e+03 4.000000000000000000e+00
1.019541649755048696e-10 4.300000000000000000e+03 4.000000000000000000e+00
1.468347490285680718e-10 4.400000000000000000e+03 4.000000000000000000e+00
1.035366722494035141e-10 4.500000000000000000e+03 4.000000000000000000e+00
6.823807328126696764e-11 4.600000000000000000e+03 4.000000000000000000e+00
4.610833255964282401e-11 4.700000000000000000e+03 4.000000000000000000e+00
3.385347006093438699e-11 4.800000000000000000e+03 4.000000000000000000e+00
2.682911446379883666e-11 4.900000000000000000e+03 4.000000000000000000e+00
4.558905502894430814e-11 4.000000000000000000e+03 4.500000000000000000e+00
5.637072624558462532e-11 4.100000000000000000e+03 4.500000000000000000e+00
7.092349442209050455e-11 4.200000000000000000e+03 4.500000000000000000e+00
1.046828457551046450e-10 4.300000000000000000e+03 4.500000000000000000e+00
1.384910747217857997e-10 4.400000000000000000e+03 4.500000000000000000e+00
1.052694405232354635e-10 4.500000000000000000e+03 4.500000000000000000e+00
6.539365724751525556e-11 4.600000000000000000e+03 4.500000000000000000e+00
4.613997417014106730e-11 4.700000000000000000e+03 4.500000000000000000e+00
3.371162054118714587e-11 4.800000000000000000e+03 4.500000000000000000e+00
2.620669717088221715e-11 4.900000000000000000e+03 4.500000000000000000e+00
