# # Chi square, temp, lg
7.843839250176405585e+03 2.400000000000000000e+03 3.500000000000000000e+00
7.702411175610502141e+03 2.500000000000000000e+03 3.500000000000000000e+00
7.566224473232045966e+03 2.600000000000000000e+03 3.500000000000000000e+00
7.371829810681609160e+03 2.700000000000000000e+03 3.500000000000000000e+00
7.173574354615439916e+03 2.800000000000000000e+03 3.500000000000000000e+00
6.911280523302402798e+03 2.900000000000000000e+03 3.500000000000000000e+00
6.643819378356397465e+03 3.000000000000000000e+03 3.500000000000000000e+00
6.349067394074021649e+03 3.100000000000000000e+03 3.500000000000000000e+00
6.034471291130939790e+03 3.200000000000000000e+03 3.500000000000000000e+00
5.668733123241732756e+03 3.300000000000000000e+03 3.500000000000000000e+00
5.271559319031366613e+03 3.400000000000000000e+03 3.500000000000000000e+00
4.807860082875504304e+03 3.500000000000000000e+03 3.500000000000000000e+00
7.822983818012809934e+03 2.400000000000000000e+03 4.000000000000000000e+00
7.676558487499230068e+03 2.500000000000000000e+03 4.000000000000000000e+00
7.515911647012852882e+03 2.600000000000000000e+03 4.000000000000000000e+00
7.346112077482286622e+03 2.700000000000000000e+03 4.000000000000000000e+00
7.121212310949926177e+03 2.800000000000000000e+03 4.000000000000000000e+00
6.868159129239015783e+03 2.900000000000000000e+03 4.000000000000000000e+00
6.592583674653058551e+03 3.000000000000000000e+03 4.000000000000000000e+00
6.296448376990103498e+03 3.100000000000000000e+03 4.000000000000000000e+00
5.959697738601707897e+03 3.200000000000000000e+03 4.000000000000000000e+00
5.589206401072892731e+03 3.300000000000000000e+03 4.000000000000000000e+00
5.178667864317785643e+03 3.400000000000000000e+03 4.000000000000000000e+00
4.694571576490838197e+03 3.500000000000000000e+03 4.000000000000000000e+00
7.801340717919004419e+03 2.400000000000000000e+03 4.500000000000000000e+00
7.663049133212631205e+03 2.500000000000000000e+03 4.500000000000000000e+00
7.512428928652968352e+03 2.600000000000000000e+03 4.500000000000000000e+00
7.335013944201143204e+03 2.700000000000000000e+03 4.500000000000000000e+00
7.116961140317503123e+03 2.800000000000000000e+03 4.500000000000000000e+00
6.878440315438145262e+03 2.900000000000000000e+03 4.500000000000000000e+00
6.607116004896450249e+03 3.000000000000000000e+03 4.500000000000000000e+00
6.267123184504080200e+03 3.100000000000000000e+03 4.500000000000000000e+00
5.903076859091922415e+03 3.200000000000000000e+03 4.500000000000000000e+00
5.542801641294064211e+03 3.300000000000000000e+03 4.500000000000000000e+00
5.124290385606591371e+03 3.400000000000000000e+03 4.500000000000000000e+00
4.646827079916164621e+03 3.500000000000000000e+03 4.500000000000000000e+00
