# # Chi square, temp, lg
3.591185480864453893e+03 3.900000000000000000e+03 3.500000000000000000e+00
3.165866936656521375e+03 4.000000000000000000e+03 3.500000000000000000e+00
2.997799400110548504e+03 4.100000000000000000e+03 3.500000000000000000e+00
3.175852877664200605e+03 4.200000000000000000e+03 3.500000000000000000e+00
3.812645763207328400e+03 4.300000000000000000e+03 3.500000000000000000e+00
4.769222182963733758e+03 4.400000000000000000e+03 3.500000000000000000e+00
5.780348976291620602e+03 4.500000000000000000e+03 3.500000000000000000e+00
7.250175374131749777e+03 4.600000000000000000e+03 3.500000000000000000e+00
8.802408163535537824e+03 4.700000000000000000e+03 3.500000000000000000e+00
1.070622514075741492e+04 4.800000000000000000e+03 3.500000000000000000e+00
1.231904421353675025e+04 4.900000000000000000e+03 3.500000000000000000e+00
1.440749611607396764e+04 5.000000000000000000e+03 3.500000000000000000e+00
3.606304323147328887e+03 3.900000000000000000e+03 4.000000000000000000e+00
3.148275371882415584e+03 4.000000000000000000e+03 4.000000000000000000e+00
2.968299149382813994e+03 4.100000000000000000e+03 4.000000000000000000e+00
3.137760751576179246e+03 4.200000000000000000e+03 4.000000000000000000e+00
3.756507141355852127e+03 4.300000000000000000e+03 4.000000000000000000e+00
4.719148457733726900e+03 4.400000000000000000e+03 4.000000000000000000e+00
5.923926280888147630e+03 4.500000000000000000e+03 4.000000000000000000e+00
7.266142468230834311e+03 4.600000000000000000e+03 4.000000000000000000e+00
8.873653822470030718e+03 4.700000000000000000e+03 4.000000000000000000e+00
1.067767386587615511e+04 4.800000000000000000e+03 4.000000000000000000e+00
1.265324721689291800e+04 4.900000000000000000e+03 4.000000000000000000e+00
1.471894104640433397e+04 5.000000000000000000e+03 4.000000000000000000e+00
3.760419200074752098e+03 3.900000000000000000e+03 4.500000000000000000e+00
3.325654393780986993e+03 4.000000000000000000e+03 4.500000000000000000e+00
3.039353284593635635e+03 4.100000000000000000e+03 4.500000000000000000e+00
3.114414011929163280e+03 4.200000000000000000e+03 4.500000000000000000e+00
3.669912571796721750e+03 4.300000000000000000e+03 4.500000000000000000e+00
4.653306140936349038e+03 4.400000000000000000e+03 4.500000000000000000e+00
5.835990849826663180e+03 4.500000000000000000e+03 4.500000000000000000e+00
7.320207156879871036e+03 4.600000000000000000e+03 4.500000000000000000e+00
8.940515498333579671e+03 4.700000000000000000e+03 4.500000000000000000e+00
1.063215283904636453e+04 4.800000000000000000e+03 4.500000000000000000e+00
1.271004119137692942e+04 4.900000000000000000e+03 4.500000000000000000e+00
1.478753212469869868e+04 5.000000000000000000e+03 4.500000000000000000e+00
