# # Chi square, temp, lg
1.232286531036503902e+03 2.400000000000000000e+03 3.500000000000000000e+00
1.069600272210439016e+03 2.500000000000000000e+03 3.500000000000000000e+00
8.910710396542581293e+02 2.600000000000000000e+03 3.500000000000000000e+00
6.758870887346256495e+02 2.700000000000000000e+03 3.500000000000000000e+00
4.484522023282489158e+02 2.800000000000000000e+03 3.500000000000000000e+00
2.040277428042299164e+02 2.900000000000000000e+03 3.500000000000000000e+00
2.632858634271810843e+02 3.000000000000000000e+03 3.500000000000000000e+00
5.710258915033931544e+02 3.100000000000000000e+03 3.500000000000000000e+00
9.168931238334779437e+02 3.200000000000000000e+03 3.500000000000000000e+00
1.346010579590394627e+03 3.300000000000000000e+03 3.500000000000000000e+00
1.804324418212332375e+03 3.400000000000000000e+03 3.500000000000000000e+00
2.300245298221133908e+03 3.500000000000000000e+03 3.500000000000000000e+00
1.203282626131257302e+03 2.400000000000000000e+03 4.000000000000000000e+00
1.032374696593726640e+03 2.500000000000000000e+03 4.000000000000000000e+00
8.359077396011815608e+02 2.600000000000000000e+03 4.000000000000000000e+00
6.304668301798905077e+02 2.700000000000000000e+03 4.000000000000000000e+00
3.917055831099873444e+02 2.800000000000000000e+03 4.000000000000000000e+00
1.875818962138978634e+02 2.900000000000000000e+03 4.000000000000000000e+00
2.978376894613389254e+02 3.000000000000000000e+03 4.000000000000000000e+00
6.047180803279503607e+02 3.100000000000000000e+03 4.000000000000000000e+00
9.818652648777785998e+02 3.200000000000000000e+03 4.000000000000000000e+00
1.393339269772253829e+03 3.300000000000000000e+03 4.000000000000000000e+00
1.846316863209849544e+03 3.400000000000000000e+03 4.000000000000000000e+00
2.363157789920194318e+03 3.500000000000000000e+03 4.000000000000000000e+00
1.175487092247439705e+03 2.400000000000000000e+03 4.500000000000000000e+00
1.010187063363817970e+03 2.500000000000000000e+03 4.500000000000000000e+00
8.283562981287174125e+02 2.600000000000000000e+03 4.500000000000000000e+00
6.197390960317304689e+02 2.700000000000000000e+03 4.500000000000000000e+00
3.865377192977062464e+02 2.800000000000000000e+03 4.500000000000000000e+00
1.868482021547934835e+02 2.900000000000000000e+03 4.500000000000000000e+00
3.145717649553358228e+02 3.000000000000000000e+03 4.500000000000000000e+00
6.367751959684504754e+02 3.100000000000000000e+03 4.500000000000000000e+00
1.025175949759980085e+03 3.200000000000000000e+03 4.500000000000000000e+00
1.417263315944717988e+03 3.300000000000000000e+03 4.500000000000000000e+00
1.879048390843596508e+03 3.400000000000000000e+03 4.500000000000000000e+00
2.363612345891338464e+03 3.500000000000000000e+03 4.500000000000000000e+00
