# # Chi square, temp, lg
2.571060375640730126e+04 2.400000000000000000e+03 3.500000000000000000e+00
2.557639155863343694e+04 2.500000000000000000e+03 3.500000000000000000e+00
2.544588627108046057e+04 2.600000000000000000e+03 3.500000000000000000e+00
2.526991367871998955e+04 2.700000000000000000e+03 3.500000000000000000e+00
2.507624620292936743e+04 2.800000000000000000e+03 3.500000000000000000e+00
2.482348985659172104e+04 2.900000000000000000e+03 3.500000000000000000e+00
2.456143318852227821e+04 3.000000000000000000e+03 3.500000000000000000e+00
2.426040438235652982e+04 3.100000000000000000e+03 3.500000000000000000e+00
2.395224445293229292e+04 3.200000000000000000e+03 3.500000000000000000e+00
2.357298475166094795e+04 3.300000000000000000e+03 3.500000000000000000e+00
2.312202400908496202e+04 3.400000000000000000e+03 3.500000000000000000e+00
2.265091886168827114e+04 3.500000000000000000e+03 3.500000000000000000e+00
2.568332193531007943e+04 2.400000000000000000e+03 4.000000000000000000e+00
2.555300895682185364e+04 2.500000000000000000e+03 4.000000000000000000e+00
2.540768300941737107e+04 2.600000000000000000e+03 4.000000000000000000e+00
2.523887465105533920e+04 2.700000000000000000e+03 4.000000000000000000e+00
2.503384408629013342e+04 2.800000000000000000e+03 4.000000000000000000e+00
2.478742155751811515e+04 2.900000000000000000e+03 4.000000000000000000e+00
2.451488693522910398e+04 3.000000000000000000e+03 4.000000000000000000e+00
2.421395759659845862e+04 3.100000000000000000e+03 4.000000000000000000e+00
2.386680925700579246e+04 3.200000000000000000e+03 4.000000000000000000e+00
2.346599907978385090e+04 3.300000000000000000e+03 4.000000000000000000e+00
2.304508415001955291e+04 3.400000000000000000e+03 4.000000000000000000e+00
2.251777317410552132e+04 3.500000000000000000e+03 4.000000000000000000e+00
2.566027928349278955e+04 2.400000000000000000e+03 4.500000000000000000e+00
2.554348206484042748e+04 2.500000000000000000e+03 4.500000000000000000e+00
2.539795493141645056e+04 2.600000000000000000e+03 4.500000000000000000e+00
2.522066008699241866e+04 2.700000000000000000e+03 4.500000000000000000e+00
2.502880992060559220e+04 2.800000000000000000e+03 4.500000000000000000e+00
2.478945567441112871e+04 2.900000000000000000e+03 4.500000000000000000e+00
2.451876024002740087e+04 3.000000000000000000e+03 4.500000000000000000e+00
2.417281869736114459e+04 3.100000000000000000e+03 4.500000000000000000e+00
2.381889624516937693e+04 3.200000000000000000e+03 4.500000000000000000e+00
2.342375430107469947e+04 3.300000000000000000e+03 4.500000000000000000e+00
2.298502968499683629e+04 3.400000000000000000e+03 4.500000000000000000e+00
2.249332133410478127e+04 3.500000000000000000e+03 4.500000000000000000e+00
