# # Chi square, temp, lg
1.641167549289681119e+04 2.900000000000000000e+03 3.500000000000000000e+00
1.617002630813396718e+04 3.000000000000000000e+03 3.500000000000000000e+00
1.590867802088135068e+04 3.100000000000000000e+03 3.500000000000000000e+00
1.563312869971831060e+04 3.200000000000000000e+03 3.500000000000000000e+00
1.527903227445025368e+04 3.300000000000000000e+03 3.500000000000000000e+00
1.490231228395227117e+04 3.400000000000000000e+03 3.500000000000000000e+00
1.448170298902404647e+04 3.500000000000000000e+03 3.500000000000000000e+00
1.394004106519172637e+04 3.600000000000000000e+03 3.500000000000000000e+00
1.337908632688873331e+04 3.700000000000000000e+03 3.500000000000000000e+00
1.266836279102745175e+04 3.800000000000000000e+03 3.500000000000000000e+00
1.188705158865511476e+04 3.900000000000000000e+03 3.500000000000000000e+00
1.103974078795326932e+04 4.000000000000000000e+03 3.500000000000000000e+00
1.637711262897368761e+04 2.900000000000000000e+03 4.000000000000000000e+00
1.613853997778586017e+04 3.000000000000000000e+03 4.000000000000000000e+00
1.584850457480857767e+04 3.100000000000000000e+03 4.000000000000000000e+00
1.553524782840101943e+04 3.200000000000000000e+03 4.000000000000000000e+00
1.517580004726960942e+04 3.300000000000000000e+03 4.000000000000000000e+00
1.482023064168956807e+04 3.400000000000000000e+03 4.000000000000000000e+00
1.432741205867228382e+04 3.500000000000000000e+03 4.000000000000000000e+00
1.382631771076586483e+04 3.600000000000000000e+03 4.000000000000000000e+00
1.323970287343216296e+04 3.700000000000000000e+03 4.000000000000000000e+00
1.261219209110510928e+04 3.800000000000000000e+03 4.000000000000000000e+00
1.185979771850031102e+04 3.900000000000000000e+03 4.000000000000000000e+00
1.096675334403927809e+04 4.000000000000000000e+03 4.000000000000000000e+00
1.638597194630163358e+04 2.900000000000000000e+03 4.500000000000000000e+00
1.613641164126301010e+04 3.000000000000000000e+03 4.500000000000000000e+00
1.582343929106433097e+04 3.100000000000000000e+03 4.500000000000000000e+00
1.550663460209122786e+04 3.200000000000000000e+03 4.500000000000000000e+00
1.514391794857567584e+04 3.300000000000000000e+03 4.500000000000000000e+00
1.474253937422320632e+04 3.400000000000000000e+03 4.500000000000000000e+00
1.429409723734457475e+04 3.500000000000000000e+03 4.500000000000000000e+00
1.378114093655706893e+04 3.600000000000000000e+03 4.500000000000000000e+00
1.321932125207023455e+04 3.700000000000000000e+03 4.500000000000000000e+00
1.260611747698124236e+04 3.800000000000000000e+03 4.500000000000000000e+00
1.183689958078029304e+04 3.900000000000000000e+03 4.500000000000000000e+00
1.107419155451614461e+04 4.000000000000000000e+03 4.500000000000000000e+00
