# # Chi square, temp, lg
3.805449515213490031e+03 3.900000000000000000e+03 3.500000000000000000e+00
4.744983827159521752e+03 4.000000000000000000e+03 3.500000000000000000e+00
5.699096976362852729e+03 4.100000000000000000e+03 3.500000000000000000e+00
6.650685959080682551e+03 4.200000000000000000e+03 3.500000000000000000e+00
7.803895073001311175e+03 4.300000000000000000e+03 3.500000000000000000e+00
9.049261407667530875e+03 4.400000000000000000e+03 3.500000000000000000e+00
1.031431059919937070e+04 4.500000000000000000e+03 3.500000000000000000e+00
1.194661782319083250e+04 4.600000000000000000e+03 3.500000000000000000e+00
1.341388901773247017e+04 4.700000000000000000e+03 3.500000000000000000e+00
1.517705378154076243e+04 4.800000000000000000e+03 3.500000000000000000e+00
1.677841717599464027e+04 4.900000000000000000e+03 3.500000000000000000e+00
1.888657531806900079e+04 5.000000000000000000e+03 3.500000000000000000e+00
3.894773487116025535e+03 3.900000000000000000e+03 4.000000000000000000e+00
4.785523897104757452e+03 4.000000000000000000e+03 4.000000000000000000e+00
5.750239721935069610e+03 4.100000000000000000e+03 4.000000000000000000e+00
6.780868663349191593e+03 4.200000000000000000e+03 4.000000000000000000e+00
7.888538015630047994e+03 4.300000000000000000e+03 4.000000000000000000e+00
9.053718457299430156e+03 4.400000000000000000e+03 4.000000000000000000e+00
1.049425170915959097e+04 4.500000000000000000e+03 4.000000000000000000e+00
1.197724512065449562e+04 4.600000000000000000e+03 4.000000000000000000e+00
1.349634949344137749e+04 4.700000000000000000e+03 4.000000000000000000e+00
1.521980660036069276e+04 4.800000000000000000e+03 4.000000000000000000e+00
1.714392390272257762e+04 4.900000000000000000e+03 4.000000000000000000e+00
1.909854656083576265e+04 5.000000000000000000e+03 4.000000000000000000e+00
3.898176405910383437e+03 3.900000000000000000e+03 4.500000000000000000e+00
4.635588104591879528e+03 4.000000000000000000e+03 4.500000000000000000e+00
5.606215121350620393e+03 4.100000000000000000e+03 4.500000000000000000e+00
6.512354929891950633e+03 4.200000000000000000e+03 4.500000000000000000e+00
7.832625697148424479e+03 4.300000000000000000e+03 4.500000000000000000e+00
9.019038167441831320e+03 4.400000000000000000e+03 4.500000000000000000e+00
1.041370743960701111e+04 4.500000000000000000e+03 4.500000000000000000e+00
1.189627655296694320e+04 4.600000000000000000e+03 4.500000000000000000e+00
1.356177081733990417e+04 4.700000000000000000e+03 4.500000000000000000e+00
1.531579369990992382e+04 4.800000000000000000e+03 4.500000000000000000e+00
1.706326593663059975e+04 4.900000000000000000e+03 4.500000000000000000e+00
1.883033022313394031e+04 5.000000000000000000e+03 4.500000000000000000e+00
