# # Chi square, temp, lg
6.129339907003926783e+03 4.400000000000000000e+03 3.500000000000000000e+00
7.425740117961425312e+03 4.500000000000000000e+03 3.500000000000000000e+00
8.981665778887838314e+03 4.600000000000000000e+03 3.500000000000000000e+00
1.051405177380957139e+04 4.700000000000000000e+03 3.500000000000000000e+00
1.222299646837824548e+04 4.800000000000000000e+03 3.500000000000000000e+00
1.390954357150441319e+04 4.900000000000000000e+03 3.500000000000000000e+00
1.590273766676405467e+04 5.000000000000000000e+03 3.500000000000000000e+00
1.783378861186719587e+04 5.100000000000000000e+03 3.500000000000000000e+00
2.028681230978317762e+04 5.200000000000000000e+03 3.500000000000000000e+00
2.279297126672829836e+04 5.300000000000000000e+03 3.500000000000000000e+00
2.482815792029055956e+04 5.400000000000000000e+03 3.500000000000000000e+00
2.811534023952750431e+04 5.500000000000000000e+03 3.500000000000000000e+00
6.129980795921877871e+03 4.400000000000000000e+03 4.000000000000000000e+00
7.512008419790154221e+03 4.500000000000000000e+03 4.000000000000000000e+00
9.075041187169574187e+03 4.600000000000000000e+03 4.000000000000000000e+00
1.064393978475194672e+04 4.700000000000000000e+03 4.000000000000000000e+00
1.234555355917779525e+04 4.800000000000000000e+03 4.000000000000000000e+00
1.425569364766858234e+04 4.900000000000000000e+03 4.000000000000000000e+00
1.630564805805705146e+04 5.000000000000000000e+03 4.000000000000000000e+00
1.845856288018899431e+04 5.100000000000000000e+03 4.000000000000000000e+00
2.053621469819249614e+04 5.200000000000000000e+03 4.000000000000000000e+00
2.322050283568544182e+04 5.300000000000000000e+03 4.000000000000000000e+00
2.547612259650472333e+04 5.400000000000000000e+03 4.000000000000000000e+00
2.822034792659845334e+04 5.500000000000000000e+03 4.000000000000000000e+00
6.096287561709857073e+03 4.400000000000000000e+03 4.500000000000000000e+00
7.540863321266067032e+03 4.500000000000000000e+03 4.500000000000000000e+00
9.003172685382312920e+03 4.600000000000000000e+03 4.500000000000000000e+00
1.057913740210166725e+04 4.700000000000000000e+03 4.500000000000000000e+00
1.243083340506834247e+04 4.800000000000000000e+03 4.500000000000000000e+00
1.438839198569184737e+04 4.900000000000000000e+03 4.500000000000000000e+00
1.636103065231458822e+04 5.000000000000000000e+03 4.500000000000000000e+00
1.841674121136001850e+04 5.100000000000000000e+03 4.500000000000000000e+00
2.046978918066441838e+04 5.200000000000000000e+03 4.500000000000000000e+00
2.303888327288636356e+04 5.300000000000000000e+03 4.500000000000000000e+00
2.562466046095979254e+04 5.400000000000000000e+03 4.500000000000000000e+00
2.850487661796571774e+04 5.500000000000000000e+03 4.500000000000000000e+00
