# # Chi square, temp, lg
1.246658643059667520e+04 4.400000000000000000e+03 3.500000000000000000e+00
1.129193293875419295e+04 4.500000000000000000e+03 3.500000000000000000e+00
1.011328770152242032e+04 4.600000000000000000e+03 3.500000000000000000e+00
8.790377325515793927e+03 4.700000000000000000e+03 3.500000000000000000e+00
7.769764340074750180e+03 4.800000000000000000e+03 3.500000000000000000e+00
7.026111321040478288e+03 4.900000000000000000e+03 3.500000000000000000e+00
6.820248774904629499e+03 5.000000000000000000e+03 3.500000000000000000e+00
7.136771344446435251e+03 5.100000000000000000e+03 3.500000000000000000e+00
8.091574455773183217e+03 5.200000000000000000e+03 3.500000000000000000e+00
9.976599411358116413e+03 5.300000000000000000e+03 3.500000000000000000e+00
1.219897145986977375e+04 5.400000000000000000e+03 3.500000000000000000e+00
1.457632124302379634e+04 5.500000000000000000e+03 3.500000000000000000e+00
1.238451406842795222e+04 4.400000000000000000e+03 4.000000000000000000e+00
1.126026991700291910e+04 4.500000000000000000e+03 4.000000000000000000e+00
9.905715376422878762e+03 4.600000000000000000e+03 4.000000000000000000e+00
8.818311915372334624e+03 4.700000000000000000e+03 4.000000000000000000e+00
7.600155969788710536e+03 4.800000000000000000e+03 4.000000000000000000e+00
6.788624987052232427e+03 4.900000000000000000e+03 4.000000000000000000e+00
6.517996182075862635e+03 5.000000000000000000e+03 4.000000000000000000e+00
7.085725508595411156e+03 5.100000000000000000e+03 4.000000000000000000e+00
8.696240184514135763e+03 5.200000000000000000e+03 4.000000000000000000e+00
1.025055783882616015e+04 5.300000000000000000e+03 4.000000000000000000e+00
1.235372619096450944e+04 5.400000000000000000e+03 4.000000000000000000e+00
1.509487090403125330e+04 5.500000000000000000e+03 4.000000000000000000e+00
1.236855349069068870e+04 4.400000000000000000e+03 4.500000000000000000e+00
1.111467358133142807e+04 4.500000000000000000e+03 4.500000000000000000e+00
9.790891846741122208e+03 4.600000000000000000e+03 4.500000000000000000e+00
8.566838070815800165e+03 4.700000000000000000e+03 4.500000000000000000e+00
7.523186987253296138e+03 4.800000000000000000e+03 4.500000000000000000e+00
6.705442223132035906e+03 4.900000000000000000e+03 4.500000000000000000e+00
6.565412574261162263e+03 5.000000000000000000e+03 4.500000000000000000e+00
7.448509803725395614e+03 5.100000000000000000e+03 4.500000000000000000e+00
8.706258895373153791e+03 5.200000000000000000e+03 4.500000000000000000e+00
1.064574781661593443e+04 5.300000000000000000e+03 4.500000000000000000e+00
1.241126301200128910e+04 5.400000000000000000e+03 4.500000000000000000e+00
1.597039125946903914e+04 5.500000000000000000e+03 4.500000000000000000e+00
