# # Chi square, temp, lg
2.953671655378688683e+03 3.900000000000000000e+03 3.500000000000000000e+00
3.819990631872010908e+03 4.000000000000000000e+03 3.500000000000000000e+00
4.878302368547696460e+03 4.100000000000000000e+03 3.500000000000000000e+00
5.803162240244275381e+03 4.200000000000000000e+03 3.500000000000000000e+00
7.037051546198355936e+03 4.300000000000000000e+03 3.500000000000000000e+00
8.368212923122984648e+03 4.400000000000000000e+03 3.500000000000000000e+00
9.707487493590097074e+03 4.500000000000000000e+03 3.500000000000000000e+00
1.132958320752015788e+04 4.600000000000000000e+03 3.500000000000000000e+00
1.285985863216930738e+04 4.700000000000000000e+03 3.500000000000000000e+00
1.466597408992734381e+04 4.800000000000000000e+03 3.500000000000000000e+00
1.650122381655463323e+04 4.900000000000000000e+03 3.500000000000000000e+00
1.838295485994761475e+04 5.000000000000000000e+03 3.500000000000000000e+00
3.009503686143657887e+03 3.900000000000000000e+03 4.000000000000000000e+00
3.894518194713126832e+03 4.000000000000000000e+03 4.000000000000000000e+00
4.913423497915057851e+03 4.100000000000000000e+03 4.000000000000000000e+00
6.001135970526435813e+03 4.200000000000000000e+03 4.000000000000000000e+00
7.103850303632354553e+03 4.300000000000000000e+03 4.000000000000000000e+00
8.366195714722054618e+03 4.400000000000000000e+03 4.000000000000000000e+00
9.832271656894767148e+03 4.500000000000000000e+03 4.000000000000000000e+00
1.144894106479937363e+04 4.600000000000000000e+03 4.000000000000000000e+00
1.301061417186517792e+04 4.700000000000000000e+03 4.000000000000000000e+00
1.491889029116094571e+04 4.800000000000000000e+03 4.000000000000000000e+00
1.662031748879604856e+04 4.900000000000000000e+03 4.000000000000000000e+00
1.881755245040115551e+04 5.000000000000000000e+03 4.000000000000000000e+00
3.063337751583656427e+03 3.900000000000000000e+03 4.500000000000000000e+00
3.861696300423195225e+03 4.000000000000000000e+03 4.500000000000000000e+00
4.769971964215922526e+03 4.100000000000000000e+03 4.500000000000000000e+00
5.719940151092428096e+03 4.200000000000000000e+03 4.500000000000000000e+00
7.027357344357452348e+03 4.300000000000000000e+03 4.500000000000000000e+00
8.390103734951046135e+03 4.400000000000000000e+03 4.500000000000000000e+00
9.723476519976655254e+03 4.500000000000000000e+03 4.500000000000000000e+00
1.137799843582746144e+04 4.600000000000000000e+03 4.500000000000000000e+00
1.299482165107087712e+04 4.700000000000000000e+03 4.500000000000000000e+00
1.500316641753996191e+04 4.800000000000000000e+03 4.500000000000000000e+00
1.667917547326788917e+04 4.900000000000000000e+03 4.500000000000000000e+00
1.876494531542711047e+04 5.000000000000000000e+03 4.500000000000000000e+00
