# # Chi square, temp, lg
7.868076223826921705e+03 2.900000000000000000e+03 3.500000000000000000e+00
7.596460231108268090e+03 3.000000000000000000e+03 3.500000000000000000e+00
7.285074382112128660e+03 3.100000000000000000e+03 3.500000000000000000e+00
6.983128940363594666e+03 3.200000000000000000e+03 3.500000000000000000e+00
6.604483159286581213e+03 3.300000000000000000e+03 3.500000000000000000e+00
6.170155043670562009e+03 3.400000000000000000e+03 3.500000000000000000e+00
5.721540104725384481e+03 3.500000000000000000e+03 3.500000000000000000e+00
5.191474846380253439e+03 3.600000000000000000e+03 3.500000000000000000e+00
4.613635064593605421e+03 3.700000000000000000e+03 3.500000000000000000e+00
3.894053026760100693e+03 3.800000000000000000e+03 3.500000000000000000e+00
3.191281713853483325e+03 3.900000000000000000e+03 3.500000000000000000e+00
2.332122122164266329e+03 4.000000000000000000e+03 3.500000000000000000e+00
7.832119587416602371e+03 2.900000000000000000e+03 4.000000000000000000e+00
7.559364482753215270e+03 3.000000000000000000e+03 4.000000000000000000e+00
7.254694413863549016e+03 3.100000000000000000e+03 4.000000000000000000e+00
6.886523827978712688e+03 3.200000000000000000e+03 4.000000000000000000e+00
6.514482798153265321e+03 3.300000000000000000e+03 4.000000000000000000e+00
6.109664347299730252e+03 3.400000000000000000e+03 4.000000000000000000e+00
5.595989191910875888e+03 3.500000000000000000e+03 4.000000000000000000e+00
5.084765712289986368e+03 3.600000000000000000e+03 4.000000000000000000e+00
4.491486227941154539e+03 3.700000000000000000e+03 4.000000000000000000e+00
3.799267955786237053e+03 3.800000000000000000e+03 4.000000000000000000e+00
3.111717435034225673e+03 3.900000000000000000e+03 4.000000000000000000e+00
2.277085842644708464e+03 4.000000000000000000e+03 4.000000000000000000e+00
7.835789580023551935e+03 2.900000000000000000e+03 4.500000000000000000e+00
7.562143783412711855e+03 3.000000000000000000e+03 4.500000000000000000e+00
7.217449773028695745e+03 3.100000000000000000e+03 4.500000000000000000e+00
6.866255083872030809e+03 3.200000000000000000e+03 4.500000000000000000e+00
6.475984579897030926e+03 3.300000000000000000e+03 4.500000000000000000e+00
6.051334396526853197e+03 3.400000000000000000e+03 4.500000000000000000e+00
5.575553277882240764e+03 3.500000000000000000e+03 4.500000000000000000e+00
5.032900747430402589e+03 3.600000000000000000e+03 4.500000000000000000e+00
4.467407779066639705e+03 3.700000000000000000e+03 4.500000000000000000e+00
3.795483785343264117e+03 3.800000000000000000e+03 4.500000000000000000e+00
3.034517963012510336e+03 3.900000000000000000e+03 4.500000000000000000e+00
2.336408152464357045e+03 4.000000000000000000e+03 4.500000000000000000e+00
