# # Chi square, temp, lg
5.465557361553126611e+03 3.900000000000000000e+03 3.500000000000000000e+00
6.309057331638375217e+03 4.000000000000000000e+03 3.500000000000000000e+00
7.203639019579110027e+03 4.100000000000000000e+03 3.500000000000000000e+00
8.105683532677498079e+03 4.200000000000000000e+03 3.500000000000000000e+00
9.286286166380954455e+03 4.300000000000000000e+03 3.500000000000000000e+00
1.041547097078244406e+04 4.400000000000000000e+03 3.500000000000000000e+00
1.174266088966006282e+04 4.500000000000000000e+03 3.500000000000000000e+00
1.326274210050242073e+04 4.600000000000000000e+03 3.500000000000000000e+00
1.472860775139252655e+04 4.700000000000000000e+03 3.500000000000000000e+00
1.634795523042608511e+04 4.800000000000000000e+03 3.500000000000000000e+00
1.818325856497474888e+04 4.900000000000000000e+03 3.500000000000000000e+00
2.009030671477849683e+04 5.000000000000000000e+03 3.500000000000000000e+00
5.451940329848895090e+03 3.900000000000000000e+03 4.000000000000000000e+00
6.325126785933972315e+03 4.000000000000000000e+03 4.000000000000000000e+00
7.329745336116580802e+03 4.100000000000000000e+03 4.000000000000000000e+00
8.314418064162324299e+03 4.200000000000000000e+03 4.000000000000000000e+00
9.263510606169555103e+03 4.300000000000000000e+03 4.000000000000000000e+00
1.048478705871099919e+04 4.400000000000000000e+03 4.000000000000000000e+00
1.176960509059826654e+04 4.500000000000000000e+03 4.000000000000000000e+00
1.332016523601747576e+04 4.600000000000000000e+03 4.000000000000000000e+00
1.477732942109686337e+04 4.700000000000000000e+03 4.000000000000000000e+00
1.651489656178637961e+04 4.800000000000000000e+03 4.000000000000000000e+00
1.854428691056496973e+04 4.900000000000000000e+03 4.000000000000000000e+00
2.028435919790612752e+04 5.000000000000000000e+03 4.000000000000000000e+00
5.377271847519877156e+03 3.900000000000000000e+03 4.500000000000000000e+00
6.147045926611796858e+03 4.000000000000000000e+03 4.500000000000000000e+00
7.051280230985060371e+03 4.100000000000000000e+03 4.500000000000000000e+00
7.923459136252405187e+03 4.200000000000000000e+03 4.500000000000000000e+00
9.166953119924217390e+03 4.300000000000000000e+03 4.500000000000000000e+00
1.043957097352975143e+04 4.400000000000000000e+03 4.500000000000000000e+00
1.175982788070704919e+04 4.500000000000000000e+03 4.500000000000000000e+00
1.324100050510470282e+04 4.600000000000000000e+03 4.500000000000000000e+00
1.483665294070562049e+04 4.700000000000000000e+03 4.500000000000000000e+00
1.660732601726623398e+04 4.800000000000000000e+03 4.500000000000000000e+00
1.846171894922581487e+04 4.900000000000000000e+03 4.500000000000000000e+00
2.034686581679637311e+04 5.000000000000000000e+03 4.500000000000000000e+00
