# # Chi square, temp, lg
1.851313307566445701e+03 2.900000000000000000e+03 3.500000000000000000e+00
1.553654006773974288e+03 3.000000000000000000e+03 3.500000000000000000e+00
1.256568131657594677e+03 3.100000000000000000e+03 3.500000000000000000e+00
9.808142532990939344e+02 3.200000000000000000e+03 3.500000000000000000e+00
7.857264294686871153e+02 3.300000000000000000e+03 3.500000000000000000e+00
8.301844653719963389e+02 3.400000000000000000e+03 3.500000000000000000e+00
1.116847201620429587e+03 3.500000000000000000e+03 3.500000000000000000e+00
1.624937863593819429e+03 3.600000000000000000e+03 3.500000000000000000e+00
2.248899136861775332e+03 3.700000000000000000e+03 3.500000000000000000e+00
2.951542117636101011e+03 3.800000000000000000e+03 3.500000000000000000e+00
3.669996362421469712e+03 3.900000000000000000e+03 3.500000000000000000e+00
4.609762954386160345e+03 4.000000000000000000e+03 3.500000000000000000e+00
1.804128419241300662e+03 2.900000000000000000e+03 4.000000000000000000e+00
1.546199836263617499e+03 3.000000000000000000e+03 4.000000000000000000e+00
1.274395376981093932e+03 3.100000000000000000e+03 4.000000000000000000e+00
1.001208281720798482e+03 3.200000000000000000e+03 4.000000000000000000e+00
8.656199418349070811e+02 3.300000000000000000e+03 4.000000000000000000e+00
9.591881766421852262e+02 3.400000000000000000e+03 4.000000000000000000e+00
1.290197949556695221e+03 3.500000000000000000e+03 4.000000000000000000e+00
1.762175555794826778e+03 3.600000000000000000e+03 4.000000000000000000e+00
2.302700445468789894e+03 3.700000000000000000e+03 4.000000000000000000e+00
2.993696148061660097e+03 3.800000000000000000e+03 4.000000000000000000e+00
3.761422146909520507e+03 3.900000000000000000e+03 4.000000000000000000e+00
4.651071439547486989e+03 4.000000000000000000e+03 4.000000000000000000e+00
1.808700924067611140e+03 2.900000000000000000e+03 4.500000000000000000e+00
1.538926231288937743e+03 3.000000000000000000e+03 4.500000000000000000e+00
1.266713904792064113e+03 3.100000000000000000e+03 4.500000000000000000e+00
1.030535476503197287e+03 3.200000000000000000e+03 4.500000000000000000e+00
9.261532732174168814e+02 3.300000000000000000e+03 4.500000000000000000e+00
1.044824474607818502e+03 3.400000000000000000e+03 4.500000000000000000e+00
1.341795864425732134e+03 3.500000000000000000e+03 4.500000000000000000e+00
1.837194876505609727e+03 3.600000000000000000e+03 4.500000000000000000e+00
2.389714063745699605e+03 3.700000000000000000e+03 4.500000000000000000e+00
3.010682945099713834e+03 3.800000000000000000e+03 4.500000000000000000e+00
3.769948995991898755e+03 3.900000000000000000e+03 4.500000000000000000e+00
4.502495150715248201e+03 4.000000000000000000e+03 4.500000000000000000e+00
