# # Chi square, temp, lg
3.893887937435640197e+03 3.900000000000000000e+03 3.500000000000000000e+00
4.797890492203167014e+03 4.000000000000000000e+03 3.500000000000000000e+00
5.713087657847918308e+03 4.100000000000000000e+03 3.500000000000000000e+00
6.682856273736100775e+03 4.200000000000000000e+03 3.500000000000000000e+00
7.834156132215288380e+03 4.300000000000000000e+03 3.500000000000000000e+00
9.081424281573579719e+03 4.400000000000000000e+03 3.500000000000000000e+00
1.034219077742020636e+04 4.500000000000000000e+03 3.500000000000000000e+00
1.177500224996399993e+04 4.600000000000000000e+03 3.500000000000000000e+00
1.337394186098686805e+04 4.700000000000000000e+03 3.500000000000000000e+00
1.515925946706354080e+04 4.800000000000000000e+03 3.500000000000000000e+00
1.688445355935273255e+04 4.900000000000000000e+03 3.500000000000000000e+00
1.890279085104718251e+04 5.000000000000000000e+03 3.500000000000000000e+00
3.933982717485203466e+03 3.900000000000000000e+03 4.000000000000000000e+00
4.859881875961926198e+03 4.000000000000000000e+03 4.000000000000000000e+00
5.858839328758994270e+03 4.100000000000000000e+03 4.000000000000000000e+00
6.816909855298679759e+03 4.200000000000000000e+03 4.000000000000000000e+00
7.961459142055140546e+03 4.300000000000000000e+03 4.000000000000000000e+00
9.101211476992275493e+03 4.400000000000000000e+03 4.000000000000000000e+00
1.046662929956098924e+04 4.500000000000000000e+03 4.000000000000000000e+00
1.189053613658000722e+04 4.600000000000000000e+03 4.000000000000000000e+00
1.352381238585422943e+04 4.700000000000000000e+03 4.000000000000000000e+00
1.526049528926947096e+04 4.800000000000000000e+03 4.000000000000000000e+00
1.708094056631013882e+04 4.900000000000000000e+03 4.000000000000000000e+00
1.913785810322967154e+04 5.000000000000000000e+03 4.000000000000000000e+00
3.936109844169399366e+03 3.900000000000000000e+03 4.500000000000000000e+00
4.719300522617034403e+03 4.000000000000000000e+03 4.500000000000000000e+00
5.699919637417888225e+03 4.100000000000000000e+03 4.500000000000000000e+00
6.638859791541570303e+03 4.200000000000000000e+03 4.500000000000000000e+00
7.914046842486256537e+03 4.300000000000000000e+03 4.500000000000000000e+00
9.232856188146080967e+03 4.400000000000000000e+03 4.500000000000000000e+00
1.056403117228896554e+04 4.500000000000000000e+03 4.500000000000000000e+00
1.202559400298800938e+04 4.600000000000000000e+03 4.500000000000000000e+00
1.352027991411892435e+04 4.700000000000000000e+03 4.500000000000000000e+00
1.526435770864373444e+04 4.800000000000000000e+03 4.500000000000000000e+00
1.727884107576838505e+04 4.900000000000000000e+03 4.500000000000000000e+00
1.916321434329767362e+04 5.000000000000000000e+03 4.500000000000000000e+00
