# # Chi square, temp, lg
1.887234659794967683e+03 3.900000000000000000e+03 3.500000000000000000e+00
1.386691766000196594e+03 4.000000000000000000e+03 3.500000000000000000e+00
1.499196164872336794e+03 4.100000000000000000e+03 3.500000000000000000e+00
2.102155721699766673e+03 4.200000000000000000e+03 3.500000000000000000e+00
3.146830748630878588e+03 4.300000000000000000e+03 3.500000000000000000e+00
4.397532941997283160e+03 4.400000000000000000e+03 3.500000000000000000e+00
5.634162488418649446e+03 4.500000000000000000e+03 3.500000000000000000e+00
7.115572708530399723e+03 4.600000000000000000e+03 3.500000000000000000e+00
8.621869573520811173e+03 4.700000000000000000e+03 3.500000000000000000e+00
1.046268108387163375e+04 4.800000000000000000e+03 3.500000000000000000e+00
1.219400402021463924e+04 4.900000000000000000e+03 3.500000000000000000e+00
1.428152518377813431e+04 5.000000000000000000e+03 3.500000000000000000e+00
1.911824974580963044e+03 3.900000000000000000e+03 4.000000000000000000e+00
1.385347381606224644e+03 4.000000000000000000e+03 4.000000000000000000e+00
1.481417373562387183e+03 4.100000000000000000e+03 4.000000000000000000e+00
2.110809072296685372e+03 4.200000000000000000e+03 4.000000000000000000e+00
3.170572339440853739e+03 4.300000000000000000e+03 4.000000000000000000e+00
4.283293639084981805e+03 4.400000000000000000e+03 4.000000000000000000e+00
5.662264058095984183e+03 4.500000000000000000e+03 4.000000000000000000e+00
7.195924336113337631e+03 4.600000000000000000e+03 4.000000000000000000e+00
8.692864035470855015e+03 4.700000000000000000e+03 4.000000000000000000e+00
1.036771201851435035e+04 4.800000000000000000e+03 4.000000000000000000e+00
1.224531205797696020e+04 4.900000000000000000e+03 4.000000000000000000e+00
1.435063543840450802e+04 5.000000000000000000e+03 4.000000000000000000e+00
2.038417253289154132e+03 3.900000000000000000e+03 4.500000000000000000e+00
1.568808732767230822e+03 4.000000000000000000e+03 4.500000000000000000e+00
1.491310265346157621e+03 4.100000000000000000e+03 4.500000000000000000e+00
1.990779303056722711e+03 4.200000000000000000e+03 4.500000000000000000e+00
3.060952898147392261e+03 4.300000000000000000e+03 4.500000000000000000e+00
4.311095999957524327e+03 4.400000000000000000e+03 4.500000000000000000e+00
5.638709625183485514e+03 4.500000000000000000e+03 4.500000000000000000e+00
7.172173980388586642e+03 4.600000000000000000e+03 4.500000000000000000e+00
8.692716858924806729e+03 4.700000000000000000e+03 4.500000000000000000e+00
1.053972606862436442e+04 4.800000000000000000e+03 4.500000000000000000e+00
1.224030196709228221e+04 4.900000000000000000e+03 4.500000000000000000e+00
1.412807725210957506e+04 5.000000000000000000e+03 4.500000000000000000e+00
