# # Chi square, temp, lg
3.872598440940054843e+03 3.900000000000000000e+03 3.500000000000000000e+00
4.810637134304161009e+03 4.000000000000000000e+03 3.500000000000000000e+00
5.763433216039578838e+03 4.100000000000000000e+03 3.500000000000000000e+00
6.714019703961904270e+03 4.200000000000000000e+03 3.500000000000000000e+00
7.866216122028140489e+03 4.300000000000000000e+03 3.500000000000000000e+00
9.110230398168047032e+03 4.400000000000000000e+03 3.500000000000000000e+00
1.037412103685232978e+04 4.500000000000000000e+03 3.500000000000000000e+00
1.200474164941934214e+04 4.600000000000000000e+03 3.500000000000000000e+00
1.347140627312779543e+04 4.700000000000000000e+03 3.500000000000000000e+00
1.523324153138871770e+04 4.800000000000000000e+03 3.500000000000000000e+00
1.683385481218014684e+04 4.900000000000000000e+03 3.500000000000000000e+00
1.894057545127577396e+04 5.000000000000000000e+03 3.500000000000000000e+00
3.960262729942608530e+03 3.900000000000000000e+03 4.000000000000000000e+00
4.850856727637278709e+03 4.000000000000000000e+03 4.000000000000000000e+00
5.815410927138266743e+03 4.100000000000000000e+03 4.000000000000000000e+00
6.845131372633863066e+03 4.200000000000000000e+03 4.000000000000000000e+00
7.951372808910658932e+03 4.300000000000000000e+03 4.000000000000000000e+00
9.115284244605145432e+03 4.400000000000000000e+03 4.000000000000000000e+00
1.055440887309507525e+04 4.500000000000000000e+03 4.000000000000000000e+00
1.203612012517381481e+04 4.600000000000000000e+03 4.000000000000000000e+00
1.355437313712461400e+04 4.700000000000000000e+03 4.000000000000000000e+00
1.527653972093072662e+04 4.800000000000000000e+03 4.000000000000000000e+00
1.719927046698973572e+04 4.900000000000000000e+03 4.000000000000000000e+00
1.915291577060135023e+04 5.000000000000000000e+03 4.000000000000000000e+00
3.960580715305466128e+03 3.900000000000000000e+03 4.500000000000000000e+00
4.699582970388023568e+03 4.000000000000000000e+03 4.500000000000000000e+00
5.670361780016014563e+03 4.100000000000000000e+03 4.500000000000000000e+00
6.576366451185552251e+03 4.200000000000000000e+03 4.500000000000000000e+00
7.895701979576795566e+03 4.300000000000000000e+03 4.500000000000000000e+00
9.081527146960710525e+03 4.400000000000000000e+03 4.500000000000000000e+00
1.047471183558680423e+04 4.500000000000000000e+03 4.500000000000000000e+00
1.195605407814421415e+04 4.600000000000000000e+03 4.500000000000000000e+00
1.361998739565617507e+04 4.700000000000000000e+03 4.500000000000000000e+00
1.537282214931626731e+04 4.800000000000000000e+03 4.500000000000000000e+00
1.711922881262406008e+04 4.900000000000000000e+03 4.500000000000000000e+00
1.888556248307968417e+04 5.000000000000000000e+03 4.500000000000000000e+00
