# # Chi square, temp, lg
2.082273607099178116e+04 3.400000000000000000e+03 3.500000000000000000e+00
2.038113625472877538e+04 3.500000000000000000e+03 3.500000000000000000e+00
1.980554552283725934e+04 3.600000000000000000e+03 3.500000000000000000e+00
1.919211729761569950e+04 3.700000000000000000e+03 3.500000000000000000e+00
1.846707345260023067e+04 3.800000000000000000e+03 3.500000000000000000e+00
1.763355565963044501e+04 3.900000000000000000e+03 3.500000000000000000e+00
1.673335808082215590e+04 4.000000000000000000e+03 3.500000000000000000e+00
1.574856749216611752e+04 4.100000000000000000e+03 3.500000000000000000e+00
1.478999942290916260e+04 4.200000000000000000e+03 3.500000000000000000e+00
1.361573762331574653e+04 4.300000000000000000e+03 3.500000000000000000e+00
1.246658643059667520e+04 4.400000000000000000e+03 3.500000000000000000e+00
1.129193293875419295e+04 4.500000000000000000e+03 3.500000000000000000e+00
2.076197626493529606e+04 3.400000000000000000e+03 4.000000000000000000e+00
2.025073749131734439e+04 3.500000000000000000e+03 4.000000000000000000e+00
1.971300248206339529e+04 3.600000000000000000e+03 4.000000000000000000e+00
1.904213138479423287e+04 3.700000000000000000e+03 4.000000000000000000e+00
1.838126268411805358e+04 3.800000000000000000e+03 4.000000000000000000e+00
1.756645625638969796e+04 3.900000000000000000e+03 4.000000000000000000e+00
1.670330792335599835e+04 4.000000000000000000e+03 4.000000000000000000e+00
1.564107073019813470e+04 4.100000000000000000e+03 4.000000000000000000e+00
1.461099185662979289e+04 4.200000000000000000e+03 4.000000000000000000e+00
1.362971105408840958e+04 4.300000000000000000e+03 4.000000000000000000e+00
1.238451406842795222e+04 4.400000000000000000e+03 4.000000000000000000e+00
1.126026991700291910e+04 4.500000000000000000e+03 4.000000000000000000e+00
2.069684131714314572e+04 3.400000000000000000e+03 4.500000000000000000e+00
2.021480809796165704e+04 3.500000000000000000e+03 4.500000000000000000e+00
1.963354739844100186e+04 3.600000000000000000e+03 4.500000000000000000e+00
1.903250632574442716e+04 3.700000000000000000e+03 4.500000000000000000e+00
1.838911653485078568e+04 3.800000000000000000e+03 4.500000000000000000e+00
1.760760901753191865e+04 3.900000000000000000e+03 4.500000000000000000e+00
1.680377372144177207e+04 4.000000000000000000e+03 4.500000000000000000e+00
1.580601873034881646e+04 4.100000000000000000e+03 4.500000000000000000e+00
1.489355937318081124e+04 4.200000000000000000e+03 4.500000000000000000e+00
1.359609313366515926e+04 4.300000000000000000e+03 4.500000000000000000e+00
1.236855349069068870e+04 4.400000000000000000e+03 4.500000000000000000e+00
1.111467358133142807e+04 4.500000000000000000e+03 4.500000000000000000e+00
