# # Chi square, temp, lg
1.772881749702581146e+04 3.000000000000000000e+03 3.000000000000000000e+00
1.772881749702581146e+04 3.050000000000000000e+03 3.000000000000000000e+00
1.751525308979347756e+04 3.100000000000000000e+03 3.000000000000000000e+00
1.751525308979347756e+04 3.150000000000000000e+03 3.000000000000000000e+00
1.725068924314913238e+04 3.200000000000000000e+03 3.000000000000000000e+00
1.725068924314913238e+04 3.250000000000000000e+03 3.000000000000000000e+00
1.700516045635648334e+04 3.300000000000000000e+03 3.000000000000000000e+00
1.700516045635648334e+04 3.350000000000000000e+03 3.000000000000000000e+00
1.670371391241395395e+04 3.400000000000000000e+03 3.000000000000000000e+00
1.670371391241395395e+04 3.450000000000000000e+03 3.000000000000000000e+00
1.632418323758581573e+04 3.500000000000000000e+03 3.000000000000000000e+00
1.632418323758581573e+04 3.550000000000000000e+03 3.000000000000000000e+00
1.582352230791810689e+04 3.600000000000000000e+03 3.000000000000000000e+00
1.582352230791810689e+04 3.650000000000000000e+03 3.000000000000000000e+00
1.521563463299964860e+04 3.700000000000000000e+03 3.000000000000000000e+00
1.521563463299964860e+04 3.750000000000000000e+03 3.000000000000000000e+00
1.457235077570991416e+04 3.800000000000000000e+03 3.000000000000000000e+00
1.457235077570991416e+04 3.850000000000000000e+03 3.000000000000000000e+00
1.380412728232336667e+04 3.900000000000000000e+03 3.000000000000000000e+00
1.380412728232336667e+04 3.950000000000000000e+03 3.000000000000000000e+00
1.766952667514513087e+04 3.000000000000000000e+03 3.500000000000000000e+00
1.766952667514513087e+04 3.050000000000000000e+03 3.500000000000000000e+00
1.741367919424475258e+04 3.100000000000000000e+03 3.500000000000000000e+00
1.741367919424475258e+04 3.150000000000000000e+03 3.500000000000000000e+00
1.714196012381425680e+04 3.200000000000000000e+03 3.500000000000000000e+00
1.714196012381425680e+04 3.250000000000000000e+03 3.500000000000000000e+00
1.679859551055757765e+04 3.300000000000000000e+03 3.500000000000000000e+00
1.679859551055757765e+04 3.350000000000000000e+03 3.500000000000000000e+00
1.644669200533573530e+04 3.400000000000000000e+03 3.500000000000000000e+00
1.644669200533573530e+04 3.450000000000000000e+03 3.500000000000000000e+00
1.601499778021963539e+04 3.500000000000000000e+03 3.500000000000000000e+00
1.601499778021963539e+04 3.550000000000000000e+03 3.500000000000000000e+00
1.553819004566774674e+04 3.600000000000000000e+03 3.500000000000000000e+00
1.553819004566774674e+04 3.650000000000000000e+03 3.500000000000000000e+00
1.498856264549921798e+04 3.700000000000000000e+03 3.500000000000000000e+00
1.498856264549921798e+04 3.750000000000000000e+03 3.500000000000000000e+00
1.424709662212912735e+04 3.800000000000000000e+03 3.500000000000000000e+00
1.424709662212912735e+04 3.850000000000000000e+03 3.500000000000000000e+00
1.349758022641987191e+04 3.900000000000000000e+03 3.500000000000000000e+00
1.349758022641987191e+04 3.950000000000000000e+03 3.500000000000000000e+00
1.763270043053010522e+04 3.000000000000000000e+03 4.000000000000000000e+00
1.763270043053010522e+04 3.050000000000000000e+03 4.000000000000000000e+00
1.735224207913943974e+04 3.100000000000000000e+03 4.000000000000000000e+00
1.735224207913943974e+04 3.150000000000000000e+03 4.000000000000000000e+00
1.703993545722712224e+04 3.200000000000000000e+03 4.000000000000000000e+00
1.703993545722712224e+04 3.250000000000000000e+03 4.000000000000000000e+00
1.673061180728342879e+04 3.300000000000000000e+03 4.000000000000000000e+00
1.673061180728342879e+04 3.350000000000000000e+03 4.000000000000000000e+00
1.635224921821003045e+04 3.400000000000000000e+03 4.000000000000000000e+00
1.635224921821003045e+04 3.450000000000000000e+03 4.000000000000000000e+00
1.588841258740429657e+04 3.500000000000000000e+03 4.000000000000000000e+00
1.588841258740429657e+04 3.550000000000000000e+03 4.000000000000000000e+00
1.541553387677140381e+04 3.600000000000000000e+03 4.000000000000000000e+00
1.541553387677140381e+04 3.650000000000000000e+03 4.000000000000000000e+00
1.483710043258022779e+04 3.700000000000000000e+03 4.000000000000000000e+00
1.483710043258022779e+04 3.750000000000000000e+03 4.000000000000000000e+00
1.420160734586251965e+04 3.800000000000000000e+03 4.000000000000000000e+00
1.420160734586251965e+04 3.850000000000000000e+03 4.000000000000000000e+00
1.345107481078741330e+04 3.900000000000000000e+03 4.000000000000000000e+00
1.345107481078741330e+04 3.950000000000000000e+03 4.000000000000000000e+00
