# # Chi square, temp, lg
1.199990671632666999e+04 4.900000000000000000e+03 3.500000000000000000e+00
1.388824521122090664e+04 5.000000000000000000e+03 3.500000000000000000e+00
1.592930843334136989e+04 5.100000000000000000e+03 3.500000000000000000e+00
1.840551709571202082e+04 5.200000000000000000e+03 3.500000000000000000e+00
2.074186547888453424e+04 5.300000000000000000e+03 3.500000000000000000e+00
2.327755555584931062e+04 5.400000000000000000e+03 3.500000000000000000e+00
2.631708235180223710e+04 5.500000000000000000e+03 3.500000000000000000e+00
2.927398663862819012e+04 5.600000000000000000e+03 3.500000000000000000e+00
3.239213465273012844e+04 5.700000000000000000e+03 3.500000000000000000e+00
3.611164888879536011e+04 5.800000000000000000e+03 3.500000000000000000e+00
3.939176702327748353e+04 5.900000000000000000e+03 3.500000000000000000e+00
4.329332925272479770e+04 6.000000000000000000e+03 3.500000000000000000e+00
1.211627015485926495e+04 4.900000000000000000e+03 4.000000000000000000e+00
1.408641459742803272e+04 5.000000000000000000e+03 4.000000000000000000e+00
1.617242680005452530e+04 5.100000000000000000e+03 4.000000000000000000e+00
1.832795897537206838e+04 5.200000000000000000e+03 4.000000000000000000e+00
2.088005153947308281e+04 5.300000000000000000e+03 4.000000000000000000e+00
2.338040030036188182e+04 5.400000000000000000e+03 4.000000000000000000e+00
2.646548779354791623e+04 5.500000000000000000e+03 4.000000000000000000e+00
2.905784852904932268e+04 5.600000000000000000e+03 4.000000000000000000e+00
3.202666108099061239e+04 5.700000000000000000e+03 4.000000000000000000e+00
3.523889727675767062e+04 5.800000000000000000e+03 4.000000000000000000e+00
3.903337323133769678e+04 5.900000000000000000e+03 4.000000000000000000e+00
4.355322406065685209e+04 6.000000000000000000e+03 4.000000000000000000e+00
1.198905868465220556e+04 4.900000000000000000e+03 4.500000000000000000e+00
1.401014517657876968e+04 5.000000000000000000e+03 4.500000000000000000e+00
1.605796666296658259e+04 5.100000000000000000e+03 4.500000000000000000e+00
1.829394150231544336e+04 5.200000000000000000e+03 4.500000000000000000e+00
2.068808978161527921e+04 5.300000000000000000e+03 4.500000000000000000e+00
2.300450247910978214e+04 5.400000000000000000e+03 4.500000000000000000e+00
2.576433373709897569e+04 5.500000000000000000e+03 4.500000000000000000e+00
2.911713657297673490e+04 5.600000000000000000e+03 4.500000000000000000e+00
3.246935953578624685e+04 5.700000000000000000e+03 4.500000000000000000e+00
3.552814842125397263e+04 5.800000000000000000e+03 4.500000000000000000e+00
3.927112736057542497e+04 5.900000000000000000e+03 4.500000000000000000e+00
4.328908061100116174e+04 6.000000000000000000e+03 4.500000000000000000e+00
