# # Chi square, temp, lg
1.149611277789481392e+03 2.900000000000000000e+03 3.500000000000000000e+00
8.358938618929159929e+02 3.000000000000000000e+03 3.500000000000000000e+00
5.295594058174073098e+02 3.100000000000000000e+03 3.500000000000000000e+00
3.040028914802122131e+02 3.200000000000000000e+03 3.500000000000000000e+00
4.361790496860151052e+02 3.300000000000000000e+03 3.500000000000000000e+00
8.571739302431951728e+02 3.400000000000000000e+03 3.500000000000000000e+00
1.314987436690510094e+03 3.500000000000000000e+03 3.500000000000000000e+00
1.873780213431962238e+03 3.600000000000000000e+03 3.500000000000000000e+00
2.472765005453514277e+03 3.700000000000000000e+03 3.500000000000000000e+00
3.176796643205839246e+03 3.800000000000000000e+03 3.500000000000000000e+00
3.953609229593943837e+03 3.900000000000000000e+03 3.500000000000000000e+00
4.817535662632402818e+03 4.000000000000000000e+03 3.500000000000000000e+00
1.110556808143069247e+03 2.900000000000000000e+03 4.000000000000000000e+00
8.148499026627883950e+02 3.000000000000000000e+03 4.000000000000000000e+00
5.435025887735492915e+02 3.100000000000000000e+03 4.000000000000000000e+00
3.346495327561009958e+02 3.200000000000000000e+03 4.000000000000000000e+00
5.073255734966183468e+02 3.300000000000000000e+03 4.000000000000000000e+00
9.015787634513839066e+02 3.400000000000000000e+03 4.000000000000000000e+00
1.391248950395282691e+03 3.500000000000000000e+03 4.000000000000000000e+00
1.930762602642464572e+03 3.600000000000000000e+03 4.000000000000000000e+00
2.529860353887011115e+03 3.700000000000000000e+03 4.000000000000000000e+00
3.224587904710900602e+03 3.800000000000000000e+03 4.000000000000000000e+00
3.989749752832913146e+03 3.900000000000000000e+03 4.000000000000000000e+00
4.890034707064944996e+03 4.000000000000000000e+03 4.000000000000000000e+00
1.103892610547014556e+03 2.900000000000000000e+03 4.500000000000000000e+00
8.218770712210796319e+02 3.000000000000000000e+03 4.500000000000000000e+00
5.311819580060116550e+02 3.100000000000000000e+03 4.500000000000000000e+00
3.871742054564756472e+02 3.200000000000000000e+03 4.500000000000000000e+00
5.755103485817571709e+02 3.300000000000000000e+03 4.500000000000000000e+00
9.755647130076932854e+02 3.400000000000000000e+03 4.500000000000000000e+00
1.437702212159940473e+03 3.500000000000000000e+03 4.500000000000000000e+00
1.990389098680909910e+03 3.600000000000000000e+03 4.500000000000000000e+00
2.548866514948760141e+03 3.700000000000000000e+03 4.500000000000000000e+00
3.218201298059502733e+03 3.800000000000000000e+03 4.500000000000000000e+00
3.980163424244247835e+03 3.900000000000000000e+03 4.500000000000000000e+00
4.797594415017670144e+03 4.000000000000000000e+03 4.500000000000000000e+00
