# # Chi square, temp, lg
2.372657109571961428e+03 3.900000000000000000e+03 3.500000000000000000e+00
3.180669446210996284e+03 4.000000000000000000e+03 3.500000000000000000e+00
4.072970233540974277e+03 4.100000000000000000e+03 3.500000000000000000e+00
5.048709925913204643e+03 4.200000000000000000e+03 3.500000000000000000e+00
6.253692505559307392e+03 4.300000000000000000e+03 3.500000000000000000e+00
7.456159969191779965e+03 4.400000000000000000e+03 3.500000000000000000e+00
8.817244056661322247e+03 4.500000000000000000e+03 3.500000000000000000e+00
1.025846657130004132e+04 4.600000000000000000e+03 3.500000000000000000e+00
1.183214888867183618e+04 4.700000000000000000e+03 3.500000000000000000e+00
1.364973741400096515e+04 4.800000000000000000e+03 3.500000000000000000e+00
1.530030592761378466e+04 4.900000000000000000e+03 3.500000000000000000e+00
1.729860096547095964e+04 5.000000000000000000e+03 3.500000000000000000e+00
2.427306485645159682e+03 3.900000000000000000e+03 4.000000000000000000e+00
3.212618745916746775e+03 4.000000000000000000e+03 4.000000000000000000e+00
4.201833107644978554e+03 4.100000000000000000e+03 4.000000000000000000e+00
5.187523320650582718e+03 4.200000000000000000e+03 4.000000000000000000e+00
6.202549035942161936e+03 4.300000000000000000e+03 4.000000000000000000e+00
7.433876748538491483e+03 4.400000000000000000e+03 4.000000000000000000e+00
8.836514380767283001e+03 4.500000000000000000e+03 4.000000000000000000e+00
1.037324956693965578e+04 4.600000000000000000e+03 4.000000000000000000e+00
1.186780836320912749e+04 4.700000000000000000e+03 4.000000000000000000e+00
1.363458964178708084e+04 4.800000000000000000e+03 4.000000000000000000e+00
1.538347844864082072e+04 4.900000000000000000e+03 4.000000000000000000e+00
1.761553962193652478e+04 5.000000000000000000e+03 4.000000000000000000e+00
2.582461533748797592e+03 3.900000000000000000e+03 4.500000000000000000e+00
3.215567247673452130e+03 4.000000000000000000e+03 4.500000000000000000e+00
4.005750621373451850e+03 4.100000000000000000e+03 4.500000000000000000e+00
4.990077931772755619e+03 4.200000000000000000e+03 4.500000000000000000e+00
6.194797618167347537e+03 4.300000000000000000e+03 4.500000000000000000e+00
7.339778818910495829e+03 4.400000000000000000e+03 4.500000000000000000e+00
8.840007293931825188e+03 4.500000000000000000e+03 4.500000000000000000e+00
1.039952796011680584e+04 4.600000000000000000e+03 4.500000000000000000e+00
1.199687372660000801e+04 4.700000000000000000e+03 4.500000000000000000e+00
1.371630576417453813e+04 4.800000000000000000e+03 4.500000000000000000e+00
1.559512621604143169e+04 4.900000000000000000e+03 4.500000000000000000e+00
1.743138196212912226e+04 5.000000000000000000e+03 4.500000000000000000e+00
