# # Chi square, temp, lg
1.188705158865511476e+04 3.900000000000000000e+03 3.500000000000000000e+00
1.103974078795326932e+04 4.000000000000000000e+03 3.500000000000000000e+00
1.003603541138686523e+04 4.100000000000000000e+03 3.500000000000000000e+00
9.160333367305294814e+03 4.200000000000000000e+03 3.500000000000000000e+00
8.015137630857881959e+03 4.300000000000000000e+03 3.500000000000000000e+00
6.848064674051509428e+03 4.400000000000000000e+03 3.500000000000000000e+00
5.550301253215405268e+03 4.500000000000000000e+03 3.500000000000000000e+00
4.432902175961107787e+03 4.600000000000000000e+03 3.500000000000000000e+00
3.535689252496691552e+03 4.700000000000000000e+03 3.500000000000000000e+00
3.133340967176409322e+03 4.800000000000000000e+03 3.500000000000000000e+00
3.725510612954022235e+03 4.900000000000000000e+03 3.500000000000000000e+00
5.288155998310253381e+03 5.000000000000000000e+03 3.500000000000000000e+00
1.185979771850031102e+04 3.900000000000000000e+03 4.000000000000000000e+00
1.096675334403927809e+04 4.000000000000000000e+03 4.000000000000000000e+00
1.000190329161506452e+04 4.100000000000000000e+03 4.000000000000000000e+00
9.080102663953803130e+03 4.200000000000000000e+03 4.000000000000000000e+00
8.034650942390963792e+03 4.300000000000000000e+03 4.000000000000000000e+00
6.945483932540243586e+03 4.400000000000000000e+03 4.000000000000000000e+00
5.716864883823876880e+03 4.500000000000000000e+03 4.000000000000000000e+00
4.495758870798908902e+03 4.600000000000000000e+03 4.000000000000000000e+00
3.474147832080579064e+03 4.700000000000000000e+03 4.000000000000000000e+00
3.244694160956344149e+03 4.800000000000000000e+03 4.000000000000000000e+00
4.011234044302606435e+03 4.900000000000000000e+03 4.000000000000000000e+00
5.549971628237351979e+03 5.000000000000000000e+03 4.000000000000000000e+00
1.183689958078029304e+04 3.900000000000000000e+03 4.500000000000000000e+00
1.107419155451614461e+04 4.000000000000000000e+03 4.500000000000000000e+00
1.019940969327300081e+04 4.100000000000000000e+03 4.500000000000000000e+00
9.265229252092711249e+03 4.200000000000000000e+03 4.500000000000000000e+00
8.095985839888419832e+03 4.300000000000000000e+03 4.500000000000000000e+00
6.884329007187686329e+03 4.400000000000000000e+03 4.500000000000000000e+00
5.754191847713391326e+03 4.500000000000000000e+03 4.500000000000000000e+00
4.568794930870392818e+03 4.600000000000000000e+03 4.500000000000000000e+00
3.593294998215231772e+03 4.700000000000000000e+03 4.500000000000000000e+00
3.310331218763358265e+03 4.800000000000000000e+03 4.500000000000000000e+00
4.175177173800448145e+03 4.900000000000000000e+03 4.500000000000000000e+00
5.460810363470282937e+03 5.000000000000000000e+03 4.500000000000000000e+00
