# # Chi square, temp, lg
5.397806692876980378e+03 2.900000000000000000e+03 3.500000000000000000e+00
5.093764105913907770e+03 3.000000000000000000e+03 3.500000000000000000e+00
4.786182924558197556e+03 3.100000000000000000e+03 3.500000000000000000e+00
4.446170781694453581e+03 3.200000000000000000e+03 3.500000000000000000e+00
4.061960763428163773e+03 3.300000000000000000e+03 3.500000000000000000e+00
3.624227933602394842e+03 3.400000000000000000e+03 3.500000000000000000e+00
3.182562707093848076e+03 3.500000000000000000e+03 3.500000000000000000e+00
2.654600937996834091e+03 3.600000000000000000e+03 3.500000000000000000e+00
2.136274974082792596e+03 3.700000000000000000e+03 3.500000000000000000e+00
1.420947362713471648e+03 3.800000000000000000e+03 3.500000000000000000e+00
8.179589324592251387e+02 3.900000000000000000e+03 3.500000000000000000e+00
8.211547571230061067e+02 4.000000000000000000e+03 3.500000000000000000e+00
5.337370475908316621e+03 2.900000000000000000e+03 4.000000000000000000e+00
5.063757185900834884e+03 3.000000000000000000e+03 4.000000000000000000e+00
4.735817972197878589e+03 3.100000000000000000e+03 4.000000000000000000e+00
4.383853212418349358e+03 3.200000000000000000e+03 4.000000000000000000e+00
3.999302830445326890e+03 3.300000000000000000e+03 4.000000000000000000e+00
3.576971102250725835e+03 3.400000000000000000e+03 4.000000000000000000e+00
3.062038674244146023e+03 3.500000000000000000e+03 4.000000000000000000e+00
2.555629927190426770e+03 3.600000000000000000e+03 4.000000000000000000e+00
1.979048832837613872e+03 3.700000000000000000e+03 4.000000000000000000e+00
1.337778904178033599e+03 3.800000000000000000e+03 4.000000000000000000e+00
8.039237076949336824e+02 3.900000000000000000e+03 4.000000000000000000e+00
8.461664323550157860e+02 4.000000000000000000e+03 4.000000000000000000e+00
5.350702168096808236e+03 2.900000000000000000e+03 4.500000000000000000e+00
5.056721998340871323e+03 3.000000000000000000e+03 4.500000000000000000e+00
4.698177612627690905e+03 3.100000000000000000e+03 4.500000000000000000e+00
4.342789547495711304e+03 3.200000000000000000e+03 4.500000000000000000e+00
3.956618915990467030e+03 3.300000000000000000e+03 4.500000000000000000e+00
3.518120327597332562e+03 3.400000000000000000e+03 4.500000000000000000e+00
3.041128509914371534e+03 3.500000000000000000e+03 4.500000000000000000e+00
2.528502441868621645e+03 3.600000000000000000e+03 4.500000000000000000e+00
1.963875998970105684e+03 3.700000000000000000e+03 4.500000000000000000e+00
1.347310049248000041e+03 3.800000000000000000e+03 4.500000000000000000e+00
8.275996052002877832e+02 3.900000000000000000e+03 4.500000000000000000e+00
7.886371590363345376e+02 4.000000000000000000e+03 4.500000000000000000e+00
