# # Chi square, temp, lg
7.491289026382775774e+03 3.900000000000000000e+03 3.500000000000000000e+00
6.691399186236331843e+03 4.000000000000000000e+03 3.500000000000000000e+00
5.911327802502713894e+03 4.100000000000000000e+03 3.500000000000000000e+00
5.195690758549489146e+03 4.200000000000000000e+03 3.500000000000000000e+00
4.504681404616048894e+03 4.300000000000000000e+03 3.500000000000000000e+00
4.048494488915481270e+03 4.400000000000000000e+03 3.500000000000000000e+00
3.928138078856818083e+03 4.500000000000000000e+03 3.500000000000000000e+00
4.365601931907811377e+03 4.600000000000000000e+03 3.500000000000000000e+00
5.272506048134176126e+03 4.700000000000000000e+03 3.500000000000000000e+00
6.688762608004397407e+03 4.800000000000000000e+03 3.500000000000000000e+00
8.170140296022818802e+03 4.900000000000000000e+03 3.500000000000000000e+00
1.013617941267013521e+04 5.000000000000000000e+03 3.500000000000000000e+00
7.496972695695911170e+03 3.900000000000000000e+03 4.000000000000000000e+00
6.682628228247144762e+03 4.000000000000000000e+03 4.000000000000000000e+00
5.857362947131947294e+03 4.100000000000000000e+03 4.000000000000000000e+00
5.059664726149601847e+03 4.200000000000000000e+03 4.000000000000000000e+00
4.373045937250968564e+03 4.300000000000000000e+03 4.000000000000000000e+00
3.896703629728158376e+03 4.400000000000000000e+03 4.000000000000000000e+00
3.841681675648844248e+03 4.500000000000000000e+03 4.000000000000000000e+00
4.345092450285626001e+03 4.600000000000000000e+03 4.000000000000000000e+00
5.254351571049438462e+03 4.700000000000000000e+03 4.000000000000000000e+00
6.494516013942658901e+03 4.800000000000000000e+03 4.000000000000000000e+00
8.120483425484975669e+03 4.900000000000000000e+03 4.000000000000000000e+00
1.010716506074825520e+04 5.000000000000000000e+03 4.000000000000000000e+00
7.581301583677926828e+03 3.900000000000000000e+03 4.500000000000000000e+00
6.853442546649733231e+03 4.000000000000000000e+03 4.500000000000000000e+00
6.012153819165768255e+03 4.100000000000000000e+03 4.500000000000000000e+00
5.271883385582471419e+03 4.200000000000000000e+03 4.500000000000000000e+00
4.399513152606614312e+03 4.300000000000000000e+03 4.500000000000000000e+00
3.844460829598855980e+03 4.400000000000000000e+03 4.500000000000000000e+00
3.756156595789581388e+03 4.500000000000000000e+03 4.500000000000000000e+00
4.242300588054979926e+03 4.600000000000000000e+03 4.500000000000000000e+00
5.132030234363049203e+03 4.700000000000000000e+03 4.500000000000000000e+00
6.597942289673091182e+03 4.800000000000000000e+03 4.500000000000000000e+00
8.064876001197978439e+03 4.900000000000000000e+03 4.500000000000000000e+00
9.781281796912084246e+03 5.000000000000000000e+03 4.500000000000000000e+00
