# # Chi square, temp, lg
3.999862572656048087e+03 3.900000000000000000e+03 3.500000000000000000e+00
4.897608930364096523e+03 4.000000000000000000e+03 3.500000000000000000e+00
5.904715438940673266e+03 4.100000000000000000e+03 3.500000000000000000e+00
6.880840340242433740e+03 4.200000000000000000e+03 3.500000000000000000e+00
8.088982439404731849e+03 4.300000000000000000e+03 3.500000000000000000e+00
9.339617961049589212e+03 4.400000000000000000e+03 3.500000000000000000e+00
1.072795547023665495e+04 4.500000000000000000e+03 3.500000000000000000e+00
1.224095927889655104e+04 4.600000000000000000e+03 3.500000000000000000e+00
1.373984036231749633e+04 4.700000000000000000e+03 3.500000000000000000e+00
1.569990011245405913e+04 4.800000000000000000e+03 3.500000000000000000e+00
1.762447769039613559e+04 4.900000000000000000e+03 3.500000000000000000e+00
1.963998882280616453e+04 5.000000000000000000e+03 3.500000000000000000e+00
4.040254698447263763e+03 3.900000000000000000e+03 4.000000000000000000e+00
4.958842848901402249e+03 4.000000000000000000e+03 4.000000000000000000e+00
6.030048295611322828e+03 4.100000000000000000e+03 4.000000000000000000e+00
7.082087626712325800e+03 4.200000000000000000e+03 4.000000000000000000e+00
8.179608062432498627e+03 4.300000000000000000e+03 4.000000000000000000e+00
9.367385054227095679e+03 4.400000000000000000e+03 4.000000000000000000e+00
1.086680393101232221e+04 4.500000000000000000e+03 4.000000000000000000e+00
1.234776285921881026e+04 4.600000000000000000e+03 4.000000000000000000e+00
1.403054899492420554e+04 4.700000000000000000e+03 4.000000000000000000e+00
1.589376266179764389e+04 4.800000000000000000e+03 4.000000000000000000e+00
1.762636844055777328e+04 4.900000000000000000e+03 4.000000000000000000e+00
1.995363107971972931e+04 5.000000000000000000e+03 4.000000000000000000e+00
4.030656568768993566e+03 3.900000000000000000e+03 4.500000000000000000e+00
4.837950605408876982e+03 4.000000000000000000e+03 4.500000000000000000e+00
5.844596817552728680e+03 4.100000000000000000e+03 4.500000000000000000e+00
6.797030648383401058e+03 4.200000000000000000e+03 4.500000000000000000e+00
8.122290177408971431e+03 4.300000000000000000e+03 4.500000000000000000e+00
9.368742261950057582e+03 4.400000000000000000e+03 4.500000000000000000e+00
1.082405806486634901e+04 4.500000000000000000e+03 4.500000000000000000e+00
1.241650137969671050e+04 4.600000000000000000e+03 4.500000000000000000e+00
1.405181768240959718e+04 4.700000000000000000e+03 4.500000000000000000e+00
1.599499877748056315e+04 4.800000000000000000e+03 4.500000000000000000e+00
1.791073232135383296e+04 4.900000000000000000e+03 4.500000000000000000e+00
1.992399250588721043e+04 5.000000000000000000e+03 4.500000000000000000e+00
