# # Chi square, temp, lg
2.371263246971884655e+03 2.400000000000000000e+03 3.500000000000000000e+00
2.192235646802050269e+03 2.500000000000000000e+03 3.500000000000000000e+00
2.024590091393796683e+03 2.600000000000000000e+03 3.500000000000000000e+00
1.805887558466060000e+03 2.700000000000000000e+03 3.500000000000000000e+00
1.573058875644384216e+03 2.800000000000000000e+03 3.500000000000000000e+00
1.295635424367744463e+03 2.900000000000000000e+03 3.500000000000000000e+00
1.025273818545257882e+03 3.000000000000000000e+03 3.500000000000000000e+00
8.026794602084329426e+02 3.100000000000000000e+03 3.500000000000000000e+00
6.517039159748616157e+02 3.200000000000000000e+03 3.500000000000000000e+00
7.326066697838099344e+02 3.300000000000000000e+03 3.500000000000000000e+00
1.070126624297063245e+03 3.400000000000000000e+03 3.500000000000000000e+00
1.499834996035396443e+03 3.500000000000000000e+03 3.500000000000000000e+00
2.319638065835229099e+03 2.400000000000000000e+03 4.000000000000000000e+00
2.154106444166359324e+03 2.500000000000000000e+03 4.000000000000000000e+00
1.963259495159177050e+03 2.600000000000000000e+03 4.000000000000000000e+00
1.763631956171676165e+03 2.700000000000000000e+03 4.000000000000000000e+00
1.514324454523919258e+03 2.800000000000000000e+03 4.000000000000000000e+00
1.267754313343203194e+03 2.900000000000000000e+03 4.000000000000000000e+00
1.015626775728341045e+03 3.000000000000000000e+03 4.000000000000000000e+00
8.235500325861670490e+02 3.100000000000000000e+03 4.000000000000000000e+00
7.228629737027629290e+02 3.200000000000000000e+03 4.000000000000000000e+00
8.477820837520173427e+02 3.300000000000000000e+03 4.000000000000000000e+00
1.148736257318662638e+03 3.400000000000000000e+03 4.000000000000000000e+00
1.623195270236144324e+03 3.500000000000000000e+03 4.000000000000000000e+00
2.294022841833021630e+03 2.400000000000000000e+03 4.500000000000000000e+00
2.125938748265475169e+03 2.500000000000000000e+03 4.500000000000000000e+00
1.936803831119126926e+03 2.600000000000000000e+03 4.500000000000000000e+00
1.742216166380775121e+03 2.700000000000000000e+03 4.500000000000000000e+00
1.502578380002989434e+03 2.800000000000000000e+03 4.500000000000000000e+00
1.271362068564644915e+03 2.900000000000000000e+03 4.500000000000000000e+00
1.019337977057997136e+03 3.000000000000000000e+03 4.500000000000000000e+00
8.298884557862070324e+02 3.100000000000000000e+03 4.500000000000000000e+00
7.798935735962994613e+02 3.200000000000000000e+03 4.500000000000000000e+00
9.097697284410961629e+02 3.300000000000000000e+03 4.500000000000000000e+00
1.238618531227814174e+03 3.400000000000000000e+03 4.500000000000000000e+00
1.666110680615108322e+03 3.500000000000000000e+03 4.500000000000000000e+00
