# # Chi square, temp, lg
1.785044155641837961e+03 2.900000000000000000e+03 3.500000000000000000e+00
1.491832169305289199e+03 3.000000000000000000e+03 3.500000000000000000e+00
1.205991148089027774e+03 3.100000000000000000e+03 3.500000000000000000e+00
9.490876836415332036e+02 3.200000000000000000e+03 3.500000000000000000e+00
7.900473028895657990e+02 3.300000000000000000e+03 3.500000000000000000e+00
8.761267849935104550e+02 3.400000000000000000e+03 3.500000000000000000e+00
1.178969021132986427e+03 3.500000000000000000e+03 3.500000000000000000e+00
1.690379952210157398e+03 3.600000000000000000e+03 3.500000000000000000e+00
2.314482148487480117e+03 3.700000000000000000e+03 3.500000000000000000e+00
3.014037428408483720e+03 3.800000000000000000e+03 3.500000000000000000e+00
3.728153170688380214e+03 3.900000000000000000e+03 3.500000000000000000e+00
4.661613271493349203e+03 4.000000000000000000e+03 3.500000000000000000e+00
1.739309404473199947e+03 2.900000000000000000e+03 4.000000000000000000e+00
1.487733875658702118e+03 3.000000000000000000e+03 4.000000000000000000e+00
1.230715955860903705e+03 3.100000000000000000e+03 4.000000000000000000e+00
9.804568791577369211e+02 3.200000000000000000e+03 4.000000000000000000e+00
8.814507933112508908e+02 3.300000000000000000e+03 4.000000000000000000e+00
1.009366203281174649e+03 3.400000000000000000e+03 4.000000000000000000e+00
1.356575140915198972e+03 3.500000000000000000e+03 4.000000000000000000e+00
1.831106466508252424e+03 3.600000000000000000e+03 4.000000000000000000e+00
2.369563949221248549e+03 3.700000000000000000e+03 4.000000000000000000e+00
3.056509945365241492e+03 3.800000000000000000e+03 4.000000000000000000e+00
3.819937894096005948e+03 3.900000000000000000e+03 4.000000000000000000e+00
4.702608334512426154e+03 4.000000000000000000e+03 4.000000000000000000e+00
1.743198981711778288e+03 2.900000000000000000e+03 4.500000000000000000e+00
1.482593899645424926e+03 3.000000000000000000e+03 4.500000000000000000e+00
1.225408313849944534e+03 3.100000000000000000e+03 4.500000000000000000e+00
1.014878468816587315e+03 3.200000000000000000e+03 4.500000000000000000e+00
9.432807169952984623e+02 3.300000000000000000e+03 4.500000000000000000e+00
1.097669826263016603e+03 3.400000000000000000e+03 4.500000000000000000e+00
1.407750649547232797e+03 3.500000000000000000e+03 4.500000000000000000e+00
1.906278004328979250e+03 3.600000000000000000e+03 4.500000000000000000e+00
2.457292564148269321e+03 3.700000000000000000e+03 4.500000000000000000e+00
3.073372857291416040e+03 3.800000000000000000e+03 4.500000000000000000e+00
3.828713362085993140e+03 3.900000000000000000e+03 4.500000000000000000e+00
4.556187657589289302e+03 4.000000000000000000e+03 4.500000000000000000e+00
