# # Chi square, temp, lg
3.255592922823968183e+04 3.900000000000000000e+03 3.500000000000000000e+00
3.168160397068607199e+04 4.000000000000000000e+03 3.500000000000000000e+00
3.065795603865995508e+04 4.100000000000000000e+03 3.500000000000000000e+00
2.970418307700058722e+04 4.200000000000000000e+03 3.500000000000000000e+00
2.848303502779007249e+04 4.300000000000000000e+03 3.500000000000000000e+00
2.725392508156262920e+04 4.400000000000000000e+03 3.500000000000000000e+00
2.596595233668762739e+04 4.500000000000000000e+03 3.500000000000000000e+00
2.445310278239719992e+04 4.600000000000000000e+03 3.500000000000000000e+00
2.295659391634631902e+04 4.700000000000000000e+03 3.500000000000000000e+00
2.125786789067444624e+04 4.800000000000000000e+03 3.500000000000000000e+00
1.943906277042835791e+04 4.900000000000000000e+03 3.500000000000000000e+00
1.777569545507285511e+04 5.000000000000000000e+03 3.500000000000000000e+00
3.251488523433900627e+04 3.900000000000000000e+03 4.000000000000000000e+00
3.158315911755770139e+04 4.000000000000000000e+03 4.000000000000000000e+00
3.056366039970037673e+04 4.100000000000000000e+03 4.000000000000000000e+00
2.955961029319370573e+04 4.200000000000000000e+03 4.000000000000000000e+00
2.844699016990493328e+04 4.300000000000000000e+03 4.000000000000000000e+00
2.733572787874184723e+04 4.400000000000000000e+03 4.000000000000000000e+00
2.580520071302582073e+04 4.500000000000000000e+03 4.000000000000000000e+00
2.425057171788979758e+04 4.600000000000000000e+03 4.000000000000000000e+00
2.275053310073939065e+04 4.700000000000000000e+03 4.000000000000000000e+00
2.114445533397097097e+04 4.800000000000000000e+03 4.000000000000000000e+00
1.946242425648845528e+04 4.900000000000000000e+03 4.000000000000000000e+00
1.754793822799063491e+04 5.000000000000000000e+03 4.000000000000000000e+00
3.252822021550939826e+04 3.900000000000000000e+03 4.500000000000000000e+00
3.173397586891298488e+04 4.000000000000000000e+03 4.500000000000000000e+00
3.079972731357591329e+04 4.100000000000000000e+03 4.500000000000000000e+00
2.985182464425572471e+04 4.200000000000000000e+03 4.500000000000000000e+00
2.857913712600549843e+04 4.300000000000000000e+03 4.500000000000000000e+00
2.723928436203880847e+04 4.400000000000000000e+03 4.500000000000000000e+00
2.581202553651033304e+04 4.500000000000000000e+03 4.500000000000000000e+00
2.441008249861705190e+04 4.600000000000000000e+03 4.500000000000000000e+00
2.284686244917010117e+04 4.700000000000000000e+03 4.500000000000000000e+00
2.104792925982955785e+04 4.800000000000000000e+03 4.500000000000000000e+00
1.956962340814174968e+04 4.900000000000000000e+03 4.500000000000000000e+00
1.773637862158515054e+04 5.000000000000000000e+03 4.500000000000000000e+00
