# # Chi square, temp, lg
1.879660917543783944e+04 2.900000000000000000e+03 3.500000000000000000e+00
1.855756125213500127e+04 3.000000000000000000e+03 3.500000000000000000e+00
1.830414095121928767e+04 3.100000000000000000e+03 3.500000000000000000e+00
1.803508636681751523e+04 3.200000000000000000e+03 3.500000000000000000e+00
1.769438518103512979e+04 3.300000000000000000e+03 3.500000000000000000e+00
1.734507255230579540e+04 3.400000000000000000e+03 3.500000000000000000e+00
1.691622248952435984e+04 3.500000000000000000e+03 3.500000000000000000e+00
1.644151256591951824e+04 3.600000000000000000e+03 3.500000000000000000e+00
1.589387178590462645e+04 3.700000000000000000e+03 3.500000000000000000e+00
1.515518465707233190e+04 3.800000000000000000e+03 3.500000000000000000e+00
1.440763583655057482e+04 3.900000000000000000e+03 3.500000000000000000e+00
1.355225655764073599e+04 4.000000000000000000e+03 3.500000000000000000e+00
1.875929127591321958e+04 2.900000000000000000e+03 4.000000000000000000e+00
1.852093748680943463e+04 3.000000000000000000e+03 4.000000000000000000e+00
1.824291074042564287e+04 3.100000000000000000e+03 4.000000000000000000e+00
1.793313117368134044e+04 3.200000000000000000e+03 4.000000000000000000e+00
1.762620249876848175e+04 3.300000000000000000e+03 4.000000000000000000e+00
1.725031459420076135e+04 3.400000000000000000e+03 4.000000000000000000e+00
1.678908547590812304e+04 3.500000000000000000e+03 4.000000000000000000e+00
1.631843139442793836e+04 3.600000000000000000e+03 4.000000000000000000e+00
1.574300806168470262e+04 3.700000000000000000e+03 4.000000000000000000e+00
1.510956781243089426e+04 3.800000000000000000e+03 4.000000000000000000e+00
1.436121712309264694e+04 3.900000000000000000e+03 4.000000000000000000e+00
1.345272775650778749e+04 4.000000000000000000e+03 4.000000000000000000e+00
1.877197236699915084e+04 2.900000000000000000e+03 4.500000000000000000e+00
1.852583307106203574e+04 3.000000000000000000e+03 4.500000000000000000e+00
1.822461114820987859e+04 3.100000000000000000e+03 4.500000000000000000e+00
1.790677236967557110e+04 3.200000000000000000e+03 4.500000000000000000e+00
1.757820492093725989e+04 3.300000000000000000e+03 4.500000000000000000e+00
1.716866118990589166e+04 3.400000000000000000e+03 4.500000000000000000e+00
1.671237347440190933e+04 3.500000000000000000e+03 4.500000000000000000e+00
1.625748244520679509e+04 3.600000000000000000e+03 4.500000000000000000e+00
1.570262672767796357e+04 3.700000000000000000e+03 4.500000000000000000e+00
1.503700835122682111e+04 3.800000000000000000e+03 4.500000000000000000e+00
1.434915295893899929e+04 3.900000000000000000e+03 4.500000000000000000e+00
1.358253370540360265e+04 4.000000000000000000e+03 4.500000000000000000e+00
