# # Chi square, temp, lg
4.877802495574595923e+03 3.900000000000000000e+03 3.500000000000000000e+00
5.771059032021681560e+03 4.000000000000000000e+03 3.500000000000000000e+00
6.683373810708189922e+03 4.100000000000000000e+03 3.500000000000000000e+00
7.601876324626461610e+03 4.200000000000000000e+03 3.500000000000000000e+00
8.720309374779979407e+03 4.300000000000000000e+03 3.500000000000000000e+00
9.923862918212245859e+03 4.400000000000000000e+03 3.500000000000000000e+00
1.115216328965817411e+04 4.500000000000000000e+03 3.500000000000000000e+00
1.273541107480151550e+04 4.600000000000000000e+03 3.500000000000000000e+00
1.417247818634166288e+04 4.700000000000000000e+03 3.500000000000000000e+00
1.589281067460021222e+04 4.800000000000000000e+03 3.500000000000000000e+00
1.746413224217015522e+04 4.900000000000000000e+03 3.500000000000000000e+00
1.952450323079158261e+04 5.000000000000000000e+03 3.500000000000000000e+00
4.939641158389613338e+03 3.900000000000000000e+03 4.000000000000000000e+00
5.805311402832607200e+03 4.000000000000000000e+03 4.000000000000000000e+00
6.747211178536020270e+03 4.100000000000000000e+03 4.000000000000000000e+00
7.744940212242391681e+03 4.200000000000000000e+03 4.000000000000000000e+00
8.811253708500244102e+03 4.300000000000000000e+03 4.000000000000000000e+00
9.938318898023773727e+03 4.400000000000000000e+03 4.000000000000000000e+00
1.133624141248402884e+04 4.500000000000000000e+03 4.000000000000000000e+00
1.277780444888505554e+04 4.600000000000000000e+03 4.000000000000000000e+00
1.426388866674364181e+04 4.700000000000000000e+03 4.000000000000000000e+00
1.594494159068048066e+04 4.800000000000000000e+03 4.000000000000000000e+00
1.782364118687285736e+04 4.900000000000000000e+03 4.000000000000000000e+00
1.973985768519180056e+04 5.000000000000000000e+03 4.000000000000000000e+00
4.898035886993756321e+03 3.900000000000000000e+03 4.500000000000000000e+00
5.638919920653414920e+03 4.000000000000000000e+03 4.500000000000000000e+00
6.589736729920618927e+03 4.100000000000000000e+03 4.500000000000000000e+00
7.476868461650699828e+03 4.200000000000000000e+03 4.500000000000000000e+00
8.760021984218439684e+03 4.300000000000000000e+03 4.500000000000000000e+00
9.919735712179970506e+03 4.400000000000000000e+03 4.500000000000000000e+00
1.126993619351111556e+04 4.500000000000000000e+03 4.500000000000000000e+00
1.271218584422421372e+04 4.600000000000000000e+03 4.500000000000000000e+00
1.433132921874063140e+04 4.700000000000000000e+03 4.500000000000000000e+00
1.604441439143522621e+04 4.800000000000000000e+03 4.500000000000000000e+00
1.775379418212693417e+04 4.900000000000000000e+03 4.500000000000000000e+00
1.948918179299416079e+04 5.000000000000000000e+03 4.500000000000000000e+00
