# # Chi square, temp, lg
5.080072474388726732e+03 2.900000000000000000e+03 3.500000000000000000e+00
4.756646837562953806e+03 3.000000000000000000e+03 3.500000000000000000e+00
4.414913912071398045e+03 3.100000000000000000e+03 3.500000000000000000e+00
4.054862445383546401e+03 3.200000000000000000e+03 3.500000000000000000e+00
3.620921221305184190e+03 3.300000000000000000e+03 3.500000000000000000e+00
3.180833928382305203e+03 3.400000000000000000e+03 3.500000000000000000e+00
2.721078090108901506e+03 3.500000000000000000e+03 3.500000000000000000e+00
2.222325099621085428e+03 3.600000000000000000e+03 3.500000000000000000e+00
1.773932510031016136e+03 3.700000000000000000e+03 3.500000000000000000e+00
1.484821782748272653e+03 3.800000000000000000e+03 3.500000000000000000e+00
1.589190786122020654e+03 3.900000000000000000e+03 3.500000000000000000e+00
2.165399754811611274e+03 4.000000000000000000e+03 3.500000000000000000e+00
5.029705700969328063e+03 2.900000000000000000e+03 4.000000000000000000e+00
4.733698594031533503e+03 3.000000000000000000e+03 4.000000000000000000e+00
4.388863478484301595e+03 3.100000000000000000e+03 4.000000000000000000e+00
4.018341217186421090e+03 3.200000000000000000e+03 4.000000000000000000e+00
3.612486339759919247e+03 3.300000000000000000e+03 4.000000000000000000e+00
3.202111876108691376e+03 3.400000000000000000e+03 4.000000000000000000e+00
2.716568802786976903e+03 3.500000000000000000e+03 4.000000000000000000e+00
2.264285797125099180e+03 3.600000000000000000e+03 4.000000000000000000e+00
1.826403126033353601e+03 3.700000000000000000e+03 4.000000000000000000e+00
1.564526963997053826e+03 3.800000000000000000e+03 4.000000000000000000e+00
1.631934889563403431e+03 3.900000000000000000e+03 4.000000000000000000e+00
2.181327210224902501e+03 4.000000000000000000e+03 4.000000000000000000e+00
5.034408602238637286e+03 2.900000000000000000e+03 4.500000000000000000e+00
4.724938089852908888e+03 3.000000000000000000e+03 4.500000000000000000e+00
4.368849433635576133e+03 3.100000000000000000e+03 4.500000000000000000e+00
3.990844115536339814e+03 3.200000000000000000e+03 4.500000000000000000e+00
3.601577090674589272e+03 3.300000000000000000e+03 4.500000000000000000e+00
3.180234647385121207e+03 3.400000000000000000e+03 4.500000000000000000e+00
2.755941552780972870e+03 3.500000000000000000e+03 4.500000000000000000e+00
2.332666690401165397e+03 3.600000000000000000e+03 4.500000000000000000e+00
1.964613940498071997e+03 3.700000000000000000e+03 4.500000000000000000e+00
1.760340455268853930e+03 3.800000000000000000e+03 4.500000000000000000e+00
1.822137574845163272e+03 3.900000000000000000e+03 4.500000000000000000e+00
2.207530777054654209e+03 4.000000000000000000e+03 4.500000000000000000e+00
