# # Chi square, temp, lg
1.056236251424281181e+04 2.900000000000000000e+03 3.500000000000000000e+00
1.029543981921739760e+04 3.000000000000000000e+03 3.500000000000000000e+00
1.002386030740827118e+04 3.100000000000000000e+03 3.500000000000000000e+00
9.728485942421542859e+03 3.200000000000000000e+03 3.500000000000000000e+00
9.357959511073217072e+03 3.300000000000000000e+03 3.500000000000000000e+00
8.948692921105070127e+03 3.400000000000000000e+03 3.500000000000000000e+00
8.536487661652459792e+03 3.500000000000000000e+03 3.500000000000000000e+00
7.989205132763801885e+03 3.600000000000000000e+03 3.500000000000000000e+00
7.401477311679116610e+03 3.700000000000000000e+03 3.500000000000000000e+00
6.703031291922805394e+03 3.800000000000000000e+03 3.500000000000000000e+00
5.870536164895673210e+03 3.900000000000000000e+03 3.500000000000000000e+00
4.990780355569660969e+03 4.000000000000000000e+03 3.500000000000000000e+00
1.052267112753243782e+04 2.900000000000000000e+03 4.000000000000000000e+00
1.025080529363667847e+04 3.000000000000000000e+03 4.000000000000000000e+00
9.970493288084004234e+03 3.100000000000000000e+03 4.000000000000000000e+00
9.623650648041937529e+03 3.200000000000000000e+03 4.000000000000000000e+00
9.280121781600379109e+03 3.300000000000000000e+03 4.000000000000000000e+00
8.872369893833732931e+03 3.400000000000000000e+03 4.000000000000000000e+00
8.383915561658037404e+03 3.500000000000000000e+03 4.000000000000000000e+00
7.868832255671793973e+03 3.600000000000000000e+03 4.000000000000000000e+00
7.217956043933395449e+03 3.700000000000000000e+03 4.000000000000000000e+00
6.584733191546322814e+03 3.800000000000000000e+03 4.000000000000000000e+00
5.791796247314407992e+03 3.900000000000000000e+03 4.000000000000000000e+00
4.968052666826903987e+03 4.000000000000000000e+03 4.000000000000000000e+00
1.053029226231772918e+04 2.900000000000000000e+03 4.500000000000000000e+00
1.028023572597321072e+04 3.000000000000000000e+03 4.500000000000000000e+00
9.926551010501032579e+03 3.100000000000000000e+03 4.500000000000000000e+00
9.578652281051230602e+03 3.200000000000000000e+03 4.500000000000000000e+00
9.227438983931160692e+03 3.300000000000000000e+03 4.500000000000000000e+00
8.798939231479349473e+03 3.400000000000000000e+03 4.500000000000000000e+00
8.335265207089467367e+03 3.500000000000000000e+03 4.500000000000000000e+00
7.767152833655492032e+03 3.600000000000000000e+03 4.500000000000000000e+00
7.183109033881152754e+03 3.700000000000000000e+03 4.500000000000000000e+00
6.558783798195637246e+03 3.800000000000000000e+03 4.500000000000000000e+00
5.797128475668342617e+03 3.900000000000000000e+03 4.500000000000000000e+00
5.020378844226074762e+03 4.000000000000000000e+03 4.500000000000000000e+00
