# # Chi square, temp, lg
5.228618141772593845e+03 3.900000000000000000e+03 3.500000000000000000e+00
6.095744237723130027e+03 4.000000000000000000e+03 3.500000000000000000e+00
6.975941352250453747e+03 4.100000000000000000e+03 3.500000000000000000e+00
7.908680055918750440e+03 4.200000000000000000e+03 3.500000000000000000e+00
9.021978909909577851e+03 4.300000000000000000e+03 3.500000000000000000e+00
1.023108880706648961e+04 4.400000000000000000e+03 3.500000000000000000e+00
1.146469487921103428e+04 4.500000000000000000e+03 3.500000000000000000e+00
1.286740947601788866e+04 4.600000000000000000e+03 3.500000000000000000e+00
1.443189358159068433e+04 4.700000000000000000e+03 3.500000000000000000e+00
1.618260851307810117e+04 4.800000000000000000e+03 3.500000000000000000e+00
1.788619698416773463e+04 4.900000000000000000e+03 3.500000000000000000e+00
1.987206007749910350e+04 5.000000000000000000e+03 3.500000000000000000e+00
5.259074014097032887e+03 3.900000000000000000e+03 4.000000000000000000e+00
6.158801717222684601e+03 4.000000000000000000e+03 4.000000000000000000e+00
7.124188115582425780e+03 4.100000000000000000e+03 4.000000000000000000e+00
8.052662727247517068e+03 4.200000000000000000e+03 4.000000000000000000e+00
9.151848321426723487e+03 4.300000000000000000e+03 4.000000000000000000e+00
1.026469965509904068e+04 4.400000000000000000e+03 4.000000000000000000e+00
1.159717913272134319e+04 4.500000000000000000e+03 4.000000000000000000e+00
1.298846428542310969e+04 4.600000000000000000e+03 4.000000000000000000e+00
1.459200861465705202e+04 4.700000000000000000e+03 4.000000000000000000e+00
1.629383973864361360e+04 4.800000000000000000e+03 4.000000000000000000e+00
1.808677255036562201e+04 4.900000000000000000e+03 4.000000000000000000e+00
2.011148988175480190e+04 5.000000000000000000e+03 4.000000000000000000e+00
5.213079348842762556e+03 3.900000000000000000e+03 4.500000000000000000e+00
5.986585929583217876e+03 4.000000000000000000e+03 4.500000000000000000e+00
6.946960666403043433e+03 4.100000000000000000e+03 4.500000000000000000e+00
7.871940438092822660e+03 4.200000000000000000e+03 4.500000000000000000e+00
9.115567498446203899e+03 4.300000000000000000e+03 4.500000000000000000e+00
1.039864452483218156e+04 4.400000000000000000e+03 4.500000000000000000e+00
1.169912280671583176e+04 4.500000000000000000e+03 4.500000000000000000e+00
1.313051606656917465e+04 4.600000000000000000e+03 4.500000000000000000e+00
1.459619405145188102e+04 4.700000000000000000e+03 4.500000000000000000e+00
1.630568392179868897e+04 4.800000000000000000e+03 4.500000000000000000e+00
1.828464008818661023e+04 4.900000000000000000e+03 4.500000000000000000e+00
2.014620818664216131e+04 5.000000000000000000e+03 4.500000000000000000e+00
