# # Chi square, temp, lg
1.517373955932356694e+03 4.400000000000000000e+03 3.500000000000000000e+00
2.076784255359420968e+03 4.500000000000000000e+03 3.500000000000000000e+00
3.381063848194918592e+03 4.600000000000000000e+03 3.500000000000000000e+00
4.665632408453067910e+03 4.700000000000000000e+03 3.500000000000000000e+00
6.484549808883123660e+03 4.800000000000000000e+03 3.500000000000000000e+00
8.370403900511268148e+03 4.900000000000000000e+03 3.500000000000000000e+00
1.038150920840397339e+04 5.000000000000000000e+03 3.500000000000000000e+00
1.229441293236316778e+04 5.100000000000000000e+03 3.500000000000000000e+00
1.458353637112019715e+04 5.200000000000000000e+03 3.500000000000000000e+00
1.727366578930435935e+04 5.300000000000000000e+03 3.500000000000000000e+00
2.000897490190359167e+04 5.400000000000000000e+03 3.500000000000000000e+00
2.263477248917527322e+04 5.500000000000000000e+03 3.500000000000000000e+00
1.558720458949677777e+03 4.400000000000000000e+03 4.000000000000000000e+00
2.210562908997579143e+03 4.500000000000000000e+03 4.000000000000000000e+00
3.354056121312000869e+03 4.600000000000000000e+03 4.000000000000000000e+00
4.963838739982908919e+03 4.700000000000000000e+03 4.000000000000000000e+00
6.760734630264168118e+03 4.800000000000000000e+03 4.000000000000000000e+00
8.530819297237558203e+03 4.900000000000000000e+03 4.000000000000000000e+00
1.046232881977132092e+04 5.000000000000000000e+03 4.000000000000000000e+00
1.287161462499026675e+04 5.100000000000000000e+03 4.000000000000000000e+00
1.521205095560013433e+04 5.200000000000000000e+03 4.000000000000000000e+00
1.778542423078239517e+04 5.300000000000000000e+03 4.000000000000000000e+00
2.017179610666514418e+04 5.400000000000000000e+03 4.000000000000000000e+00
2.321459665875342398e+04 5.500000000000000000e+03 4.000000000000000000e+00
1.652628718892933193e+03 4.400000000000000000e+03 4.500000000000000000e+00
2.174176344606414204e+03 4.500000000000000000e+03 4.500000000000000000e+00
3.499946891321282237e+03 4.600000000000000000e+03 4.500000000000000000e+00
4.960434666729476703e+03 4.700000000000000000e+03 4.500000000000000000e+00
6.789182000786445315e+03 4.800000000000000000e+03 4.500000000000000000e+00
8.733428936244146826e+03 4.900000000000000000e+03 4.500000000000000000e+00
1.087358606394706658e+04 5.000000000000000000e+03 4.500000000000000000e+00
1.323788816244047848e+04 5.100000000000000000e+03 4.500000000000000000e+00
1.543061500394010363e+04 5.200000000000000000e+03 4.500000000000000000e+00
1.804471669051278877e+04 5.300000000000000000e+03 4.500000000000000000e+00
2.026418844340436408e+04 5.400000000000000000e+03 4.500000000000000000e+00
2.386907635328566903e+04 5.500000000000000000e+03 4.500000000000000000e+00
