# # Chi square, temp, lg
1.341494666024430899e+03 2.900000000000000000e+03 3.500000000000000000e+00
1.058922562328173399e+03 3.000000000000000000e+03 3.500000000000000000e+00
8.115324727012304038e+02 3.100000000000000000e+03 3.500000000000000000e+00
6.018165687006907092e+02 3.200000000000000000e+03 3.500000000000000000e+00
6.351212699901109318e+02 3.300000000000000000e+03 3.500000000000000000e+00
9.549449763443974462e+02 3.400000000000000000e+03 3.500000000000000000e+00
1.385872093491879696e+03 3.500000000000000000e+03 3.500000000000000000e+00
1.947897390005383386e+03 3.600000000000000000e+03 3.500000000000000000e+00
2.546390406999285915e+03 3.700000000000000000e+03 3.500000000000000000e+00
3.303112260540566240e+03 3.800000000000000000e+03 3.500000000000000000e+00
4.088705743251090553e+03 3.900000000000000000e+03 3.500000000000000000e+00
4.992150189494174811e+03 4.000000000000000000e+03 3.500000000000000000e+00
1.311514334487295400e+03 2.900000000000000000e+03 4.000000000000000000e+00
1.051010392320478331e+03 3.000000000000000000e+03 4.000000000000000000e+00
8.215037383379867606e+02 3.100000000000000000e+03 4.000000000000000000e+00
6.787854549056935411e+02 3.200000000000000000e+03 4.000000000000000000e+00
7.448019290794427434e+02 3.300000000000000000e+03 4.000000000000000000e+00
1.043993061837734558e+03 3.400000000000000000e+03 4.000000000000000000e+00
1.512748955860624847e+03 3.500000000000000000e+03 4.000000000000000000e+00
2.037205221903339179e+03 3.600000000000000000e+03 4.000000000000000000e+00
2.660865010596692628e+03 3.700000000000000000e+03 4.000000000000000000e+00
3.347264691357533593e+03 3.800000000000000000e+03 4.000000000000000000e+00
4.128907798224929138e+03 3.900000000000000000e+03 4.000000000000000000e+00
5.054955181057266600e+03 4.000000000000000000e+03 4.000000000000000000e+00
1.317104347080727848e+03 2.900000000000000000e+03 4.500000000000000000e+00
1.060439745912945909e+03 3.000000000000000000e+03 4.500000000000000000e+00
8.281414602264375162e+02 3.100000000000000000e+03 4.500000000000000000e+00
7.216337069863092211e+02 3.200000000000000000e+03 4.500000000000000000e+00
8.433702367758376113e+02 3.300000000000000000e+03 4.500000000000000000e+00
1.139660429700152690e+03 3.400000000000000000e+03 4.500000000000000000e+00
1.599609653092332337e+03 3.500000000000000000e+03 4.500000000000000000e+00
2.106861577898280757e+03 3.600000000000000000e+03 4.500000000000000000e+00
2.711817821474266566e+03 3.700000000000000000e+03 4.500000000000000000e+00
3.355169870690569951e+03 3.800000000000000000e+03 4.500000000000000000e+00
4.123878623582598266e+03 3.900000000000000000e+03 4.500000000000000000e+00
4.908945036718071606e+03 4.000000000000000000e+03 4.500000000000000000e+00
