# # Chi square, temp, lg
8.948692921105070127e+03 3.400000000000000000e+03 3.500000000000000000e+00
8.536487661652459792e+03 3.500000000000000000e+03 3.500000000000000000e+00
7.989205132763801885e+03 3.600000000000000000e+03 3.500000000000000000e+00
7.401477311679116610e+03 3.700000000000000000e+03 3.500000000000000000e+00
6.703031291922805394e+03 3.800000000000000000e+03 3.500000000000000000e+00
5.870536164895673210e+03 3.900000000000000000e+03 3.500000000000000000e+00
4.990780355569660969e+03 4.000000000000000000e+03 3.500000000000000000e+00
4.031038061834947712e+03 4.100000000000000000e+03 3.500000000000000000e+00
3.127629528617823325e+03 4.200000000000000000e+03 3.500000000000000000e+00
2.128346494129012171e+03 4.300000000000000000e+03 3.500000000000000000e+00
1.517373955932356694e+03 4.400000000000000000e+03 3.500000000000000000e+00
2.076784255359420968e+03 4.500000000000000000e+03 3.500000000000000000e+00
8.872369893833732931e+03 3.400000000000000000e+03 4.000000000000000000e+00
8.383915561658037404e+03 3.500000000000000000e+03 4.000000000000000000e+00
7.868832255671793973e+03 3.600000000000000000e+03 4.000000000000000000e+00
7.217956043933395449e+03 3.700000000000000000e+03 4.000000000000000000e+00
6.584733191546322814e+03 3.800000000000000000e+03 4.000000000000000000e+00
5.791796247314407992e+03 3.900000000000000000e+03 4.000000000000000000e+00
4.968052666826903987e+03 4.000000000000000000e+03 4.000000000000000000e+00
3.937202101191456677e+03 4.100000000000000000e+03 4.000000000000000000e+00
2.992733283959714299e+03 4.200000000000000000e+03 4.000000000000000000e+00
2.244874718463525824e+03 4.300000000000000000e+03 4.000000000000000000e+00
1.558720458949677777e+03 4.400000000000000000e+03 4.000000000000000000e+00
2.210562908997579143e+03 4.500000000000000000e+03 4.000000000000000000e+00
8.798939231479349473e+03 3.400000000000000000e+03 4.500000000000000000e+00
8.335265207089467367e+03 3.500000000000000000e+03 4.500000000000000000e+00
7.767152833655492032e+03 3.600000000000000000e+03 4.500000000000000000e+00
7.183109033881152754e+03 3.700000000000000000e+03 4.500000000000000000e+00
6.558783798195637246e+03 3.800000000000000000e+03 4.500000000000000000e+00
5.797128475668342617e+03 3.900000000000000000e+03 4.500000000000000000e+00
5.020378844226074762e+03 4.000000000000000000e+03 4.500000000000000000e+00
4.060162829878345292e+03 4.100000000000000000e+03 4.500000000000000000e+00
3.227059372363398779e+03 4.200000000000000000e+03 4.500000000000000000e+00
2.186359434008888911e+03 4.300000000000000000e+03 4.500000000000000000e+00
1.652628718892933193e+03 4.400000000000000000e+03 4.500000000000000000e+00
2.174176344606414204e+03 4.500000000000000000e+03 4.500000000000000000e+00
