# # Chi square, temp, lg
3.051552194558953943e+03 3.900000000000000000e+03 3.500000000000000000e+00
3.932458310770793105e+03 4.000000000000000000e+03 3.500000000000000000e+00
5.001434215808349109e+03 4.100000000000000000e+03 3.500000000000000000e+00
5.935189503579533266e+03 4.200000000000000000e+03 3.500000000000000000e+00
7.178680439742503040e+03 4.300000000000000000e+03 3.500000000000000000e+00
8.518425102573493859e+03 4.400000000000000000e+03 3.500000000000000000e+00
9.867881500273011625e+03 4.500000000000000000e+03 3.500000000000000000e+00
1.150178523159883298e+04 4.600000000000000000e+03 3.500000000000000000e+00
1.304312446742561588e+04 4.700000000000000000e+03 3.500000000000000000e+00
1.486255043488865158e+04 4.800000000000000000e+03 3.500000000000000000e+00
1.671055806371927247e+04 4.900000000000000000e+03 3.500000000000000000e+00
1.860542391637793480e+04 5.000000000000000000e+03 3.500000000000000000e+00
3.105794938501334400e+03 3.900000000000000000e+03 4.000000000000000000e+00
4.008001776640803200e+03 4.000000000000000000e+03 4.000000000000000000e+00
5.037701390487088247e+03 4.100000000000000000e+03 4.000000000000000000e+00
6.135797197402363963e+03 4.200000000000000000e+03 4.000000000000000000e+00
7.247878079578381403e+03 4.300000000000000000e+03 4.000000000000000000e+00
8.518868199575092149e+03 4.400000000000000000e+03 4.000000000000000000e+00
9.995607773649633600e+03 4.500000000000000000e+03 4.000000000000000000e+00
1.162353088947011747e+04 4.600000000000000000e+03 4.000000000000000000e+00
1.319627335317796314e+04 4.700000000000000000e+03 4.000000000000000000e+00
1.511759773534768829e+04 4.800000000000000000e+03 4.000000000000000000e+00
1.683138709170117363e+04 4.900000000000000000e+03 4.000000000000000000e+00
1.904313518685314921e+04 5.000000000000000000e+03 4.000000000000000000e+00
3.150205014586459129e+03 3.900000000000000000e+03 4.500000000000000000e+00
3.965710511284346921e+03 4.000000000000000000e+03 4.500000000000000000e+00
4.890344453115211763e+03 4.100000000000000000e+03 4.500000000000000000e+00
5.851406510749809968e+03 4.200000000000000000e+03 4.500000000000000000e+00
7.171359369993007931e+03 4.300000000000000000e+03 4.500000000000000000e+00
8.544657973126679281e+03 4.400000000000000000e+03 4.500000000000000000e+00
9.886790900268375481e+03 4.500000000000000000e+03 4.500000000000000000e+00
1.155386981535270206e+04 4.600000000000000000e+03 4.500000000000000000e+00
1.318157058213056189e+04 4.700000000000000000e+03 4.500000000000000000e+00
1.520280625539773973e+04 4.800000000000000000e+03 4.500000000000000000e+00
1.689168722387851449e+04 4.900000000000000000e+03 4.500000000000000000e+00
1.899189692504890627e+04 5.000000000000000000e+03 4.500000000000000000e+00
