# # Chi square, temp, lg
2.275475105986312337e+04 3.400000000000000000e+03 3.500000000000000000e+00
2.228282491700673927e+04 3.500000000000000000e+03 3.500000000000000000e+00
2.168895996334103620e+04 3.600000000000000000e+03 3.500000000000000000e+00
2.112165276417729547e+04 3.700000000000000000e+03 3.500000000000000000e+00
2.029155606274437741e+04 3.800000000000000000e+03 3.500000000000000000e+00
1.947642290382676583e+04 3.900000000000000000e+03 3.500000000000000000e+00
1.849459485828700781e+04 4.000000000000000000e+03 3.500000000000000000e+00
1.749329580008134144e+04 4.100000000000000000e+03 3.500000000000000000e+00
1.653152933557395590e+04 4.200000000000000000e+03 3.500000000000000000e+00
1.534061720165605766e+04 4.300000000000000000e+03 3.500000000000000000e+00
1.410776239253037056e+04 4.400000000000000000e+03 3.500000000000000000e+00
1.274645583645804800e+04 4.500000000000000000e+03 3.500000000000000000e+00
2.267838550191837203e+04 3.400000000000000000e+03 4.000000000000000000e+00
2.215032941591609051e+04 3.500000000000000000e+03 4.000000000000000000e+00
2.159087504774428453e+04 3.600000000000000000e+03 4.000000000000000000e+00
2.096627561017769767e+04 3.700000000000000000e+03 4.000000000000000000e+00
2.025762008782767589e+04 3.800000000000000000e+03 4.000000000000000000e+00
1.946523167317873595e+04 3.900000000000000000e+03 4.000000000000000000e+00
1.846469771046119422e+04 4.000000000000000000e+03 4.000000000000000000e+00
1.745904499878741990e+04 4.100000000000000000e+03 4.000000000000000000e+00
1.637265612940551728e+04 4.200000000000000000e+03 4.000000000000000000e+00
1.524019224771369409e+04 4.300000000000000000e+03 4.000000000000000000e+00
1.405151399351167311e+04 4.400000000000000000e+03 4.000000000000000000e+00
1.268117732514961426e+04 4.500000000000000000e+03 4.000000000000000000e+00
2.261860476570509491e+04 3.400000000000000000e+03 4.500000000000000000e+00
2.212631272839076701e+04 3.500000000000000000e+03 4.500000000000000000e+00
2.157965204187040581e+04 3.600000000000000000e+03 4.500000000000000000e+00
2.095858296362280089e+04 3.700000000000000000e+03 4.500000000000000000e+00
2.025795552027463418e+04 3.800000000000000000e+03 4.500000000000000000e+00
1.948211881238400019e+04 3.900000000000000000e+03 4.500000000000000000e+00
1.864819790567750897e+04 4.000000000000000000e+03 4.500000000000000000e+00
1.769028670288521607e+04 4.100000000000000000e+03 4.500000000000000000e+00
1.668355751076087836e+04 4.200000000000000000e+03 4.500000000000000000e+00
1.532015382434968160e+04 4.300000000000000000e+03 4.500000000000000000e+00
1.402342408433374840e+04 4.400000000000000000e+03 4.500000000000000000e+00
1.271532712713010551e+04 4.500000000000000000e+03 4.500000000000000000e+00
