# # Chi square, temp, lg
5.486074803634670388e+03 3.900000000000000000e+03 3.500000000000000000e+00
4.750916290150800705e+03 4.000000000000000000e+03 3.500000000000000000e+00
4.128161353395250444e+03 4.100000000000000000e+03 3.500000000000000000e+00
3.704295482860588436e+03 4.200000000000000000e+03 3.500000000000000000e+00
3.483568845260871512e+03 4.300000000000000000e+03 3.500000000000000000e+00
3.810365224152496012e+03 4.400000000000000000e+03 3.500000000000000000e+00
4.482250593659801780e+03 4.500000000000000000e+03 3.500000000000000000e+00
5.638027556205387555e+03 4.600000000000000000e+03 3.500000000000000000e+00
6.921617035021075935e+03 4.700000000000000000e+03 3.500000000000000000e+00
8.490744952454029772e+03 4.800000000000000000e+03 3.500000000000000000e+00
1.008194629753234767e+04 4.900000000000000000e+03 3.500000000000000000e+00
1.202878360761722797e+04 5.000000000000000000e+03 3.500000000000000000e+00
5.465171830887646138e+03 3.900000000000000000e+03 4.000000000000000000e+00
4.739387413620895131e+03 4.000000000000000000e+03 4.000000000000000000e+00
4.052160209489327372e+03 4.100000000000000000e+03 4.000000000000000000e+00
3.568443601830405441e+03 4.200000000000000000e+03 4.000000000000000000e+00
3.441812947177579190e+03 4.300000000000000000e+03 4.000000000000000000e+00
3.715051856364302239e+03 4.400000000000000000e+03 4.000000000000000000e+00
4.439523254800925315e+03 4.500000000000000000e+03 4.000000000000000000e+00
5.637766768705721915e+03 4.600000000000000000e+03 4.000000000000000000e+00
6.965250934987164328e+03 4.700000000000000000e+03 4.000000000000000000e+00
8.554513055285900919e+03 4.800000000000000000e+03 4.000000000000000000e+00
1.038415081092533728e+04 4.900000000000000000e+03 4.000000000000000000e+00
1.239892959071008954e+04 5.000000000000000000e+03 4.000000000000000000e+00
5.611885578895045001e+03 3.900000000000000000e+03 4.500000000000000000e+00
4.928118898416483717e+03 4.000000000000000000e+03 4.500000000000000000e+00
4.227421857955450832e+03 4.100000000000000000e+03 4.500000000000000000e+00
3.729238929040836865e+03 4.200000000000000000e+03 4.500000000000000000e+00
3.438216504003059072e+03 4.300000000000000000e+03 4.500000000000000000e+00
3.578569320002948643e+03 4.400000000000000000e+03 4.500000000000000000e+00
4.429479521598351312e+03 4.500000000000000000e+03 4.500000000000000000e+00
5.466109551820115485e+03 4.600000000000000000e+03 4.500000000000000000e+00
6.823061875973258793e+03 4.700000000000000000e+03 4.500000000000000000e+00
8.561063128755511570e+03 4.800000000000000000e+03 4.500000000000000000e+00
1.048418235636853024e+04 4.900000000000000000e+03 4.500000000000000000e+00
1.243278659898250044e+04 5.000000000000000000e+03 4.500000000000000000e+00
