# # Chi square, temp, lg
2.292001365741064365e+04 3.900000000000000000e+03 3.500000000000000000e+00
2.209333830769182532e+04 4.000000000000000000e+03 3.500000000000000000e+00
2.120421646423163111e+04 4.100000000000000000e+03 3.500000000000000000e+00
2.038253740431598635e+04 4.200000000000000000e+03 3.500000000000000000e+00
1.918555581290858390e+04 4.300000000000000000e+03 3.500000000000000000e+00
1.804883619949461718e+04 4.400000000000000000e+03 3.500000000000000000e+00
1.662011154152287418e+04 4.500000000000000000e+03 3.500000000000000000e+00
1.516868358925026769e+04 4.600000000000000000e+03 3.500000000000000000e+00
1.355291696537846292e+04 4.700000000000000000e+03 3.500000000000000000e+00
1.210902895000391072e+04 4.800000000000000000e+03 3.500000000000000000e+00
1.023655062025341977e+04 4.900000000000000000e+03 3.500000000000000000e+00
8.260794328414853226e+03 5.000000000000000000e+03 3.500000000000000000e+00
2.287638645158319923e+04 3.900000000000000000e+03 4.000000000000000000e+00
2.208790159247081465e+04 4.000000000000000000e+03 4.000000000000000000e+00
2.109034129483001016e+04 4.100000000000000000e+03 4.000000000000000000e+00
2.030066172725451179e+04 4.200000000000000000e+03 4.000000000000000000e+00
1.917572185244186403e+04 4.300000000000000000e+03 4.000000000000000000e+00
1.821911735091758965e+04 4.400000000000000000e+03 4.000000000000000000e+00
1.704975818001737571e+04 4.500000000000000000e+03 4.000000000000000000e+00
1.541955232312758562e+04 4.600000000000000000e+03 4.000000000000000000e+00
1.392878513932237729e+04 4.700000000000000000e+03 4.000000000000000000e+00
1.225678655093084853e+04 4.800000000000000000e+03 4.000000000000000000e+00
1.075197779130025992e+04 4.900000000000000000e+03 4.000000000000000000e+00
8.487208136256735088e+03 5.000000000000000000e+03 4.000000000000000000e+00
2.282060879413288785e+04 3.900000000000000000e+03 4.500000000000000000e+00
2.211928183857957629e+04 4.000000000000000000e+03 4.500000000000000000e+00
2.132221929398884822e+04 4.100000000000000000e+03 4.500000000000000000e+00
2.051820982177247424e+04 4.200000000000000000e+03 4.500000000000000000e+00
1.930353319629497491e+04 4.300000000000000000e+03 4.500000000000000000e+00
1.826503093638298378e+04 4.400000000000000000e+03 4.500000000000000000e+00
1.706623684809806582e+04 4.500000000000000000e+03 4.500000000000000000e+00
1.538071854645494386e+04 4.600000000000000000e+03 4.500000000000000000e+00
1.408021233998295793e+04 4.700000000000000000e+03 4.500000000000000000e+00
1.259858515481410177e+04 4.800000000000000000e+03 4.500000000000000000e+00
1.041082446983797854e+04 4.900000000000000000e+03 4.500000000000000000e+00
8.672742104874700090e+03 5.000000000000000000e+03 4.500000000000000000e+00
