# # Chi square, temp, lg
1.048236220586426498e+04 3.900000000000000000e+03 3.500000000000000000e+00
9.625346146278823653e+03 4.000000000000000000e+03 3.500000000000000000e+00
8.703811197560497021e+03 4.100000000000000000e+03 3.500000000000000000e+00
7.842831077449577606e+03 4.200000000000000000e+03 3.500000000000000000e+00
6.823815678557370120e+03 4.300000000000000000e+03 3.500000000000000000e+00
5.936733697206212128e+03 4.400000000000000000e+03 3.500000000000000000e+00
5.110552421570610022e+03 4.500000000000000000e+03 3.500000000000000000e+00
4.662749103241030753e+03 4.600000000000000000e+03 3.500000000000000000e+00
4.761535888255228201e+03 4.700000000000000000e+03 3.500000000000000000e+00
5.459618224982505126e+03 4.800000000000000000e+03 3.500000000000000000e+00
6.802711026276623670e+03 4.900000000000000000e+03 3.500000000000000000e+00
8.560735112960141123e+03 5.000000000000000000e+03 3.500000000000000000e+00
1.046119851483200546e+04 3.900000000000000000e+03 4.000000000000000000e+00
9.580518259016575030e+03 4.000000000000000000e+03 4.000000000000000000e+00
8.609205516266432824e+03 4.100000000000000000e+03 4.000000000000000000e+00
7.714554114426073284e+03 4.200000000000000000e+03 4.000000000000000000e+00
6.774531998662988372e+03 4.300000000000000000e+03 4.000000000000000000e+00
5.875501353928714707e+03 4.400000000000000000e+03 4.000000000000000000e+00
4.996202174020838356e+03 4.500000000000000000e+03 4.000000000000000000e+00
4.431258811606429845e+03 4.600000000000000000e+03 4.000000000000000000e+00
4.532982554520081067e+03 4.700000000000000000e+03 4.000000000000000000e+00
5.423269843232256790e+03 4.800000000000000000e+03 4.000000000000000000e+00
6.818129995284361030e+03 4.900000000000000000e+03 4.000000000000000000e+00
8.665724169930921562e+03 5.000000000000000000e+03 4.000000000000000000e+00
1.054830909117719784e+04 3.900000000000000000e+03 4.500000000000000000e+00
9.760192148478548916e+03 4.000000000000000000e+03 4.500000000000000000e+00
8.860126081170288671e+03 4.100000000000000000e+03 4.500000000000000000e+00
7.973727755371553030e+03 4.200000000000000000e+03 4.500000000000000000e+00
6.849033162770969284e+03 4.300000000000000000e+03 4.500000000000000000e+00
5.787283197178437149e+03 4.400000000000000000e+03 4.500000000000000000e+00
5.008930420217299798e+03 4.500000000000000000e+03 4.500000000000000000e+00
4.415846070633821000e+03 4.600000000000000000e+03 4.500000000000000000e+00
4.478653736953436237e+03 4.700000000000000000e+03 4.500000000000000000e+00
5.254776047436812405e+03 4.800000000000000000e+03 4.500000000000000000e+00
6.528367002758474882e+03 4.900000000000000000e+03 4.500000000000000000e+00
8.294067020501293882e+03 5.000000000000000000e+03 4.500000000000000000e+00
