# # Chi square, temp, lg
2.952457521672111852e+03 3.900000000000000000e+03 3.500000000000000000e+00
3.818594155396143833e+03 4.000000000000000000e+03 3.500000000000000000e+00
4.876854724226416693e+03 4.100000000000000000e+03 3.500000000000000000e+00
5.801664544657174702e+03 4.200000000000000000e+03 3.500000000000000000e+00
7.035543680123019840e+03 4.300000000000000000e+03 3.500000000000000000e+00
8.366732736975081934e+03 4.400000000000000000e+03 3.500000000000000000e+00
9.705993186781814074e+03 4.500000000000000000e+03 3.500000000000000000e+00
1.132809550373075945e+04 4.600000000000000000e+03 3.500000000000000000e+00
1.285837833190798119e+04 4.700000000000000000e+03 3.500000000000000000e+00
1.466450470862761722e+04 4.800000000000000000e+03 3.500000000000000000e+00
1.649976917199814852e+04 4.900000000000000000e+03 3.500000000000000000e+00
1.838152295577504992e+04 5.000000000000000000e+03 3.500000000000000000e+00
3.008336352337735661e+03 3.900000000000000000e+03 4.000000000000000000e+00
3.893126398449932367e+03 4.000000000000000000e+03 4.000000000000000000e+00
4.911948310399478032e+03 4.100000000000000000e+03 4.000000000000000000e+00
5.999618681604171798e+03 4.200000000000000000e+03 4.000000000000000000e+00
7.102315598305269305e+03 4.300000000000000000e+03 4.000000000000000000e+00
8.364671906798441341e+03 4.400000000000000000e+03 4.000000000000000000e+00
9.830748948401696907e+03 4.500000000000000000e+03 4.000000000000000000e+00
1.144743443624667998e+04 4.600000000000000000e+03 4.000000000000000000e+00
1.300911256834697815e+04 4.700000000000000000e+03 4.000000000000000000e+00
1.491741569747554422e+04 4.800000000000000000e+03 4.000000000000000000e+00
1.661885263680835851e+04 4.900000000000000000e+03 4.000000000000000000e+00
1.881612820281661698e+04 5.000000000000000000e+03 4.000000000000000000e+00
3.062372794859024907e+03 3.900000000000000000e+03 4.500000000000000000e+00
3.860491849769026430e+03 4.000000000000000000e+03 4.500000000000000000e+00
4.768572054435921928e+03 4.100000000000000000e+03 4.500000000000000000e+00
5.718450149653733206e+03 4.200000000000000000e+03 4.500000000000000000e+00
7.025812194187992645e+03 4.300000000000000000e+03 4.500000000000000000e+00
8.388550621300759303e+03 4.400000000000000000e+03 4.500000000000000000e+00
9.721936451843261239e+03 4.500000000000000000e+03 4.500000000000000000e+00
1.137645607407451098e+04 4.600000000000000000e+03 4.500000000000000000e+00
1.299330803821608060e+04 4.700000000000000000e+03 4.500000000000000000e+00
1.500169356137967407e+04 4.800000000000000000e+03 4.500000000000000000e+00
1.667769511431187493e+04 4.900000000000000000e+03 4.500000000000000000e+00
1.876349114247850957e+04 5.000000000000000000e+03 4.500000000000000000e+00
