# # Chi square, temp, lg
7.126322721440915302e+03 3.900000000000000000e+03 3.500000000000000000e+00
6.148106517988652740e+03 4.000000000000000000e+03 3.500000000000000000e+00
5.146998799842685912e+03 4.100000000000000000e+03 3.500000000000000000e+00
4.195925694960695182e+03 4.200000000000000000e+03 3.500000000000000000e+00
3.064337534258423602e+03 4.300000000000000000e+03 3.500000000000000000e+00
1.983422771880776963e+03 4.400000000000000000e+03 3.500000000000000000e+00
1.320771979527340591e+03 4.500000000000000000e+03 3.500000000000000000e+00
2.160684834034889718e+03 4.600000000000000000e+03 3.500000000000000000e+00
3.679173682507069771e+03 4.700000000000000000e+03 3.500000000000000000e+00
5.462587731919802536e+03 4.800000000000000000e+03 3.500000000000000000e+00
7.200264159793347972e+03 4.900000000000000000e+03 3.500000000000000000e+00
9.422998711446702146e+03 5.000000000000000000e+03 3.500000000000000000e+00
7.104649032863141656e+03 3.900000000000000000e+03 4.000000000000000000e+00
6.119947971516671714e+03 4.000000000000000000e+03 4.000000000000000000e+00
5.145410420974552835e+03 4.100000000000000000e+03 4.000000000000000000e+00
4.085139528089119722e+03 4.200000000000000000e+03 4.000000000000000000e+00
3.021222654498269094e+03 4.300000000000000000e+03 4.000000000000000000e+00
2.044262639201655247e+03 4.400000000000000000e+03 4.000000000000000000e+00
1.565170623916889781e+03 4.500000000000000000e+03 4.000000000000000000e+00
2.336275830310523361e+03 4.600000000000000000e+03 4.000000000000000000e+00
3.873448391690241806e+03 4.700000000000000000e+03 4.000000000000000000e+00
5.531201156380057910e+03 4.800000000000000000e+03 4.000000000000000000e+00
7.652588133522722273e+03 4.900000000000000000e+03 4.000000000000000000e+00
9.749343196437806910e+03 5.000000000000000000e+03 4.000000000000000000e+00
7.086105840909714971e+03 3.900000000000000000e+03 4.500000000000000000e+00
6.271951074823135968e+03 4.000000000000000000e+03 4.500000000000000000e+00
5.354889823082730800e+03 4.100000000000000000e+03 4.500000000000000000e+00
4.373737462371454967e+03 4.200000000000000000e+03 4.500000000000000000e+00
3.091087989344327525e+03 4.300000000000000000e+03 4.500000000000000000e+00
2.060964742589560046e+03 4.400000000000000000e+03 4.500000000000000000e+00
1.714208932330654989e+03 4.500000000000000000e+03 4.500000000000000000e+00
2.405007915463414065e+03 4.600000000000000000e+03 4.500000000000000000e+00
3.923174573093850540e+03 4.700000000000000000e+03 4.500000000000000000e+00
5.778523056909201841e+03 4.800000000000000000e+03 4.500000000000000000e+00
7.616686001770574876e+03 4.900000000000000000e+03 4.500000000000000000e+00
9.758100764383361820e+03 5.000000000000000000e+03 4.500000000000000000e+00
