# # Chi square, temp, lg
3.270898805264184830e+03 3.900000000000000000e+03 3.500000000000000000e+00
4.161756576187424798e+03 4.000000000000000000e+03 3.500000000000000000e+00
5.092213445883258828e+03 4.100000000000000000e+03 3.500000000000000000e+00
6.070997899960224458e+03 4.200000000000000000e+03 3.500000000000000000e+00
7.267306834588462152e+03 4.300000000000000000e+03 3.500000000000000000e+00
8.464573332734982614e+03 4.400000000000000000e+03 3.500000000000000000e+00
9.814287872997461818e+03 4.500000000000000000e+03 3.500000000000000000e+00
1.124228281955521925e+04 4.600000000000000000e+03 3.500000000000000000e+00
1.279224830963223030e+04 4.700000000000000000e+03 3.500000000000000000e+00
1.458371362721011246e+04 4.800000000000000000e+03 3.500000000000000000e+00
1.621221919712266936e+04 4.900000000000000000e+03 3.500000000000000000e+00
1.818305437440640162e+04 5.000000000000000000e+03 3.500000000000000000e+00
3.307321372896852154e+03 3.900000000000000000e+03 4.000000000000000000e+00
4.202928441348309207e+03 4.000000000000000000e+03 4.000000000000000000e+00
5.238633724911946047e+03 4.100000000000000000e+03 4.000000000000000000e+00
6.242464623530707286e+03 4.200000000000000000e+03 4.000000000000000000e+00
7.260373555877062245e+03 4.300000000000000000e+03 4.000000000000000000e+00
8.473018567653496575e+03 4.400000000000000000e+03 4.000000000000000000e+00
9.852285643397110107e+03 4.500000000000000000e+03 4.000000000000000000e+00
1.136610284318797494e+04 4.600000000000000000e+03 4.000000000000000000e+00
1.284650963167890040e+04 4.700000000000000000e+03 4.000000000000000000e+00
1.458416119346991218e+04 4.800000000000000000e+03 4.000000000000000000e+00
1.631386363914077083e+04 4.900000000000000000e+03 4.000000000000000000e+00
1.850828769573553654e+04 5.000000000000000000e+03 4.000000000000000000e+00
3.336082507262062791e+03 3.900000000000000000e+03 4.500000000000000000e+00
4.116684220891950645e+03 4.000000000000000000e+03 4.500000000000000000e+00
5.011933809770903281e+03 4.100000000000000000e+03 4.500000000000000000e+00
6.019250790727135609e+03 4.200000000000000000e+03 4.500000000000000000e+00
7.254315038038833336e+03 4.300000000000000000e+03 4.500000000000000000e+00
8.408987629929182731e+03 4.400000000000000000e+03 4.500000000000000000e+00
9.873757456803694367e+03 4.500000000000000000e+03 4.500000000000000000e+00
1.140946455535494533e+04 4.600000000000000000e+03 4.500000000000000000e+00
1.298152504850612968e+04 4.700000000000000000e+03 4.500000000000000000e+00
1.468031786132412890e+04 4.800000000000000000e+03 4.500000000000000000e+00
1.652750400030965466e+04 4.900000000000000000e+03 4.500000000000000000e+00
1.834030189471655831e+04 5.000000000000000000e+03 4.500000000000000000e+00
