# # Chi square, temp, lg
1.614011792244717253e+04 3.900000000000000000e+03 3.500000000000000000e+00
1.529496008645622351e+04 4.000000000000000000e+03 3.500000000000000000e+00
1.427560414614641013e+04 4.100000000000000000e+03 3.500000000000000000e+00
1.342829260597131724e+04 4.200000000000000000e+03 3.500000000000000000e+00
1.227088934494575915e+04 4.300000000000000000e+03 3.500000000000000000e+00
1.102182390230359306e+04 4.400000000000000000e+03 3.500000000000000000e+00
9.876479723797812767e+03 4.500000000000000000e+03 3.500000000000000000e+00
8.198376858315165009e+03 4.600000000000000000e+03 3.500000000000000000e+00
6.658500908140270440e+03 4.700000000000000000e+03 3.500000000000000000e+00
5.367802688131761897e+03 4.800000000000000000e+03 3.500000000000000000e+00
4.026014833134574928e+03 4.900000000000000000e+03 3.500000000000000000e+00
3.096290524949586143e+03 5.000000000000000000e+03 3.500000000000000000e+00
1.615566556603688150e+04 3.900000000000000000e+03 4.000000000000000000e+00
1.527857839843766851e+04 4.000000000000000000e+03 4.000000000000000000e+00
1.427841251838894459e+04 4.100000000000000000e+03 4.000000000000000000e+00
1.334980421320095593e+04 4.200000000000000000e+03 4.000000000000000000e+00
1.221002681934766952e+04 4.300000000000000000e+03 4.000000000000000000e+00
1.105439722522304146e+04 4.400000000000000000e+03 4.000000000000000000e+00
9.765463792572931197e+03 4.500000000000000000e+03 4.000000000000000000e+00
8.199587699549092576e+03 4.600000000000000000e+03 4.000000000000000000e+00
6.826481714174721674e+03 4.700000000000000000e+03 4.000000000000000000e+00
5.171905151958088027e+03 4.800000000000000000e+03 4.000000000000000000e+00
3.864228224850388870e+03 4.900000000000000000e+03 4.000000000000000000e+00
3.562879788722964349e+03 5.000000000000000000e+03 4.000000000000000000e+00
1.611934318342103325e+04 3.900000000000000000e+03 4.500000000000000000e+00
1.532455329375645852e+04 4.000000000000000000e+03 4.500000000000000000e+00
1.445801907579039835e+04 4.100000000000000000e+03 4.500000000000000000e+00
1.358321570922165301e+04 4.200000000000000000e+03 4.500000000000000000e+00
1.228298101798983407e+04 4.300000000000000000e+03 4.500000000000000000e+00
1.105501584137606733e+04 4.400000000000000000e+03 4.500000000000000000e+00
9.788561520732922872e+03 4.500000000000000000e+03 4.500000000000000000e+00
8.099406036713659887e+03 4.600000000000000000e+03 4.500000000000000000e+00
6.675075220104120490e+03 4.700000000000000000e+03 4.500000000000000000e+00
5.041698453149858324e+03 4.800000000000000000e+03 4.500000000000000000e+00
3.950048769357380024e+03 4.900000000000000000e+03 4.500000000000000000e+00
3.334971408490806880e+03 5.000000000000000000e+03 4.500000000000000000e+00
