# # Chi square, temp, lg
2.915585446105721985e+03 3.900000000000000000e+03 3.500000000000000000e+00
3.789012058199090916e+03 4.000000000000000000e+03 3.500000000000000000e+00
4.855614640022805361e+03 4.100000000000000000e+03 3.500000000000000000e+00
5.786382843864319511e+03 4.200000000000000000e+03 3.500000000000000000e+00
7.028652023597539483e+03 4.300000000000000000e+03 3.500000000000000000e+00
8.369436589513648869e+03 4.400000000000000000e+03 3.500000000000000000e+00
9.717543597496518487e+03 4.500000000000000000e+03 3.500000000000000000e+00
1.135003482857320887e+04 4.600000000000000000e+03 3.500000000000000000e+00
1.289055233083365601e+04 4.700000000000000000e+03 3.500000000000000000e+00
1.470852854255699822e+04 4.800000000000000000e+03 3.500000000000000000e+00
1.655547230750889867e+04 4.900000000000000000e+03 3.500000000000000000e+00
1.844932251982794696e+04 5.000000000000000000e+03 3.500000000000000000e+00
2.971522266506057349e+03 3.900000000000000000e+03 4.000000000000000000e+00
3.862871830432347906e+03 4.000000000000000000e+03 4.000000000000000000e+00
4.888526600453105857e+03 4.100000000000000000e+03 4.000000000000000000e+00
5.985345536944840205e+03 4.200000000000000000e+03 4.000000000000000000e+00
7.096248017724790770e+03 4.300000000000000000e+03 4.000000000000000000e+00
8.366740433829418180e+03 4.400000000000000000e+03 4.000000000000000000e+00
9.843521044950754003e+03 4.500000000000000000e+03 4.000000000000000000e+00
1.147094988999999987e+04 4.600000000000000000e+03 4.000000000000000000e+00
1.304236524897164236e+04 4.700000000000000000e+03 4.000000000000000000e+00
1.496343016052291932e+04 4.800000000000000000e+03 4.000000000000000000e+00
1.667551706670285785e+04 4.900000000000000000e+03 4.000000000000000000e+00
1.888730217189266114e+04 5.000000000000000000e+03 4.000000000000000000e+00
3.024502922559755007e+03 3.900000000000000000e+03 4.500000000000000000e+00
3.829468360352712352e+03 4.000000000000000000e+03 4.500000000000000000e+00
4.744023998698782634e+03 4.100000000000000000e+03 4.500000000000000000e+00
5.700696770538423152e+03 4.200000000000000000e+03 4.500000000000000000e+00
7.017757347883976763e+03 4.300000000000000000e+03 4.500000000000000000e+00
8.390586890067826971e+03 4.400000000000000000e+03 4.500000000000000000e+00
9.732586519613492783e+03 4.500000000000000000e+03 4.500000000000000000e+00
1.139852606606717563e+04 4.600000000000000000e+03 4.500000000000000000e+00
1.302613092688531651e+04 4.700000000000000000e+03 4.500000000000000000e+00
1.504815619756404703e+04 4.800000000000000000e+03 4.500000000000000000e+00
1.673440842473330122e+04 4.900000000000000000e+03 4.500000000000000000e+00
1.883375155756668755e+04 5.000000000000000000e+03 4.500000000000000000e+00
