# # Chi square, temp, lg
2.892948792467295789e+03 2.900000000000000000e+03 3.500000000000000000e+00
2.571130264493816867e+03 3.000000000000000000e+03 3.500000000000000000e+00
2.244240167163060960e+03 3.100000000000000000e+03 3.500000000000000000e+00
1.914902271936024363e+03 3.200000000000000000e+03 3.500000000000000000e+00
1.551407254496102041e+03 3.300000000000000000e+03 3.500000000000000000e+00
1.206917341900649490e+03 3.400000000000000000e+03 3.500000000000000000e+00
9.950796086308736221e+02 3.500000000000000000e+03 3.500000000000000000e+00
1.093244282136544371e+03 3.600000000000000000e+03 3.500000000000000000e+00
1.492206658689750611e+03 3.700000000000000000e+03 3.500000000000000000e+00
2.137437457753526360e+03 3.800000000000000000e+03 3.500000000000000000e+00
2.915585446105721985e+03 3.900000000000000000e+03 3.500000000000000000e+00
3.789012058199090916e+03 4.000000000000000000e+03 3.500000000000000000e+00
2.851574175341714636e+03 2.900000000000000000e+03 4.000000000000000000e+00
2.549693873094371156e+03 3.000000000000000000e+03 4.000000000000000000e+00
2.253012969739498203e+03 3.100000000000000000e+03 4.000000000000000000e+00
1.901154782184004034e+03 3.200000000000000000e+03 4.000000000000000000e+00
1.569123713086625003e+03 3.300000000000000000e+03 4.000000000000000000e+00
1.302384074105546233e+03 3.400000000000000000e+03 4.000000000000000000e+00
1.126923629083727064e+03 3.500000000000000000e+03 4.000000000000000000e+00
1.256784329415694856e+03 3.600000000000000000e+03 4.000000000000000000e+00
1.635469480571326812e+03 3.700000000000000000e+03 4.000000000000000000e+00
2.234378246395055157e+03 3.800000000000000000e+03 4.000000000000000000e+00
2.971522266506057349e+03 3.900000000000000000e+03 4.000000000000000000e+00
3.862871830432347906e+03 4.000000000000000000e+03 4.000000000000000000e+00
2.845328681769452487e+03 2.900000000000000000e+03 4.500000000000000000e+00
2.556852849176135351e+03 3.000000000000000000e+03 4.500000000000000000e+00
2.232758282651783702e+03 3.100000000000000000e+03 4.500000000000000000e+00
1.900775684178053325e+03 3.200000000000000000e+03 4.500000000000000000e+00
1.601424337118902031e+03 3.300000000000000000e+03 4.500000000000000000e+00
1.354368522820540647e+03 3.400000000000000000e+03 4.500000000000000000e+00
1.251982651754878589e+03 3.500000000000000000e+03 4.500000000000000000e+00
1.429619056005981975e+03 3.600000000000000000e+03 4.500000000000000000e+00
1.747749183827669185e+03 3.700000000000000000e+03 4.500000000000000000e+00
2.329848794027448548e+03 3.800000000000000000e+03 4.500000000000000000e+00
3.024502922559755007e+03 3.900000000000000000e+03 4.500000000000000000e+00
3.829468360352712352e+03 4.000000000000000000e+03 4.500000000000000000e+00
