# # Chi square, temp, lg
1.947642290382676583e+04 3.900000000000000000e+03 3.500000000000000000e+00
1.849459485828700781e+04 4.000000000000000000e+03 3.500000000000000000e+00
1.749329580008134144e+04 4.100000000000000000e+03 3.500000000000000000e+00
1.653152933557395590e+04 4.200000000000000000e+03 3.500000000000000000e+00
1.534061720165605766e+04 4.300000000000000000e+03 3.500000000000000000e+00
1.410776239253037056e+04 4.400000000000000000e+03 3.500000000000000000e+00
1.274645583645804800e+04 4.500000000000000000e+03 3.500000000000000000e+00
1.137052446502914972e+04 4.600000000000000000e+03 3.500000000000000000e+00
1.007519333878443285e+04 4.700000000000000000e+03 3.500000000000000000e+00
8.830991630926015205e+03 4.800000000000000000e+03 3.500000000000000000e+00
7.692743655265778216e+03 4.900000000000000000e+03 3.500000000000000000e+00
6.953066253447947020e+03 5.000000000000000000e+03 3.500000000000000000e+00
1.946523167317873595e+04 3.900000000000000000e+03 4.000000000000000000e+00
1.846469771046119422e+04 4.000000000000000000e+03 4.000000000000000000e+00
1.745904499878741990e+04 4.100000000000000000e+03 4.000000000000000000e+00
1.637265612940551728e+04 4.200000000000000000e+03 4.000000000000000000e+00
1.524019224771369409e+04 4.300000000000000000e+03 4.000000000000000000e+00
1.405151399351167311e+04 4.400000000000000000e+03 4.000000000000000000e+00
1.268117732514961426e+04 4.500000000000000000e+03 4.000000000000000000e+00
1.129441711727448273e+04 4.600000000000000000e+03 4.000000000000000000e+00
9.968010512576904148e+03 4.700000000000000000e+03 4.000000000000000000e+00
8.626700744646585008e+03 4.800000000000000000e+03 4.000000000000000000e+00
7.537505535965621675e+03 4.900000000000000000e+03 4.000000000000000000e+00
7.004811478727618123e+03 5.000000000000000000e+03 4.000000000000000000e+00
1.948211881238400019e+04 3.900000000000000000e+03 4.500000000000000000e+00
1.864819790567750897e+04 4.000000000000000000e+03 4.500000000000000000e+00
1.769028670288521607e+04 4.100000000000000000e+03 4.500000000000000000e+00
1.668355751076087836e+04 4.200000000000000000e+03 4.500000000000000000e+00
1.532015382434968160e+04 4.300000000000000000e+03 4.500000000000000000e+00
1.402342408433374840e+04 4.400000000000000000e+03 4.500000000000000000e+00
1.271532712713010551e+04 4.500000000000000000e+03 4.500000000000000000e+00
1.122862150856696644e+04 4.600000000000000000e+03 4.500000000000000000e+00
9.853762449506906705e+03 4.700000000000000000e+03 4.500000000000000000e+00
8.500570261263572320e+03 4.800000000000000000e+03 4.500000000000000000e+00
7.362392029133502547e+03 4.900000000000000000e+03 4.500000000000000000e+00
6.968534512649310273e+03 5.000000000000000000e+03 4.500000000000000000e+00
