# # Chi square, temp, lg
2.021483636856338853e+04 3.900000000000000000e+03 3.500000000000000000e+00
1.923160287573372989e+04 4.000000000000000000e+03 3.500000000000000000e+00
1.822745360557765525e+04 4.100000000000000000e+03 3.500000000000000000e+00
1.726299378021871962e+04 4.200000000000000000e+03 3.500000000000000000e+00
1.606531996249115400e+04 4.300000000000000000e+03 3.500000000000000000e+00
1.482431347886914227e+04 4.400000000000000000e+03 3.500000000000000000e+00
1.344919282574397585e+04 4.500000000000000000e+03 3.500000000000000000e+00
1.205147946749024049e+04 4.600000000000000000e+03 3.500000000000000000e+00
1.071943045887037260e+04 4.700000000000000000e+03 3.500000000000000000e+00
9.412299261986949205e+03 4.800000000000000000e+03 3.500000000000000000e+00
8.181095068494109910e+03 4.900000000000000000e+03 3.500000000000000000e+00
7.254944501324846897e+03 5.000000000000000000e+03 3.500000000000000000e+00
2.020339897567655498e+04 3.900000000000000000e+03 4.000000000000000000e+00
1.920177385005188262e+04 4.000000000000000000e+03 4.000000000000000000e+00
1.819487945767710698e+04 4.100000000000000000e+03 4.000000000000000000e+00
1.710519590884191348e+04 4.200000000000000000e+03 4.000000000000000000e+00
1.596619591305565154e+04 4.300000000000000000e+03 4.000000000000000000e+00
1.476898703478237621e+04 4.400000000000000000e+03 4.000000000000000000e+00
1.338375378176786944e+04 4.500000000000000000e+03 4.000000000000000000e+00
1.197546421979462502e+04 4.600000000000000000e+03 4.000000000000000000e+00
1.061163017603019762e+04 4.700000000000000000e+03 4.000000000000000000e+00
9.211448851846544130e+03 4.800000000000000000e+03 4.000000000000000000e+00
7.994707793611284615e+03 4.900000000000000000e+03 4.000000000000000000e+00
7.281699968724841710e+03 5.000000000000000000e+03 4.000000000000000000e+00
2.021892111993471917e+04 3.900000000000000000e+03 4.500000000000000000e+00
1.938501111243968262e+04 4.000000000000000000e+03 4.500000000000000000e+00
1.842646613406516917e+04 4.100000000000000000e+03 4.500000000000000000e+00
1.741739352514332495e+04 4.200000000000000000e+03 4.500000000000000000e+00
1.604952143204475033e+04 4.300000000000000000e+03 4.500000000000000000e+00
1.474335677747788213e+04 4.400000000000000000e+03 4.500000000000000000e+00
1.342189021573648279e+04 4.500000000000000000e+03 4.500000000000000000e+00
1.191190869188182478e+04 4.600000000000000000e+03 4.500000000000000000e+00
1.049926593693563518e+04 4.700000000000000000e+03 4.500000000000000000e+00
9.075843465122841735e+03 4.800000000000000000e+03 4.500000000000000000e+00
7.833976807712941081e+03 4.900000000000000000e+03 4.500000000000000000e+00
7.249583545483438684e+03 5.000000000000000000e+03 4.500000000000000000e+00
