# # Chi square, temp, lg
2.607116728206388143e+04 2.400000000000000000e+03 3.500000000000000000e+00
2.593752549230673685e+04 2.500000000000000000e+03 3.500000000000000000e+00
2.580754282878335289e+04 2.600000000000000000e+03 3.500000000000000000e+00
2.563220611952554100e+04 2.700000000000000000e+03 3.500000000000000000e+00
2.543921291810884941e+04 2.800000000000000000e+03 3.500000000000000000e+00
2.518725213785366577e+04 2.900000000000000000e+03 3.500000000000000000e+00
2.492603970716295589e+04 3.000000000000000000e+03 3.500000000000000000e+00
2.462582840729116651e+04 3.100000000000000000e+03 3.500000000000000000e+00
2.431849844744100119e+04 3.200000000000000000e+03 3.500000000000000000e+00
2.394015472653783945e+04 3.300000000000000000e+03 3.500000000000000000e+00
2.349003593458497198e+04 3.400000000000000000e+03 3.500000000000000000e+00
2.301974065289674400e+04 3.500000000000000000e+03 3.500000000000000000e+00
2.604403217115493317e+04 2.400000000000000000e+03 4.000000000000000000e+00
2.591427573465180467e+04 2.500000000000000000e+03 4.000000000000000000e+00
2.576956306490768839e+04 2.600000000000000000e+03 4.000000000000000000e+00
2.560136300548744839e+04 2.700000000000000000e+03 4.000000000000000000e+00
2.539698080603769267e+04 2.800000000000000000e+03 4.000000000000000000e+00
2.515131237113915267e+04 2.900000000000000000e+03 4.000000000000000000e+00
2.487947745416313774e+04 3.000000000000000000e+03 4.000000000000000000e+00
2.457926161599444822e+04 3.100000000000000000e+03 4.000000000000000000e+00
2.423286972443967534e+04 3.200000000000000000e+03 4.000000000000000000e+00
2.383280670945270685e+04 3.300000000000000000e+03 4.000000000000000000e+00
2.341254222506337828e+04 3.400000000000000000e+03 4.000000000000000000e+00
2.288596993046978241e+04 3.500000000000000000e+03 4.000000000000000000e+00
2.602110723485124254e+04 2.400000000000000000e+03 4.500000000000000000e+00
2.590484360493515123e+04 2.500000000000000000e+03 4.500000000000000000e+00
2.575992401268583853e+04 2.600000000000000000e+03 4.500000000000000000e+00
2.558327132494252146e+04 2.700000000000000000e+03 4.500000000000000000e+00
2.539205787255669566e+04 2.800000000000000000e+03 4.500000000000000000e+00
2.515337401214522106e+04 2.900000000000000000e+03 4.500000000000000000e+00
2.488335215340538707e+04 3.000000000000000000e+03 4.500000000000000000e+00
2.453810837825472481e+04 3.100000000000000000e+03 4.500000000000000000e+00
2.418496267100637124e+04 3.200000000000000000e+03 4.500000000000000000e+00
2.379042802854749607e+04 3.300000000000000000e+03 4.500000000000000000e+00
2.335222458662614372e+04 3.400000000000000000e+03 4.500000000000000000e+00
2.286109773775248323e+04 3.500000000000000000e+03 4.500000000000000000e+00
