# # Chi square, temp, lg
3.054874163562448302e+03 2.400000000000000000e+03 3.500000000000000000e+00
2.894197925201805447e+03 2.500000000000000000e+03 3.500000000000000000e+00
2.722241819153000961e+03 2.600000000000000000e+03 3.500000000000000000e+00
2.502716575657374051e+03 2.700000000000000000e+03 3.500000000000000000e+00
2.269099530216433777e+03 2.800000000000000000e+03 3.500000000000000000e+00
1.978145815042073309e+03 2.900000000000000000e+03 3.500000000000000000e+00
1.657467573425035880e+03 3.000000000000000000e+03 3.500000000000000000e+00
1.348206495322083811e+03 3.100000000000000000e+03 3.500000000000000000e+00
9.995119371606830327e+02 3.200000000000000000e+03 3.500000000000000000e+00
6.513403833523279900e+02 3.300000000000000000e+03 3.500000000000000000e+00
4.835569021679110051e+02 3.400000000000000000e+03 3.500000000000000000e+00
6.926201380860221661e+02 3.500000000000000000e+03 3.500000000000000000e+00
3.022525625450517509e+03 2.400000000000000000e+03 4.000000000000000000e+00
2.853312189568222038e+03 2.500000000000000000e+03 4.000000000000000000e+00
2.661800490809740950e+03 2.600000000000000000e+03 4.000000000000000000e+00
2.455575441316490924e+03 2.700000000000000000e+03 4.000000000000000000e+00
2.203748561380796218e+03 2.800000000000000000e+03 4.000000000000000000e+00
1.929510680010889246e+03 2.900000000000000000e+03 4.000000000000000000e+00
1.640545884107998745e+03 3.000000000000000000e+03 4.000000000000000000e+00
1.329274310259919957e+03 3.100000000000000000e+03 4.000000000000000000e+00
9.983679789950936083e+02 3.200000000000000000e+03 4.000000000000000000e+00
7.004894962521909747e+02 3.300000000000000000e+03 4.000000000000000000e+00
6.218428140894415037e+02 3.400000000000000000e+03 4.000000000000000000e+00
8.874172374428781040e+02 3.500000000000000000e+03 4.000000000000000000e+00
2.991592382597343203e+03 2.400000000000000000e+03 4.500000000000000000e+00
2.823916840013070669e+03 2.500000000000000000e+03 4.500000000000000000e+00
2.637099813849091788e+03 2.600000000000000000e+03 4.500000000000000000e+00
2.426441382106553647e+03 2.700000000000000000e+03 4.500000000000000000e+00
2.189697083051470599e+03 2.800000000000000000e+03 4.500000000000000000e+00
1.924717633842422401e+03 2.900000000000000000e+03 4.500000000000000000e+00
1.641583022567992202e+03 3.000000000000000000e+03 4.500000000000000000e+00
1.316902644465807953e+03 3.100000000000000000e+03 4.500000000000000000e+00
9.981263112968309770e+02 3.200000000000000000e+03 4.500000000000000000e+00
7.503335172282398844e+02 3.300000000000000000e+03 4.500000000000000000e+00
7.167873586668999906e+02 3.400000000000000000e+03 4.500000000000000000e+00
9.427397029897548464e+02 3.500000000000000000e+03 4.500000000000000000e+00
