# # Chi square, temp, lg
2.206979034026279624e+04 2.400000000000000000e+03 3.500000000000000000e+00
2.194246504996436852e+04 2.500000000000000000e+03 3.500000000000000000e+00
2.180788826774852350e+04 2.600000000000000000e+03 3.500000000000000000e+00
2.162507206172366932e+04 2.700000000000000000e+03 3.500000000000000000e+00
2.143298747044784977e+04 2.800000000000000000e+03 3.500000000000000000e+00
2.116908749573850582e+04 2.900000000000000000e+03 3.500000000000000000e+00
2.088493312021133897e+04 3.000000000000000000e+03 3.500000000000000000e+00
2.059608216530838763e+04 3.100000000000000000e+03 3.500000000000000000e+00
2.027681470176947914e+04 3.200000000000000000e+03 3.500000000000000000e+00
1.988131231087114429e+04 3.300000000000000000e+03 3.500000000000000000e+00
1.944122352724839584e+04 3.400000000000000000e+03 3.500000000000000000e+00
1.899420820231434845e+04 3.500000000000000000e+03 3.500000000000000000e+00
2.205183695062643892e+04 2.400000000000000000e+03 4.000000000000000000e+00
2.192055740890046582e+04 2.500000000000000000e+03 4.000000000000000000e+00
2.176957419432695315e+04 2.600000000000000000e+03 4.000000000000000000e+00
2.159644530436281639e+04 2.700000000000000000e+03 4.000000000000000000e+00
2.138260832915334322e+04 2.800000000000000000e+03 4.000000000000000000e+00
2.112762029982613967e+04 2.900000000000000000e+03 4.000000000000000000e+00
2.084195040163438171e+04 3.000000000000000000e+03 4.000000000000000000e+00
2.054606894950464994e+04 3.100000000000000000e+03 4.000000000000000000e+00
2.017913892796891378e+04 3.200000000000000000e+03 4.000000000000000000e+00
1.981280770463561930e+04 3.300000000000000000e+03 4.000000000000000000e+00
1.938296520005548155e+04 3.400000000000000000e+03 4.000000000000000000e+00
1.886729936276191438e+04 3.500000000000000000e+03 4.000000000000000000e+00
2.203613858850359611e+04 2.400000000000000000e+03 4.500000000000000000e+00
2.190875174406609585e+04 2.500000000000000000e+03 4.500000000000000000e+00
2.176451503771209173e+04 2.600000000000000000e+03 4.500000000000000000e+00
2.158583958870921560e+04 2.700000000000000000e+03 4.500000000000000000e+00
2.138353598375530055e+04 2.800000000000000000e+03 4.500000000000000000e+00
2.113534405190501639e+04 2.900000000000000000e+03 4.500000000000000000e+00
2.087053686611822559e+04 3.000000000000000000e+03 4.500000000000000000e+00
2.050269488198978434e+04 3.100000000000000000e+03 4.500000000000000000e+00
2.013738025543869298e+04 3.200000000000000000e+03 4.500000000000000000e+00
1.976714191603174550e+04 3.300000000000000000e+03 4.500000000000000000e+00
1.931921943299369013e+04 3.400000000000000000e+03 4.500000000000000000e+00
1.883296362529796170e+04 3.500000000000000000e+03 4.500000000000000000e+00
