# # Chi square, temp, lg
1.153930939952416520e+04 2.900000000000000000e+03 3.500000000000000000e+00
1.128877980746108915e+04 3.000000000000000000e+03 3.500000000000000000e+00
1.100038044197903037e+04 3.100000000000000000e+03 3.500000000000000000e+00
1.070777407421610769e+04 3.200000000000000000e+03 3.500000000000000000e+00
1.034920905486817537e+04 3.300000000000000000e+03 3.500000000000000000e+00
9.920243812585622436e+03 3.400000000000000000e+03 3.500000000000000000e+00
9.475854607735172976e+03 3.500000000000000000e+03 3.500000000000000000e+00
8.906342004876858482e+03 3.600000000000000000e+03 3.500000000000000000e+00
8.365711980070942445e+03 3.700000000000000000e+03 3.500000000000000000e+00
7.544250578036552724e+03 3.800000000000000000e+03 3.500000000000000000e+00
6.746002857819024939e+03 3.900000000000000000e+03 3.500000000000000000e+00
5.768476213418726729e+03 4.000000000000000000e+03 3.500000000000000000e+00
1.150464312053580943e+04 2.900000000000000000e+03 4.000000000000000000e+00
1.124151756106680114e+04 3.000000000000000000e+03 4.000000000000000000e+00
1.095131044755102448e+04 3.100000000000000000e+03 4.000000000000000000e+00
1.061828980612835403e+04 3.200000000000000000e+03 4.000000000000000000e+00
1.023351841838324253e+04 3.300000000000000000e+03 4.000000000000000000e+00
9.829304762848803875e+03 3.400000000000000000e+03 4.000000000000000000e+00
9.324204478660813038e+03 3.500000000000000000e+03 4.000000000000000000e+00
8.782343697607673676e+03 3.600000000000000000e+03 4.000000000000000000e+00
8.180153862820481663e+03 3.700000000000000000e+03 4.000000000000000000e+00
7.494466873958485849e+03 3.800000000000000000e+03 4.000000000000000000e+00
6.724087596645304075e+03 3.900000000000000000e+03 4.000000000000000000e+00
5.740260762045418232e+03 4.000000000000000000e+03 4.000000000000000000e+00
1.150682590687942866e+04 2.900000000000000000e+03 4.500000000000000000e+00
1.124520051307872745e+04 3.000000000000000000e+03 4.500000000000000000e+00
1.090932437520291751e+04 3.100000000000000000e+03 4.500000000000000000e+00
1.056894110201343756e+04 3.200000000000000000e+03 4.500000000000000000e+00
1.018717626142818517e+04 3.300000000000000000e+03 4.500000000000000000e+00
9.762165565749617599e+03 3.400000000000000000e+03 4.500000000000000000e+00
9.288254627653890566e+03 3.500000000000000000e+03 4.500000000000000000e+00
8.757937912167169998e+03 3.600000000000000000e+03 4.500000000000000000e+00
8.152861525053658625e+03 3.700000000000000000e+03 4.500000000000000000e+00
7.462241531608402511e+03 3.800000000000000000e+03 4.500000000000000000e+00
6.705620496161920528e+03 3.900000000000000000e+03 4.500000000000000000e+00
5.891013843308091054e+03 4.000000000000000000e+03 4.500000000000000000e+00
