# # Chi square, temp, lg
5.274775573277092008e+03 3.900000000000000000e+03 3.500000000000000000e+00
6.133301163735432965e+03 4.000000000000000000e+03 3.500000000000000000e+00
7.089900434691700866e+03 4.100000000000000000e+03 3.500000000000000000e+00
8.029226634106331403e+03 4.200000000000000000e+03 3.500000000000000000e+00
9.186827414353301720e+03 4.300000000000000000e+03 3.500000000000000000e+00
1.038938777163780287e+04 4.400000000000000000e+03 3.500000000000000000e+00
1.174436306944241369e+04 4.500000000000000000e+03 3.500000000000000000e+00
1.321712335311708193e+04 4.600000000000000000e+03 3.500000000000000000e+00
1.468042578517106267e+04 4.700000000000000000e+03 3.500000000000000000e+00
1.658982233223151343e+04 4.800000000000000000e+03 3.500000000000000000e+00
1.847359686573924046e+04 4.900000000000000000e+03 3.500000000000000000e+00
2.044973860992409027e+04 5.000000000000000000e+03 3.500000000000000000e+00
5.304974475176675696e+03 3.900000000000000000e+03 4.000000000000000000e+00
6.191319627706045139e+03 4.000000000000000000e+03 4.000000000000000000e+00
7.213386836598862828e+03 4.100000000000000000e+03 4.000000000000000000e+00
8.224059787697724460e+03 4.200000000000000000e+03 4.000000000000000000e+00
9.284564878725463132e+03 4.300000000000000000e+03 4.000000000000000000e+00
1.044147647192756813e+04 4.400000000000000000e+03 4.000000000000000000e+00
1.187982795936280854e+04 4.500000000000000000e+03 4.000000000000000000e+00
1.332887276838433718e+04 4.600000000000000000e+03 4.000000000000000000e+00
1.497083772878664240e+04 4.700000000000000000e+03 4.000000000000000000e+00
1.678293011755723637e+04 4.800000000000000000e+03 4.000000000000000000e+00
1.849131428737489477e+04 4.900000000000000000e+03 4.000000000000000000e+00
2.076345641134075413e+04 5.000000000000000000e+03 4.000000000000000000e+00
5.253448218341833126e+03 3.900000000000000000e+03 4.500000000000000000e+00
6.047735783930404068e+03 4.000000000000000000e+03 4.500000000000000000e+00
7.021040229644651845e+03 4.100000000000000000e+03 4.500000000000000000e+00
7.948727789914876666e+03 4.200000000000000000e+03 4.500000000000000000e+00
9.241418978451798466e+03 4.300000000000000000e+03 4.500000000000000000e+00
1.045020893960998183e+04 4.400000000000000000e+03 4.500000000000000000e+00
1.185516150102343454e+04 4.500000000000000000e+03 4.500000000000000000e+00
1.340649010051770529e+04 4.600000000000000000e+03 4.500000000000000000e+00
1.500240946985155642e+04 4.700000000000000000e+03 4.500000000000000000e+00
1.689776992545579196e+04 4.800000000000000000e+03 4.500000000000000000e+00
1.876765009568626192e+04 4.900000000000000000e+03 4.500000000000000000e+00
2.074480048290119885e+04 5.000000000000000000e+03 4.500000000000000000e+00
