# # Chi square, temp, lg
2.952821907199537236e+03 3.900000000000000000e+03 3.500000000000000000e+00
3.818875960310125265e+03 4.000000000000000000e+03 3.500000000000000000e+00
4.877098495993222059e+03 4.100000000000000000e+03 3.500000000000000000e+00
5.801882407546095237e+03 4.200000000000000000e+03 3.500000000000000000e+00
7.035747078516383226e+03 4.300000000000000000e+03 3.500000000000000000e+00
8.366926904094654674e+03 4.400000000000000000e+03 3.500000000000000000e+00
9.706176867752476028e+03 4.500000000000000000e+03 3.500000000000000000e+00
1.132826898913007244e+04 4.600000000000000000e+03 3.500000000000000000e+00
1.285854293155325286e+04 4.700000000000000000e+03 3.500000000000000000e+00
1.466466209399351101e+04 4.800000000000000000e+03 3.500000000000000000e+00
1.649992085161819705e+04 4.900000000000000000e+03 3.500000000000000000e+00
1.838167549497019718e+04 5.000000000000000000e+03 3.500000000000000000e+00
3.008718697538573451e+03 3.900000000000000000e+03 4.000000000000000000e+00
3.893420750710507491e+03 4.000000000000000000e+03 4.000000000000000000e+00
4.912192912372774117e+03 4.100000000000000000e+03 4.000000000000000000e+00
5.999836108604878063e+03 4.200000000000000000e+03 4.000000000000000000e+00
7.102507626853112015e+03 4.300000000000000000e+03 4.000000000000000000e+00
8.364859590577789277e+03 4.400000000000000000e+03 4.000000000000000000e+00
9.830920543291646027e+03 4.500000000000000000e+03 4.000000000000000000e+00
1.144759957251623200e+04 4.600000000000000000e+03 4.000000000000000000e+00
1.300927131173144153e+04 4.700000000000000000e+03 4.000000000000000000e+00
1.491756894372054921e+04 4.800000000000000000e+03 4.000000000000000000e+00
1.661900736687210519e+04 4.900000000000000000e+03 4.000000000000000000e+00
1.881628255947075741e+04 5.000000000000000000e+03 4.000000000000000000e+00
3.062843710672519592e+03 3.900000000000000000e+03 4.500000000000000000e+00
3.860861758791346801e+03 4.000000000000000000e+03 4.500000000000000000e+00
4.768849251268889020e+03 4.100000000000000000e+03 4.500000000000000000e+00
5.718684160834703107e+03 4.200000000000000000e+03 4.500000000000000000e+00
7.026017279966234128e+03 4.300000000000000000e+03 4.500000000000000000e+00
8.388732045754819410e+03 4.400000000000000000e+03 4.500000000000000000e+00
9.722112757961634998e+03 4.500000000000000000e+03 4.500000000000000000e+00
1.137661749764470005e+04 4.600000000000000000e+03 4.500000000000000000e+00
1.299346975895047035e+04 4.700000000000000000e+03 4.500000000000000000e+00
1.500185426050833485e+04 4.800000000000000000e+03 4.500000000000000000e+00
1.667784789462006665e+04 4.900000000000000000e+03 4.500000000000000000e+00
1.876364357551381909e+04 5.000000000000000000e+03 4.500000000000000000e+00
