# # Chi square, temp, lg
3.192097979207787830e+03 2.900000000000000000e+03 3.500000000000000000e+00
2.880726440445959270e+03 3.000000000000000000e+03 3.500000000000000000e+00
2.548141329680548097e+03 3.100000000000000000e+03 3.500000000000000000e+00
2.201174234221722600e+03 3.200000000000000000e+03 3.500000000000000000e+00
1.780752225375754051e+03 3.300000000000000000e+03 3.500000000000000000e+00
1.356473605214590634e+03 3.400000000000000000e+03 3.500000000000000000e+00
9.342577614442400318e+02 3.500000000000000000e+03 3.500000000000000000e+00
5.377976527565588185e+02 3.600000000000000000e+03 3.500000000000000000e+00
6.280286548211454374e+02 3.700000000000000000e+03 3.500000000000000000e+00
1.225012517938532483e+03 3.800000000000000000e+03 3.500000000000000000e+00
1.947384457810268714e+03 3.900000000000000000e+03 3.500000000000000000e+00
2.847041254762071731e+03 4.000000000000000000e+03 3.500000000000000000e+00
3.141495453920253567e+03 2.900000000000000000e+03 4.000000000000000000e+00
2.854326632898044409e+03 3.000000000000000000e+03 4.000000000000000000e+00
2.509208724763969713e+03 3.100000000000000000e+03 4.000000000000000000e+00
2.145888182062683882e+03 3.200000000000000000e+03 4.000000000000000000e+00
1.746194696649685056e+03 3.300000000000000000e+03 4.000000000000000000e+00
1.331587414183648207e+03 3.400000000000000000e+03 4.000000000000000000e+00
8.578207573318285313e+02 3.500000000000000000e+03 4.000000000000000000e+00
5.097135507965820125e+02 3.600000000000000000e+03 4.000000000000000000e+00
6.342366334994291037e+02 3.700000000000000000e+03 4.000000000000000000e+00
1.236303029637723284e+03 3.800000000000000000e+03 4.000000000000000000e+00
1.968044766436319378e+03 3.900000000000000000e+03 4.000000000000000000e+00
2.881918393166988608e+03 4.000000000000000000e+03 4.000000000000000000e+00
3.145965359655734119e+03 2.900000000000000000e+03 4.500000000000000000e+00
2.840306487411653961e+03 3.000000000000000000e+03 4.500000000000000000e+00
2.484433035011339143e+03 3.100000000000000000e+03 4.500000000000000000e+00
2.109365069697957551e+03 3.200000000000000000e+03 4.500000000000000000e+00
1.716205216759026143e+03 3.300000000000000000e+03 4.500000000000000000e+00
1.283024872208757188e+03 3.400000000000000000e+03 4.500000000000000000e+00
8.780042500253415483e+02 3.500000000000000000e+03 4.500000000000000000e+00
5.768430976474555791e+02 3.600000000000000000e+03 4.500000000000000000e+00
7.361458048540388290e+02 3.700000000000000000e+03 4.500000000000000000e+00
1.268116702815125336e+03 3.800000000000000000e+03 4.500000000000000000e+00
1.991420884354502277e+03 3.900000000000000000e+03 4.500000000000000000e+00
2.770831911974208651e+03 4.000000000000000000e+03 4.500000000000000000e+00
