# # Chi square, temp, lg
8.571739302431951728e+02 3.400000000000000000e+03 3.500000000000000000e+00
1.314987436690510094e+03 3.500000000000000000e+03 3.500000000000000000e+00
1.873780213431962238e+03 3.600000000000000000e+03 3.500000000000000000e+00
2.472765005453514277e+03 3.700000000000000000e+03 3.500000000000000000e+00
3.176796643205839246e+03 3.800000000000000000e+03 3.500000000000000000e+00
3.953609229593943837e+03 3.900000000000000000e+03 3.500000000000000000e+00
4.817535662632402818e+03 4.000000000000000000e+03 3.500000000000000000e+00
5.840506030695343725e+03 4.100000000000000000e+03 3.500000000000000000e+00
6.749919303519481218e+03 4.200000000000000000e+03 3.500000000000000000e+00
7.951171096567102722e+03 4.300000000000000000e+03 3.500000000000000000e+00
9.238717285323620672e+03 4.400000000000000000e+03 3.500000000000000000e+00
1.055475002384364416e+04 4.500000000000000000e+03 3.500000000000000000e+00
9.015787634513839066e+02 3.400000000000000000e+03 4.000000000000000000e+00
1.391248950395282691e+03 3.500000000000000000e+03 4.000000000000000000e+00
1.930762602642464572e+03 3.600000000000000000e+03 4.000000000000000000e+00
2.529860353887011115e+03 3.700000000000000000e+03 4.000000000000000000e+00
3.224587904710900602e+03 3.800000000000000000e+03 4.000000000000000000e+00
3.989749752832913146e+03 3.900000000000000000e+03 4.000000000000000000e+00
4.890034707064944996e+03 4.000000000000000000e+03 4.000000000000000000e+00
5.888520022948227961e+03 4.100000000000000000e+03 4.000000000000000000e+00
6.952284871711910455e+03 4.200000000000000000e+03 4.000000000000000000e+00
8.029048785585804580e+03 4.300000000000000000e+03 4.000000000000000000e+00
9.256254376451466669e+03 4.400000000000000000e+03 4.000000000000000000e+00
1.068778741218155665e+04 4.500000000000000000e+03 4.000000000000000000e+00
9.755647130076932854e+02 3.400000000000000000e+03 4.500000000000000000e+00
1.437702212159940473e+03 3.500000000000000000e+03 4.500000000000000000e+00
1.990389098680909910e+03 3.600000000000000000e+03 4.500000000000000000e+00
2.548866514948760141e+03 3.700000000000000000e+03 4.500000000000000000e+00
3.218201298059502733e+03 3.800000000000000000e+03 4.500000000000000000e+00
3.980163424244247835e+03 3.900000000000000000e+03 4.500000000000000000e+00
4.797594415017670144e+03 4.000000000000000000e+03 4.500000000000000000e+00
5.727581732687869589e+03 4.100000000000000000e+03 4.500000000000000000e+00
6.669902330755742696e+03 4.200000000000000000e+03 4.500000000000000000e+00
7.963404630255135089e+03 4.300000000000000000e+03 4.500000000000000000e+00
9.292521056812407551e+03 4.400000000000000000e+03 4.500000000000000000e+00
1.059365590528298890e+04 4.500000000000000000e+03 4.500000000000000000e+00
