# # Chi square, temp, lg
8.179589324592251387e+02 3.900000000000000000e+03 3.500000000000000000e+00
8.211547571230061067e+02 4.000000000000000000e+03 3.500000000000000000e+00
1.598573715407592999e+03 4.100000000000000000e+03 3.500000000000000000e+00
2.498535489629235144e+03 4.200000000000000000e+03 3.500000000000000000e+00
3.651420903797594747e+03 4.300000000000000000e+03 3.500000000000000000e+00
4.944154970348794450e+03 4.400000000000000000e+03 3.500000000000000000e+00
6.202691516075336040e+03 4.500000000000000000e+03 3.500000000000000000e+00
7.680295770397803608e+03 4.600000000000000000e+03 3.500000000000000000e+00
9.172858662865543010e+03 4.700000000000000000e+03 3.500000000000000000e+00
1.098218241584741008e+04 4.800000000000000000e+03 3.500000000000000000e+00
1.269476824037965162e+04 4.900000000000000000e+03 3.500000000000000000e+00
1.474354736780151870e+04 5.000000000000000000e+03 3.500000000000000000e+00
8.039237076949336824e+02 3.900000000000000000e+03 4.000000000000000000e+00
8.461664323550157860e+02 4.000000000000000000e+03 4.000000000000000000e+00
1.667115296072273850e+03 4.100000000000000000e+03 4.000000000000000000e+00
2.598266212989353335e+03 4.200000000000000000e+03 4.000000000000000000e+00
3.727506215036437425e+03 4.300000000000000000e+03 4.000000000000000000e+00
4.877709056726940616e+03 4.400000000000000000e+03 4.000000000000000000e+00
6.256611881917401661e+03 4.500000000000000000e+03 4.000000000000000000e+00
7.776027775421497608e+03 4.600000000000000000e+03 4.000000000000000000e+00
9.260594526340908487e+03 4.700000000000000000e+03 4.000000000000000000e+00
1.091465935891901245e+04 4.800000000000000000e+03 4.000000000000000000e+00
1.276288813795450915e+04 4.900000000000000000e+03 4.000000000000000000e+00
1.482997045389197592e+04 5.000000000000000000e+03 4.000000000000000000e+00
8.275996052002877832e+02 3.900000000000000000e+03 4.500000000000000000e+00
7.886371590363345376e+02 4.000000000000000000e+03 4.500000000000000000e+00
1.508783627917463946e+03 4.100000000000000000e+03 4.500000000000000000e+00
2.382274884892954560e+03 4.200000000000000000e+03 4.500000000000000000e+00
3.629631678609186110e+03 4.300000000000000000e+03 4.500000000000000000e+00
4.924942842919396753e+03 4.400000000000000000e+03 4.500000000000000000e+00
6.252584872495081981e+03 4.500000000000000000e+03 4.500000000000000000e+00
7.774175905366760162e+03 4.600000000000000000e+03 4.500000000000000000e+00
9.278150548713136232e+03 4.700000000000000000e+03 4.500000000000000000e+00
1.109345749802676983e+04 4.800000000000000000e+03 4.500000000000000000e+00
1.276897517133718247e+04 4.900000000000000000e+03 4.500000000000000000e+00
1.463060798002560296e+04 5.000000000000000000e+03 4.500000000000000000e+00
