# # Chi square, temp, lg
8.370403900511268148e+03 4.900000000000000000e+03 3.500000000000000000e+00
1.038150920840397339e+04 5.000000000000000000e+03 3.500000000000000000e+00
1.229441293236316778e+04 5.100000000000000000e+03 3.500000000000000000e+00
1.458353637112019715e+04 5.200000000000000000e+03 3.500000000000000000e+00
1.727366578930435935e+04 5.300000000000000000e+03 3.500000000000000000e+00
2.000897490190359167e+04 5.400000000000000000e+03 3.500000000000000000e+00
2.263477248917527322e+04 5.500000000000000000e+03 3.500000000000000000e+00
2.607287065023525793e+04 5.600000000000000000e+03 3.500000000000000000e+00
2.879441680792057377e+04 5.700000000000000000e+03 3.500000000000000000e+00
3.261626847883385562e+04 5.800000000000000000e+03 3.500000000000000000e+00
3.632266496198041568e+04 5.900000000000000000e+03 3.500000000000000000e+00
4.054591368696467543e+04 6.000000000000000000e+03 3.500000000000000000e+00
8.530819297237558203e+03 4.900000000000000000e+03 4.000000000000000000e+00
1.046232881977132092e+04 5.000000000000000000e+03 4.000000000000000000e+00
1.287161462499026675e+04 5.100000000000000000e+03 4.000000000000000000e+00
1.521205095560013433e+04 5.200000000000000000e+03 4.000000000000000000e+00
1.778542423078239517e+04 5.300000000000000000e+03 4.000000000000000000e+00
2.017179610666514418e+04 5.400000000000000000e+03 4.000000000000000000e+00
2.321459665875342398e+04 5.500000000000000000e+03 4.000000000000000000e+00
2.647812732687880998e+04 5.600000000000000000e+03 4.000000000000000000e+00
3.011332362449992434e+04 5.700000000000000000e+03 4.000000000000000000e+00
3.335855000240703521e+04 5.800000000000000000e+03 4.000000000000000000e+00
3.719598911935632350e+04 5.900000000000000000e+03 4.000000000000000000e+00
4.124095856850653945e+04 6.000000000000000000e+03 4.000000000000000000e+00
8.733428936244146826e+03 4.900000000000000000e+03 4.500000000000000000e+00
1.087358606394706658e+04 5.000000000000000000e+03 4.500000000000000000e+00
1.323788816244047848e+04 5.100000000000000000e+03 4.500000000000000000e+00
1.543061500394010363e+04 5.200000000000000000e+03 4.500000000000000000e+00
1.804471669051278877e+04 5.300000000000000000e+03 4.500000000000000000e+00
2.026418844340436408e+04 5.400000000000000000e+03 4.500000000000000000e+00
2.386907635328566903e+04 5.500000000000000000e+03 4.500000000000000000e+00
2.706022654370428063e+04 5.600000000000000000e+03 4.500000000000000000e+00
3.011631682031632226e+04 5.700000000000000000e+03 4.500000000000000000e+00
3.318564273732203583e+04 5.800000000000000000e+03 4.500000000000000000e+00
3.703621467328481231e+04 5.900000000000000000e+03 4.500000000000000000e+00
4.178127055329564610e+04 6.000000000000000000e+03 4.500000000000000000e+00
