# # Chi square, temp, lg
1.141714910034462264e+04 2.400000000000000000e+03 3.500000000000000000e+00
1.129571823612291882e+04 2.500000000000000000e+03 3.500000000000000000e+00
1.116803651649405583e+04 2.600000000000000000e+03 3.500000000000000000e+00
1.099424064422731317e+04 2.700000000000000000e+03 3.500000000000000000e+00
1.081187401722431059e+04 2.800000000000000000e+03 3.500000000000000000e+00
1.056236251424281181e+04 2.900000000000000000e+03 3.500000000000000000e+00
1.029543981921739760e+04 3.000000000000000000e+03 3.500000000000000000e+00
1.002386030740827118e+04 3.100000000000000000e+03 3.500000000000000000e+00
9.728485942421542859e+03 3.200000000000000000e+03 3.500000000000000000e+00
9.357959511073217072e+03 3.300000000000000000e+03 3.500000000000000000e+00
8.948692921105070127e+03 3.400000000000000000e+03 3.500000000000000000e+00
8.536487661652459792e+03 3.500000000000000000e+03 3.500000000000000000e+00
1.140052366415053984e+04 2.400000000000000000e+03 4.000000000000000000e+00
1.127557699582413989e+04 2.500000000000000000e+03 4.000000000000000000e+00
1.113239258589433302e+04 2.600000000000000000e+03 4.000000000000000000e+00
1.096788483459784038e+04 2.700000000000000000e+03 4.000000000000000000e+00
1.076558423605850294e+04 2.800000000000000000e+03 4.000000000000000000e+00
1.052267112753243782e+04 2.900000000000000000e+03 4.000000000000000000e+00
1.025080529363667847e+04 3.000000000000000000e+03 4.000000000000000000e+00
9.970493288084004234e+03 3.100000000000000000e+03 4.000000000000000000e+00
9.623650648041937529e+03 3.200000000000000000e+03 4.000000000000000000e+00
9.280121781600379109e+03 3.300000000000000000e+03 4.000000000000000000e+00
8.872369893833732931e+03 3.400000000000000000e+03 4.000000000000000000e+00
8.383915561658037404e+03 3.500000000000000000e+03 4.000000000000000000e+00
1.138636570193504849e+04 2.400000000000000000e+03 4.500000000000000000e+00
1.126517142524753399e+04 2.500000000000000000e+03 4.500000000000000000e+00
1.112875626938898313e+04 2.600000000000000000e+03 4.500000000000000000e+00
1.095882290328615454e+04 2.700000000000000000e+03 4.500000000000000000e+00
1.076662266935966545e+04 2.800000000000000000e+03 4.500000000000000000e+00
1.053029226231772918e+04 2.900000000000000000e+03 4.500000000000000000e+00
1.028023572597321072e+04 3.000000000000000000e+03 4.500000000000000000e+00
9.926551010501032579e+03 3.100000000000000000e+03 4.500000000000000000e+00
9.578652281051230602e+03 3.200000000000000000e+03 4.500000000000000000e+00
9.227438983931160692e+03 3.300000000000000000e+03 4.500000000000000000e+00
8.798939231479349473e+03 3.400000000000000000e+03 4.500000000000000000e+00
8.335265207089467367e+03 3.500000000000000000e+03 4.500000000000000000e+00
