# # Chi square, temp, lg
4.835569021679110051e+02 3.400000000000000000e+03 3.500000000000000000e+00
6.926201380860221661e+02 3.500000000000000000e+03 3.500000000000000000e+00
1.219597150972656891e+03 3.600000000000000000e+03 3.500000000000000000e+00
1.769290773246840899e+03 3.700000000000000000e+03 3.500000000000000000e+00
2.499855684697994548e+03 3.800000000000000000e+03 3.500000000000000000e+00
3.270898805264184830e+03 3.900000000000000000e+03 3.500000000000000000e+00
4.161756576187424798e+03 4.000000000000000000e+03 3.500000000000000000e+00
5.092213445883258828e+03 4.100000000000000000e+03 3.500000000000000000e+00
6.070997899960224458e+03 4.200000000000000000e+03 3.500000000000000000e+00
7.267306834588462152e+03 4.300000000000000000e+03 3.500000000000000000e+00
8.464573332734982614e+03 4.400000000000000000e+03 3.500000000000000000e+00
9.814287872997461818e+03 4.500000000000000000e+03 3.500000000000000000e+00
6.218428140894415037e+02 3.400000000000000000e+03 4.000000000000000000e+00
8.874172374428781040e+02 3.500000000000000000e+03 4.000000000000000000e+00
1.288967234128237806e+03 3.600000000000000000e+03 4.000000000000000000e+00
1.878581529429306784e+03 3.700000000000000000e+03 4.000000000000000000e+00
2.567448941748482866e+03 3.800000000000000000e+03 4.000000000000000000e+00
3.307321372896852154e+03 3.900000000000000000e+03 4.000000000000000000e+00
4.202928441348309207e+03 4.000000000000000000e+03 4.000000000000000000e+00
5.238633724911946047e+03 4.100000000000000000e+03 4.000000000000000000e+00
6.242464623530707286e+03 4.200000000000000000e+03 4.000000000000000000e+00
7.260373555877062245e+03 4.300000000000000000e+03 4.000000000000000000e+00
8.473018567653496575e+03 4.400000000000000000e+03 4.000000000000000000e+00
9.852285643397110107e+03 4.500000000000000000e+03 4.000000000000000000e+00
7.167873586668999906e+02 3.400000000000000000e+03 4.500000000000000000e+00
9.427397029897548464e+02 3.500000000000000000e+03 4.500000000000000000e+00
1.409630993549322966e+03 3.600000000000000000e+03 4.500000000000000000e+00
1.946415063162615979e+03 3.700000000000000000e+03 4.500000000000000000e+00
2.618229195429282299e+03 3.800000000000000000e+03 4.500000000000000000e+00
3.336082507262062791e+03 3.900000000000000000e+03 4.500000000000000000e+00
4.116684220891950645e+03 4.000000000000000000e+03 4.500000000000000000e+00
5.011933809770903281e+03 4.100000000000000000e+03 4.500000000000000000e+00
6.019250790727135609e+03 4.200000000000000000e+03 4.500000000000000000e+00
7.254315038038833336e+03 4.300000000000000000e+03 4.500000000000000000e+00
8.408987629929182731e+03 4.400000000000000000e+03 4.500000000000000000e+00
9.873757456803694367e+03 4.500000000000000000e+03 4.500000000000000000e+00
