# # Chi square, temp, lg
2.635207473307536202e+04 2.900000000000000000e+03 3.500000000000000000e+00
2.608443628221821200e+04 3.000000000000000000e+03 3.500000000000000000e+00
2.577933278178915134e+04 3.100000000000000000e+03 3.500000000000000000e+00
2.547727858084702893e+04 3.200000000000000000e+03 3.500000000000000000e+00
2.508845672913944873e+04 3.300000000000000000e+03 3.500000000000000000e+00
2.469338226259257863e+04 3.400000000000000000e+03 3.500000000000000000e+00
2.418386516262137593e+04 3.500000000000000000e+03 3.500000000000000000e+00
2.364196261322510327e+04 3.600000000000000000e+03 3.500000000000000000e+00
2.305685745305603996e+04 3.700000000000000000e+03 3.500000000000000000e+00
2.226249616474334471e+04 3.800000000000000000e+03 3.500000000000000000e+00
2.149957042443651881e+04 3.900000000000000000e+03 3.500000000000000000e+00
2.056586325080694587e+04 4.000000000000000000e+03 3.500000000000000000e+00
2.630738477521989989e+04 2.900000000000000000e+03 4.000000000000000000e+00
2.602661313043224072e+04 3.000000000000000000e+03 4.000000000000000000e+00
2.573703545737634704e+04 3.100000000000000000e+03 4.000000000000000000e+00
2.538277278827047485e+04 3.200000000000000000e+03 4.000000000000000000e+00
2.502289689375297530e+04 3.300000000000000000e+03 4.000000000000000000e+00
2.456690255098510534e+04 3.400000000000000000e+03 4.000000000000000000e+00
2.409429474870544436e+04 3.500000000000000000e+03 4.000000000000000000e+00
2.351390257845437009e+04 3.600000000000000000e+03 4.000000000000000000e+00
2.290297232992681893e+04 3.700000000000000000e+03 4.000000000000000000e+00
2.219782942947747142e+04 3.800000000000000000e+03 4.000000000000000000e+00
2.142151929015596033e+04 3.900000000000000000e+03 4.000000000000000000e+00
2.050735179746955328e+04 4.000000000000000000e+03 4.000000000000000000e+00
2.631040221512896460e+04 2.900000000000000000e+03 4.500000000000000000e+00
2.604533883473346941e+04 3.000000000000000000e+03 4.500000000000000000e+00
2.571141575061788535e+04 3.100000000000000000e+03 4.500000000000000000e+00
2.535653869913276867e+04 3.200000000000000000e+03 4.500000000000000000e+00
2.497793423676717794e+04 3.300000000000000000e+03 4.500000000000000000e+00
2.454159250504875308e+04 3.400000000000000000e+03 4.500000000000000000e+00
2.403577708557769074e+04 3.500000000000000000e+03 4.500000000000000000e+00
2.352086064042264115e+04 3.600000000000000000e+03 4.500000000000000000e+00
2.288935270482862688e+04 3.700000000000000000e+03 4.500000000000000000e+00
2.220566242798228268e+04 3.800000000000000000e+03 4.500000000000000000e+00
2.145218018170303912e+04 3.900000000000000000e+03 4.500000000000000000e+00
2.066504305196093264e+04 4.000000000000000000e+03 4.500000000000000000e+00
