# # Chi square, temp, lg
1.356473605214590634e+03 3.400000000000000000e+03 3.500000000000000000e+00
9.342577614442400318e+02 3.500000000000000000e+03 3.500000000000000000e+00
5.377976527565588185e+02 3.600000000000000000e+03 3.500000000000000000e+00
6.280286548211454374e+02 3.700000000000000000e+03 3.500000000000000000e+00
1.225012517938532483e+03 3.800000000000000000e+03 3.500000000000000000e+00
1.947384457810268714e+03 3.900000000000000000e+03 3.500000000000000000e+00
2.847041254762071731e+03 4.000000000000000000e+03 3.500000000000000000e+00
3.799934342072831896e+03 4.100000000000000000e+03 3.500000000000000000e+00
4.756925009880068501e+03 4.200000000000000000e+03 3.500000000000000000e+00
5.983427685554765958e+03 4.300000000000000000e+03 3.500000000000000000e+00
7.281605531873586187e+03 4.400000000000000000e+03 3.500000000000000000e+00
8.514700152467035878e+03 4.500000000000000000e+03 3.500000000000000000e+00
1.331587414183648207e+03 3.400000000000000000e+03 4.000000000000000000e+00
8.578207573318285313e+02 3.500000000000000000e+03 4.000000000000000000e+00
5.097135507965820125e+02 3.600000000000000000e+03 4.000000000000000000e+00
6.342366334994291037e+02 3.700000000000000000e+03 4.000000000000000000e+00
1.236303029637723284e+03 3.800000000000000000e+03 4.000000000000000000e+00
1.968044766436319378e+03 3.900000000000000000e+03 4.000000000000000000e+00
2.881918393166988608e+03 4.000000000000000000e+03 4.000000000000000000e+00
3.923483882921953409e+03 4.100000000000000000e+03 4.000000000000000000e+00
4.905061924392759465e+03 4.200000000000000000e+03 4.000000000000000000e+00
6.044257929632173727e+03 4.300000000000000000e+03 4.000000000000000000e+00
7.301605089925360517e+03 4.400000000000000000e+03 4.000000000000000000e+00
8.702550449695716452e+03 4.500000000000000000e+03 4.000000000000000000e+00
1.283024872208757188e+03 3.400000000000000000e+03 4.500000000000000000e+00
8.780042500253415483e+02 3.500000000000000000e+03 4.500000000000000000e+00
5.768430976474555791e+02 3.600000000000000000e+03 4.500000000000000000e+00
7.361458048540388290e+02 3.700000000000000000e+03 4.500000000000000000e+00
1.268116702815125336e+03 3.800000000000000000e+03 4.500000000000000000e+00
1.991420884354502277e+03 3.900000000000000000e+03 4.500000000000000000e+00
2.770831911974208651e+03 4.000000000000000000e+03 4.500000000000000000e+00
3.714048401255299723e+03 4.100000000000000000e+03 4.500000000000000000e+00
4.657706977015117445e+03 4.200000000000000000e+03 4.500000000000000000e+00
5.953020480889946157e+03 4.300000000000000000e+03 4.500000000000000000e+00
7.311965859830585941e+03 4.400000000000000000e+03 4.500000000000000000e+00
8.679982613535019482e+03 4.500000000000000000e+03 4.500000000000000000e+00
