# # Chi square, temp, lg
1.636912654707179797e+02 2.900000000000000000e+03 3.500000000000000000e+00
3.311270391075641442e+02 3.000000000000000000e+03 3.500000000000000000e+00
6.518548626410258748e+02 3.100000000000000000e+03 3.500000000000000000e+00
1.000197573538627580e+03 3.200000000000000000e+03 3.500000000000000000e+00
1.429656998309240407e+03 3.300000000000000000e+03 3.500000000000000000e+00
1.887865319386128476e+03 3.400000000000000000e+03 3.500000000000000000e+00
2.383797234443335128e+03 3.500000000000000000e+03 3.500000000000000000e+00
2.935831597562137631e+03 3.600000000000000000e+03 3.500000000000000000e+00
3.561216029501003504e+03 3.700000000000000000e+03 3.500000000000000000e+00
4.250053065910638907e+03 3.800000000000000000e+03 3.500000000000000000e+00
4.955449430911668060e+03 3.900000000000000000e+03 3.500000000000000000e+00
5.846230105863907738e+03 4.000000000000000000e+03 3.500000000000000000e+00
1.741229149276770158e+02 2.900000000000000000e+03 4.000000000000000000e+00
3.642555225819013458e+02 3.000000000000000000e+03 4.000000000000000000e+00
6.826247527142062381e+02 3.100000000000000000e+03 4.000000000000000000e+00
1.063202028577161173e+03 3.200000000000000000e+03 4.000000000000000000e+00
1.475103691279920895e+03 3.300000000000000000e+03 4.000000000000000000e+00
1.927755281224483042e+03 3.400000000000000000e+03 4.000000000000000000e+00
2.444066317585794877e+03 3.500000000000000000e+03 4.000000000000000000e+00
2.996464350239346913e+03 3.600000000000000000e+03 4.000000000000000000e+00
3.578767637088724769e+03 3.700000000000000000e+03 4.000000000000000000e+00
4.261722333877852179e+03 3.800000000000000000e+03 4.000000000000000000e+00
5.016218217790018571e+03 3.900000000000000000e+03 4.000000000000000000e+00
5.880229452865194617e+03 4.000000000000000000e+03 4.000000000000000000e+00
1.697257531418570693e+02 2.900000000000000000e+03 4.500000000000000000e+00
3.808596118957088379e+02 3.000000000000000000e+03 4.500000000000000000e+00
7.141442767106833571e+02 3.100000000000000000e+03 4.500000000000000000e+00
1.104914145691014028e+03 3.200000000000000000e+03 4.500000000000000000e+00
1.497546421367666653e+03 3.300000000000000000e+03 4.500000000000000000e+00
1.958859105976335059e+03 3.400000000000000000e+03 4.500000000000000000e+00
2.443181753027881314e+03 3.500000000000000000e+03 4.500000000000000000e+00
3.005903716809211346e+03 3.600000000000000000e+03 4.500000000000000000e+00
3.592794522320977194e+03 3.700000000000000000e+03 4.500000000000000000e+00
4.216961305372878087e+03 3.800000000000000000e+03 4.500000000000000000e+00
4.972884505325821920e+03 3.900000000000000000e+03 4.500000000000000000e+00
5.713255554954684158e+03 4.000000000000000000e+03 4.500000000000000000e+00
