# # Chi square, temp, lg
3.827075959057282489e+03 3.900000000000000000e+03 3.500000000000000000e+00
4.766242291025282611e+03 4.000000000000000000e+03 3.500000000000000000e+00
5.720047471665512603e+03 4.100000000000000000e+03 3.500000000000000000e+00
6.671374899005457337e+03 4.200000000000000000e+03 3.500000000000000000e+00
7.824342363826673136e+03 4.300000000000000000e+03 3.500000000000000000e+00
9.069348287680672001e+03 4.400000000000000000e+03 3.500000000000000000e+00
1.033407439134833294e+04 4.500000000000000000e+03 3.500000000000000000e+00
1.196587937862591207e+04 4.600000000000000000e+03 3.500000000000000000e+00
1.343297489314076302e+04 4.700000000000000000e+03 3.500000000000000000e+00
1.519574757054732981e+04 4.800000000000000000e+03 3.500000000000000000e+00
1.679688437838309983e+04 4.900000000000000000e+03 3.500000000000000000e+00
1.890459955202283891e+04 5.000000000000000000e+03 3.500000000000000000e+00
3.916030724905083844e+03 3.900000000000000000e+03 4.000000000000000000e+00
4.806776220065816233e+03 4.000000000000000000e+03 4.000000000000000000e+00
5.771503694472840834e+03 4.100000000000000000e+03 4.000000000000000000e+00
6.801874292014391358e+03 4.200000000000000000e+03 4.000000000000000000e+00
7.909144566960036173e+03 4.300000000000000000e+03 4.000000000000000000e+00
9.073970327951719810e+03 4.400000000000000000e+03 4.000000000000000000e+00
1.051412351098384715e+04 4.500000000000000000e+03 4.000000000000000000e+00
1.199674096824407934e+04 4.600000000000000000e+03 4.000000000000000000e+00
1.351560670398450566e+04 4.700000000000000000e+03 4.000000000000000000e+00
1.523867599090015938e+04 4.800000000000000000e+03 4.000000000000000000e+00
1.716235793238440965e+04 4.900000000000000000e+03 4.000000000000000000e+00
1.911667645836712472e+04 5.000000000000000000e+03 4.000000000000000000e+00
3.918733267439613428e+03 3.900000000000000000e+03 4.500000000000000000e+00
4.656587552292487999e+03 4.000000000000000000e+03 4.500000000000000000e+00
5.627254887934584076e+03 4.100000000000000000e+03 4.500000000000000000e+00
6.533363897375216766e+03 4.200000000000000000e+03 4.500000000000000000e+00
7.853368636630624678e+03 4.300000000000000000e+03 4.500000000000000000e+00
9.039606043294492338e+03 4.400000000000000000e+03 4.500000000000000000e+00
1.043385500079761732e+04 4.500000000000000000e+03 4.500000000000000000e+00
1.191606910832538961e+04 4.600000000000000000e+03 4.500000000000000000e+00
1.358109768698092194e+04 4.700000000000000000e+03 4.500000000000000000e+00
1.533477168106879253e+04 4.800000000000000000e+03 4.500000000000000000e+00
1.708191690116878817e+04 4.900000000000000000e+03 4.500000000000000000e+00
1.884875630422603354e+04 5.000000000000000000e+03 4.500000000000000000e+00
