# # Chi square, temp, lg
1.623782869368818683e+04 3.900000000000000000e+03 3.500000000000000000e+00
1.534053448160473636e+04 4.000000000000000000e+03 3.500000000000000000e+00
1.435842089055248834e+04 4.100000000000000000e+03 3.500000000000000000e+00
1.340877043267709269e+04 4.200000000000000000e+03 3.500000000000000000e+00
1.224195179447394003e+04 4.300000000000000000e+03 3.500000000000000000e+00
1.111566424737928173e+04 4.400000000000000000e+03 3.500000000000000000e+00
9.959124192013390712e+03 4.500000000000000000e+03 3.500000000000000000e+00
8.829407837614096934e+03 4.600000000000000000e+03 3.500000000000000000e+00
7.596020183426064250e+03 4.700000000000000000e+03 3.500000000000000000e+00
6.747576872070861100e+03 4.800000000000000000e+03 3.500000000000000000e+00
6.280865247698604435e+03 4.900000000000000000e+03 3.500000000000000000e+00
6.479613945368651912e+03 5.000000000000000000e+03 3.500000000000000000e+00
1.617400368534134213e+04 3.900000000000000000e+03 4.000000000000000000e+00
1.530713908481461294e+04 4.000000000000000000e+03 4.000000000000000000e+00
1.424699966521303031e+04 4.100000000000000000e+03 4.000000000000000000e+00
1.322640215011265718e+04 4.200000000000000000e+03 4.000000000000000000e+00
1.225063260456304124e+04 4.300000000000000000e+03 4.000000000000000000e+00
1.102788791006911379e+04 4.400000000000000000e+03 4.000000000000000000e+00
9.925232170900104393e+03 4.500000000000000000e+03 4.000000000000000000e+00
8.618664054119955836e+03 4.600000000000000000e+03 4.000000000000000000e+00
7.621667221617166433e+03 4.700000000000000000e+03 4.000000000000000000e+00
6.602483456461131027e+03 4.800000000000000000e+03 4.000000000000000000e+00
6.091115947702533049e+03 4.900000000000000000e+03 4.000000000000000000e+00
6.206229099892119848e+03 5.000000000000000000e+03 4.000000000000000000e+00
1.621720411481644260e+04 3.900000000000000000e+03 4.500000000000000000e+00
1.541348066920390011e+04 4.000000000000000000e+03 4.500000000000000000e+00
1.441777985518877358e+04 4.100000000000000000e+03 4.500000000000000000e+00
1.350766547824213922e+04 4.200000000000000000e+03 4.500000000000000000e+00
1.221898577588235094e+04 4.300000000000000000e+03 4.500000000000000000e+00
1.101125175546576247e+04 4.400000000000000000e+03 4.500000000000000000e+00
9.776672192541749610e+03 4.500000000000000000e+03 4.500000000000000000e+00
8.502640208690809231e+03 4.600000000000000000e+03 4.500000000000000000e+00
7.357229393439944033e+03 4.700000000000000000e+03 4.500000000000000000e+00
6.515259641912691222e+03 4.800000000000000000e+03 4.500000000000000000e+00
6.036048492828244889e+03 4.900000000000000000e+03 4.500000000000000000e+00
6.391041417120329243e+03 5.000000000000000000e+03 4.500000000000000000e+00
