# # Chi square, temp, lg
2.851024603392444988e+03 2.900000000000000000e+03 3.500000000000000000e+00
2.533018270242373546e+03 3.000000000000000000e+03 3.500000000000000000e+00
2.210496510709873746e+03 3.100000000000000000e+03 3.500000000000000000e+00
1.885070411179142184e+03 3.200000000000000000e+03 3.500000000000000000e+00
1.529795377371319546e+03 3.300000000000000000e+03 3.500000000000000000e+00
1.200664452041930645e+03 3.400000000000000000e+03 3.500000000000000000e+00
1.012396955536715836e+03 3.500000000000000000e+03 3.500000000000000000e+00
1.131375442761541990e+03 3.600000000000000000e+03 3.500000000000000000e+00
1.536339348014633515e+03 3.700000000000000000e+03 3.500000000000000000e+00
2.177408592413256429e+03 3.800000000000000000e+03 3.500000000000000000e+00
2.951086438125631958e+03 3.900000000000000000e+03 3.500000000000000000e+00
3.817081268917611396e+03 4.000000000000000000e+03 3.500000000000000000e+00
2.809957737478183390e+03 2.900000000000000000e+03 4.000000000000000000e+00
2.512248273173257985e+03 3.000000000000000000e+03 4.000000000000000000e+00
2.220144392978006636e+03 3.100000000000000000e+03 4.000000000000000000e+00
1.876534086831197101e+03 3.200000000000000000e+03 4.000000000000000000e+00
1.553769224022627895e+03 3.300000000000000000e+03 4.000000000000000000e+00
1.303366988094777071e+03 3.400000000000000000e+03 4.000000000000000000e+00
1.152461306581231838e+03 3.500000000000000000e+03 4.000000000000000000e+00
1.297287885898449758e+03 3.600000000000000000e+03 4.000000000000000000e+00
1.679642087358198751e+03 3.700000000000000000e+03 4.000000000000000000e+00
2.276854457979859035e+03 3.800000000000000000e+03 4.000000000000000000e+00
3.007003479380073713e+03 3.900000000000000000e+03 4.000000000000000000e+00
3.891612558217862443e+03 4.000000000000000000e+03 4.000000000000000000e+00
2.803633307240409522e+03 2.900000000000000000e+03 4.500000000000000000e+00
2.519665497448219867e+03 3.000000000000000000e+03 4.500000000000000000e+00
2.202398562094258523e+03 3.100000000000000000e+03 4.500000000000000000e+00
1.879215141287910228e+03 3.200000000000000000e+03 4.500000000000000000e+00
1.589366968882286983e+03 3.300000000000000000e+03 4.500000000000000000e+00
1.360075135058999876e+03 3.400000000000000000e+03 4.500000000000000000e+00
1.276903734477847820e+03 3.500000000000000000e+03 4.500000000000000000e+00
1.468340957827092325e+03 3.600000000000000000e+03 4.500000000000000000e+00
1.792333196192685136e+03 3.700000000000000000e+03 4.500000000000000000e+00
2.371140632378821920e+03 3.800000000000000000e+03 4.500000000000000000e+00
3.061198934214657584e+03 3.900000000000000000e+03 4.500000000000000000e+00
3.859127895888593230e+03 4.000000000000000000e+03 4.500000000000000000e+00
