# # Chi square, temp, lg
1.411378571354128553e+03 3.900000000000000000e+03 3.500000000000000000e+00
8.387796198634792972e+02 4.000000000000000000e+03 3.500000000000000000e+00
1.098193388790390372e+03 4.100000000000000000e+03 3.500000000000000000e+00
1.824322897534238791e+03 4.200000000000000000e+03 3.500000000000000000e+00
2.948699442478610763e+03 4.300000000000000000e+03 3.500000000000000000e+00
4.198594028872245872e+03 4.400000000000000000e+03 3.500000000000000000e+00
5.459272526387782818e+03 4.500000000000000000e+03 3.500000000000000000e+00
7.018433024906529681e+03 4.600000000000000000e+03 3.500000000000000000e+00
8.536641393390988014e+03 4.700000000000000000e+03 3.500000000000000000e+00
1.017412234240648650e+04 4.800000000000000000e+03 3.500000000000000000e+00
1.199990671632666999e+04 4.900000000000000000e+03 3.500000000000000000e+00
1.388824521122090664e+04 5.000000000000000000e+03 3.500000000000000000e+00
1.353888218617999655e+03 3.900000000000000000e+03 4.000000000000000000e+00
8.512253731532242682e+02 4.000000000000000000e+03 4.000000000000000000e+00
1.165686880779946023e+03 4.100000000000000000e+03 4.000000000000000000e+00
1.980660460227239582e+03 4.200000000000000000e+03 4.000000000000000000e+00
2.977088910204970489e+03 4.300000000000000000e+03 4.000000000000000000e+00
4.161994505973478226e+03 4.400000000000000000e+03 4.000000000000000000e+00
5.493753116770644738e+03 4.500000000000000000e+03 4.000000000000000000e+00
6.980189625054746102e+03 4.600000000000000000e+03 4.000000000000000000e+00
8.506403529953033285e+03 4.700000000000000000e+03 4.000000000000000000e+00
1.012876303270715107e+04 4.800000000000000000e+03 4.000000000000000000e+00
1.211627015485926495e+04 4.900000000000000000e+03 4.000000000000000000e+00
1.408641459742803272e+04 5.000000000000000000e+03 4.000000000000000000e+00
1.346089184155075600e+03 3.900000000000000000e+03 4.500000000000000000e+00
8.854654437388157930e+02 4.000000000000000000e+03 4.500000000000000000e+00
1.050093458787881900e+03 4.100000000000000000e+03 4.500000000000000000e+00
1.758395819002256303e+03 4.200000000000000000e+03 4.500000000000000000e+00
2.955208657975398182e+03 4.300000000000000000e+03 4.500000000000000000e+00
4.127690957965696725e+03 4.400000000000000000e+03 4.500000000000000000e+00
5.517835874646535558e+03 4.500000000000000000e+03 4.500000000000000000e+00
6.992760867589576264e+03 4.600000000000000000e+03 4.500000000000000000e+00
8.514506731250407029e+03 4.700000000000000000e+03 4.500000000000000000e+00
1.042330575351796142e+04 4.800000000000000000e+03 4.500000000000000000e+00
1.198905868465220556e+04 4.900000000000000000e+03 4.500000000000000000e+00
1.401014517657876968e+04 5.000000000000000000e+03 4.500000000000000000e+00
