# # Chi square, temp, lg
6.911280523302402798e+03 2.900000000000000000e+03 3.500000000000000000e+00
6.643819378356397465e+03 3.000000000000000000e+03 3.500000000000000000e+00
6.349067394074021649e+03 3.100000000000000000e+03 3.500000000000000000e+00
6.034471291130939790e+03 3.200000000000000000e+03 3.500000000000000000e+00
5.668733123241732756e+03 3.300000000000000000e+03 3.500000000000000000e+00
5.271559319031366613e+03 3.400000000000000000e+03 3.500000000000000000e+00
4.807860082875504304e+03 3.500000000000000000e+03 3.500000000000000000e+00
4.292935707354023180e+03 3.600000000000000000e+03 3.500000000000000000e+00
3.710205675417261318e+03 3.700000000000000000e+03 3.500000000000000000e+00
3.067307926171499730e+03 3.800000000000000000e+03 3.500000000000000000e+00
2.279393406155592857e+03 3.900000000000000000e+03 3.500000000000000000e+00
1.543084274550671807e+03 4.000000000000000000e+03 3.500000000000000000e+00
6.868159129239015783e+03 2.900000000000000000e+03 4.000000000000000000e+00
6.592583674653058551e+03 3.000000000000000000e+03 4.000000000000000000e+00
6.296448376990103498e+03 3.100000000000000000e+03 4.000000000000000000e+00
5.959697738601707897e+03 3.200000000000000000e+03 4.000000000000000000e+00
5.589206401072892731e+03 3.300000000000000000e+03 4.000000000000000000e+00
5.178667864317785643e+03 3.400000000000000000e+03 4.000000000000000000e+00
4.694571576490838197e+03 3.500000000000000000e+03 4.000000000000000000e+00
4.197175263908121451e+03 3.600000000000000000e+03 4.000000000000000000e+00
3.588966179641410235e+03 3.700000000000000000e+03 4.000000000000000000e+00
2.941396534741028972e+03 3.800000000000000000e+03 4.000000000000000000e+00
2.251730583030843718e+03 3.900000000000000000e+03 4.000000000000000000e+00
1.491118686669328554e+03 4.000000000000000000e+03 4.000000000000000000e+00
6.878440315438145262e+03 2.900000000000000000e+03 4.500000000000000000e+00
6.607116004896450249e+03 3.000000000000000000e+03 4.500000000000000000e+00
6.267123184504080200e+03 3.100000000000000000e+03 4.500000000000000000e+00
5.903076859091922415e+03 3.200000000000000000e+03 4.500000000000000000e+00
5.542801641294064211e+03 3.300000000000000000e+03 4.500000000000000000e+00
5.124290385606591371e+03 3.400000000000000000e+03 4.500000000000000000e+00
4.646827079916164621e+03 3.500000000000000000e+03 4.500000000000000000e+00
4.136010120304308657e+03 3.600000000000000000e+03 4.500000000000000000e+00
3.571292287802943520e+03 3.700000000000000000e+03 4.500000000000000000e+00
2.953911016618397753e+03 3.800000000000000000e+03 4.500000000000000000e+00
2.286221164256838620e+03 3.900000000000000000e+03 4.500000000000000000e+00
1.586873348504879687e+03 4.000000000000000000e+03 4.500000000000000000e+00
