# # Chi square, temp, lg
2.488858877261219732e+03 3.400000000000000000e+03 3.500000000000000000e+00
2.032263470754282253e+03 3.500000000000000000e+03 3.500000000000000000e+00
1.547867447392827216e+03 3.600000000000000000e+03 3.500000000000000000e+00
1.009353734353720370e+03 3.700000000000000000e+03 3.500000000000000000e+00
4.440631065193890663e+02 3.800000000000000000e+03 3.500000000000000000e+00
8.610691375461492498e+02 3.900000000000000000e+03 3.500000000000000000e+00
1.699050746767869668e+03 4.000000000000000000e+03 3.500000000000000000e+00
2.662716378833231829e+03 4.100000000000000000e+03 3.500000000000000000e+00
3.586639363587800290e+03 4.200000000000000000e+03 3.500000000000000000e+00
4.784425398541681716e+03 4.300000000000000000e+03 3.500000000000000000e+00
6.129339907003926783e+03 4.400000000000000000e+03 3.500000000000000000e+00
7.425740117961425312e+03 4.500000000000000000e+03 3.500000000000000000e+00
2.452718843139123237e+03 3.400000000000000000e+03 4.000000000000000000e+00
1.978900947789194106e+03 3.500000000000000000e+03 4.000000000000000000e+00
1.436306428863911606e+03 3.600000000000000000e+03 4.000000000000000000e+00
8.529761786841008870e+02 3.700000000000000000e+03 4.000000000000000000e+00
4.870933965731794046e+02 3.800000000000000000e+03 4.000000000000000000e+00
8.797238956970122672e+02 3.900000000000000000e+03 4.000000000000000000e+00
1.762473004549465031e+03 4.000000000000000000e+03 4.000000000000000000e+00
2.769794691920203149e+03 4.100000000000000000e+03 4.000000000000000000e+00
3.742239409568163865e+03 4.200000000000000000e+03 4.000000000000000000e+00
4.945275044699791579e+03 4.300000000000000000e+03 4.000000000000000000e+00
6.129980795921877871e+03 4.400000000000000000e+03 4.000000000000000000e+00
7.512008419790154221e+03 4.500000000000000000e+03 4.000000000000000000e+00
2.399716434256154116e+03 3.400000000000000000e+03 4.500000000000000000e+00
1.966327645441233472e+03 3.500000000000000000e+03 4.500000000000000000e+00
1.443535461174785269e+03 3.600000000000000000e+03 4.500000000000000000e+00
8.865759615329932330e+02 3.700000000000000000e+03 4.500000000000000000e+00
5.232650295740525053e+02 3.800000000000000000e+03 4.500000000000000000e+00
8.925375925420004251e+02 3.900000000000000000e+03 4.500000000000000000e+00
1.647609034981688410e+03 4.000000000000000000e+03 4.500000000000000000e+00
2.572244396721840985e+03 4.100000000000000000e+03 4.500000000000000000e+00
3.559801813475816289e+03 4.200000000000000000e+03 4.500000000000000000e+00
4.910500687048596774e+03 4.300000000000000000e+03 4.500000000000000000e+00
6.096287561709857073e+03 4.400000000000000000e+03 4.500000000000000000e+00
7.540863321266067032e+03 4.500000000000000000e+03 4.500000000000000000e+00
