# # Chi square, temp, lg
3.624227933602394842e+03 3.400000000000000000e+03 3.500000000000000000e+00
3.182562707093848076e+03 3.500000000000000000e+03 3.500000000000000000e+00
2.654600937996834091e+03 3.600000000000000000e+03 3.500000000000000000e+00
2.136274974082792596e+03 3.700000000000000000e+03 3.500000000000000000e+00
1.420947362713471648e+03 3.800000000000000000e+03 3.500000000000000000e+00
8.179589324592251387e+02 3.900000000000000000e+03 3.500000000000000000e+00
8.211547571230061067e+02 4.000000000000000000e+03 3.500000000000000000e+00
1.598573715407592999e+03 4.100000000000000000e+03 3.500000000000000000e+00
2.498535489629235144e+03 4.200000000000000000e+03 3.500000000000000000e+00
3.651420903797594747e+03 4.300000000000000000e+03 3.500000000000000000e+00
4.944154970348794450e+03 4.400000000000000000e+03 3.500000000000000000e+00
6.202691516075336040e+03 4.500000000000000000e+03 3.500000000000000000e+00
3.576971102250725835e+03 3.400000000000000000e+03 4.000000000000000000e+00
3.062038674244146023e+03 3.500000000000000000e+03 4.000000000000000000e+00
2.555629927190426770e+03 3.600000000000000000e+03 4.000000000000000000e+00
1.979048832837613872e+03 3.700000000000000000e+03 4.000000000000000000e+00
1.337778904178033599e+03 3.800000000000000000e+03 4.000000000000000000e+00
8.039237076949336824e+02 3.900000000000000000e+03 4.000000000000000000e+00
8.461664323550157860e+02 4.000000000000000000e+03 4.000000000000000000e+00
1.667115296072273850e+03 4.100000000000000000e+03 4.000000000000000000e+00
2.598266212989353335e+03 4.200000000000000000e+03 4.000000000000000000e+00
3.727506215036437425e+03 4.300000000000000000e+03 4.000000000000000000e+00
4.877709056726940616e+03 4.400000000000000000e+03 4.000000000000000000e+00
6.256611881917401661e+03 4.500000000000000000e+03 4.000000000000000000e+00
3.518120327597332562e+03 3.400000000000000000e+03 4.500000000000000000e+00
3.041128509914371534e+03 3.500000000000000000e+03 4.500000000000000000e+00
2.528502441868621645e+03 3.600000000000000000e+03 4.500000000000000000e+00
1.963875998970105684e+03 3.700000000000000000e+03 4.500000000000000000e+00
1.347310049248000041e+03 3.800000000000000000e+03 4.500000000000000000e+00
8.275996052002877832e+02 3.900000000000000000e+03 4.500000000000000000e+00
7.886371590363345376e+02 4.000000000000000000e+03 4.500000000000000000e+00
1.508783627917463946e+03 4.100000000000000000e+03 4.500000000000000000e+00
2.382274884892954560e+03 4.200000000000000000e+03 4.500000000000000000e+00
3.629631678609186110e+03 4.300000000000000000e+03 4.500000000000000000e+00
4.924942842919396753e+03 4.400000000000000000e+03 4.500000000000000000e+00
6.252584872495081981e+03 4.500000000000000000e+03 4.500000000000000000e+00
