# # Chi square, temp, lg
1.190869749892122854e+04 2.900000000000000000e+03 3.500000000000000000e+00
1.165973403888467328e+04 3.000000000000000000e+03 3.500000000000000000e+00
1.137286098242317348e+04 3.100000000000000000e+03 3.500000000000000000e+00
1.108174946192987773e+04 3.200000000000000000e+03 3.500000000000000000e+00
1.072478062233730816e+04 3.300000000000000000e+03 3.500000000000000000e+00
1.029730179901021984e+04 3.400000000000000000e+03 3.500000000000000000e+00
9.854214737975893513e+03 3.500000000000000000e+03 3.500000000000000000e+00
9.285696371964904756e+03 3.600000000000000000e+03 3.500000000000000000e+00
8.745815998178079099e+03 3.700000000000000000e+03 3.500000000000000000e+00
7.924814039027804029e+03 3.800000000000000000e+03 3.500000000000000000e+00
7.126322721440915302e+03 3.900000000000000000e+03 3.500000000000000000e+00
6.148106517988652740e+03 4.000000000000000000e+03 3.500000000000000000e+00
1.187427694467160472e+04 2.900000000000000000e+03 4.000000000000000000e+00
1.161248582898091263e+04 3.000000000000000000e+03 4.000000000000000000e+00
1.132364573464014757e+04 3.100000000000000000e+03 4.000000000000000000e+00
1.099203632115818982e+04 3.200000000000000000e+03 4.000000000000000000e+00
1.060866886864089247e+04 3.300000000000000000e+03 4.000000000000000000e+00
1.020567759569247755e+04 3.400000000000000000e+03 4.000000000000000000e+00
9.701942754167488602e+03 3.500000000000000000e+03 4.000000000000000000e+00
9.160964925296404544e+03 3.600000000000000000e+03 4.000000000000000000e+00
8.560098802347221863e+03 3.700000000000000000e+03 4.000000000000000000e+00
7.875069719532748422e+03 3.800000000000000000e+03 4.000000000000000000e+00
7.104649032863141656e+03 3.900000000000000000e+03 4.000000000000000000e+00
6.119947971516671714e+03 4.000000000000000000e+03 4.000000000000000000e+00
1.187651241399864739e+04 2.900000000000000000e+03 4.500000000000000000e+00
1.161617572048331931e+04 3.000000000000000000e+03 4.500000000000000000e+00
1.128168207486111714e+04 3.100000000000000000e+03 4.500000000000000000e+00
1.094278347519590170e+04 3.200000000000000000e+03 4.500000000000000000e+00
1.056220400830966173e+04 3.300000000000000000e+03 4.500000000000000000e+00
1.013824803230381622e+04 3.400000000000000000e+03 4.500000000000000000e+00
9.665472170115448534e+03 3.500000000000000000e+03 4.500000000000000000e+00
9.136251966235782675e+03 3.600000000000000000e+03 4.500000000000000000e+00
8.532119818563389344e+03 3.700000000000000000e+03 4.500000000000000000e+00
7.842163034345896449e+03 3.800000000000000000e+03 4.500000000000000000e+00
7.086105840909714971e+03 3.900000000000000000e+03 4.500000000000000000e+00
6.271951074823135968e+03 4.000000000000000000e+03 4.500000000000000000e+00
