# # Chi square, temp, lg
1.947384457810268714e+03 3.900000000000000000e+03 3.500000000000000000e+00
2.847041254762071731e+03 4.000000000000000000e+03 3.500000000000000000e+00
3.799934342072831896e+03 4.100000000000000000e+03 3.500000000000000000e+00
4.756925009880068501e+03 4.200000000000000000e+03 3.500000000000000000e+00
5.983427685554765958e+03 4.300000000000000000e+03 3.500000000000000000e+00
7.281605531873586187e+03 4.400000000000000000e+03 3.500000000000000000e+00
8.514700152467035878e+03 4.500000000000000000e+03 3.500000000000000000e+00
1.009427749096033222e+04 4.600000000000000000e+03 3.500000000000000000e+00
1.171655847534332133e+04 4.700000000000000000e+03 3.500000000000000000e+00
1.364465690772039852e+04 4.800000000000000000e+03 3.500000000000000000e+00
1.529714774719149318e+04 4.900000000000000000e+03 3.500000000000000000e+00
1.738541137147237532e+04 5.000000000000000000e+03 3.500000000000000000e+00
1.968044766436319378e+03 3.900000000000000000e+03 4.000000000000000000e+00
2.881918393166988608e+03 4.000000000000000000e+03 4.000000000000000000e+00
3.923483882921953409e+03 4.100000000000000000e+03 4.000000000000000000e+00
4.905061924392759465e+03 4.200000000000000000e+03 4.000000000000000000e+00
6.044257929632173727e+03 4.300000000000000000e+03 4.000000000000000000e+00
7.301605089925360517e+03 4.400000000000000000e+03 4.000000000000000000e+00
8.702550449695716452e+03 4.500000000000000000e+03 4.000000000000000000e+00
1.019013437643877478e+04 4.600000000000000000e+03 4.000000000000000000e+00
1.184190732303172445e+04 4.700000000000000000e+03 4.000000000000000000e+00
1.366696747062598115e+04 4.800000000000000000e+03 4.000000000000000000e+00
1.563922317957533778e+04 4.900000000000000000e+03 4.000000000000000000e+00
1.771933152572633844e+04 5.000000000000000000e+03 4.000000000000000000e+00
1.991420884354502277e+03 3.900000000000000000e+03 4.500000000000000000e+00
2.770831911974208651e+03 4.000000000000000000e+03 4.500000000000000000e+00
3.714048401255299723e+03 4.100000000000000000e+03 4.500000000000000000e+00
4.657706977015117445e+03 4.200000000000000000e+03 4.500000000000000000e+00
5.953020480889946157e+03 4.300000000000000000e+03 4.500000000000000000e+00
7.311965859830585941e+03 4.400000000000000000e+03 4.500000000000000000e+00
8.679982613535019482e+03 4.500000000000000000e+03 4.500000000000000000e+00
1.026581077312460002e+04 4.600000000000000000e+03 4.500000000000000000e+00
1.194051005510722280e+04 4.700000000000000000e+03 4.500000000000000000e+00
1.367894787600606105e+04 4.800000000000000000e+03 4.500000000000000000e+00
1.572853996189945428e+04 4.900000000000000000e+03 4.500000000000000000e+00
1.780209577969864040e+04 5.000000000000000000e+03 4.500000000000000000e+00
