# # Chi square, temp, lg
2.149957042443651881e+04 3.900000000000000000e+03 3.500000000000000000e+00
2.056586325080694587e+04 4.000000000000000000e+03 3.500000000000000000e+00
1.957842453588319404e+04 4.100000000000000000e+03 3.500000000000000000e+00
1.859710570975967494e+04 4.200000000000000000e+03 3.500000000000000000e+00
1.733908713808866378e+04 4.300000000000000000e+03 3.500000000000000000e+00
1.618371075755108905e+04 4.400000000000000000e+03 3.500000000000000000e+00
1.486179394721952121e+04 4.500000000000000000e+03 3.500000000000000000e+00
1.344849676292834556e+04 4.600000000000000000e+03 3.500000000000000000e+00
1.204453247699060012e+04 4.700000000000000000e+03 3.500000000000000000e+00
1.069643944752978859e+04 4.800000000000000000e+03 3.500000000000000000e+00
9.384811872119844338e+03 4.900000000000000000e+03 3.500000000000000000e+00
8.224790676931910639e+03 5.000000000000000000e+03 3.500000000000000000e+00
2.142151929015596033e+04 3.900000000000000000e+03 4.000000000000000000e+00
2.050735179746955328e+04 4.000000000000000000e+03 4.000000000000000000e+00
1.944886489156445532e+04 4.100000000000000000e+03 4.000000000000000000e+00
1.842568185168464333e+04 4.200000000000000000e+03 4.000000000000000000e+00
1.721704314789504497e+04 4.300000000000000000e+03 4.000000000000000000e+00
1.598347629883031550e+04 4.400000000000000000e+03 4.000000000000000000e+00
1.472064012811217617e+04 4.500000000000000000e+03 4.000000000000000000e+00
1.336133317698685460e+04 4.600000000000000000e+03 4.000000000000000000e+00
1.191254727071397429e+04 4.700000000000000000e+03 4.000000000000000000e+00
1.050408854700576740e+04 4.800000000000000000e+03 4.000000000000000000e+00
9.169350451412863549e+03 4.900000000000000000e+03 4.000000000000000000e+00
7.843003684171901114e+03 5.000000000000000000e+03 4.000000000000000000e+00
2.145218018170303912e+04 3.900000000000000000e+03 4.500000000000000000e+00
2.066504305196093264e+04 4.000000000000000000e+03 4.500000000000000000e+00
1.967204070279953885e+04 4.100000000000000000e+03 4.500000000000000000e+00
1.867587310471746241e+04 4.200000000000000000e+03 4.500000000000000000e+00
1.732216566655672432e+04 4.300000000000000000e+03 4.500000000000000000e+00
1.617334181156005434e+04 4.400000000000000000e+03 4.500000000000000000e+00
1.472466228464178130e+04 4.500000000000000000e+03 4.500000000000000000e+00
1.320723377705764688e+04 4.600000000000000000e+03 4.500000000000000000e+00
1.174557570272136763e+04 4.700000000000000000e+03 4.500000000000000000e+00
1.029033459883081014e+04 4.800000000000000000e+03 4.500000000000000000e+00
8.908145889546394756e+03 4.900000000000000000e+03 4.500000000000000000e+00
7.762106261140959759e+03 5.000000000000000000e+03 4.500000000000000000e+00
