# # Chi square, temp, lg
5.870536164895673210e+03 3.900000000000000000e+03 3.500000000000000000e+00
4.990780355569660969e+03 4.000000000000000000e+03 3.500000000000000000e+00
4.031038061834947712e+03 4.100000000000000000e+03 3.500000000000000000e+00
3.127629528617823325e+03 4.200000000000000000e+03 3.500000000000000000e+00
2.128346494129012171e+03 4.300000000000000000e+03 3.500000000000000000e+00
1.517373955932356694e+03 4.400000000000000000e+03 3.500000000000000000e+00
2.076784255359420968e+03 4.500000000000000000e+03 3.500000000000000000e+00
3.381063848194918592e+03 4.600000000000000000e+03 3.500000000000000000e+00
4.665632408453067910e+03 4.700000000000000000e+03 3.500000000000000000e+00
6.484549808883123660e+03 4.800000000000000000e+03 3.500000000000000000e+00
8.370403900511268148e+03 4.900000000000000000e+03 3.500000000000000000e+00
1.038150920840397339e+04 5.000000000000000000e+03 3.500000000000000000e+00
5.791796247314407992e+03 3.900000000000000000e+03 4.000000000000000000e+00
4.968052666826903987e+03 4.000000000000000000e+03 4.000000000000000000e+00
3.937202101191456677e+03 4.100000000000000000e+03 4.000000000000000000e+00
2.992733283959714299e+03 4.200000000000000000e+03 4.000000000000000000e+00
2.244874718463525824e+03 4.300000000000000000e+03 4.000000000000000000e+00
1.558720458949677777e+03 4.400000000000000000e+03 4.000000000000000000e+00
2.210562908997579143e+03 4.500000000000000000e+03 4.000000000000000000e+00
3.354056121312000869e+03 4.600000000000000000e+03 4.000000000000000000e+00
4.963838739982908919e+03 4.700000000000000000e+03 4.000000000000000000e+00
6.760734630264168118e+03 4.800000000000000000e+03 4.000000000000000000e+00
8.530819297237558203e+03 4.900000000000000000e+03 4.000000000000000000e+00
1.046232881977132092e+04 5.000000000000000000e+03 4.000000000000000000e+00
5.797128475668342617e+03 3.900000000000000000e+03 4.500000000000000000e+00
5.020378844226074762e+03 4.000000000000000000e+03 4.500000000000000000e+00
4.060162829878345292e+03 4.100000000000000000e+03 4.500000000000000000e+00
3.227059372363398779e+03 4.200000000000000000e+03 4.500000000000000000e+00
2.186359434008888911e+03 4.300000000000000000e+03 4.500000000000000000e+00
1.652628718892933193e+03 4.400000000000000000e+03 4.500000000000000000e+00
2.174176344606414204e+03 4.500000000000000000e+03 4.500000000000000000e+00
3.499946891321282237e+03 4.600000000000000000e+03 4.500000000000000000e+00
4.960434666729476703e+03 4.700000000000000000e+03 4.500000000000000000e+00
6.789182000786445315e+03 4.800000000000000000e+03 4.500000000000000000e+00
8.733428936244146826e+03 4.900000000000000000e+03 4.500000000000000000e+00
1.087358606394706658e+04 5.000000000000000000e+03 4.500000000000000000e+00
