# # Chi square, temp, lg
2.219898036765260713e+03 2.400000000000000000e+03 3.500000000000000000e+00
2.055403860689007161e+03 2.500000000000000000e+03 3.500000000000000000e+00
1.879987484263152055e+03 2.600000000000000000e+03 3.500000000000000000e+00
1.672532196602195427e+03 2.700000000000000000e+03 3.500000000000000000e+00
1.424760779580703684e+03 2.800000000000000000e+03 3.500000000000000000e+00
1.149611277789481392e+03 2.900000000000000000e+03 3.500000000000000000e+00
8.358938618929159929e+02 3.000000000000000000e+03 3.500000000000000000e+00
5.295594058174073098e+02 3.100000000000000000e+03 3.500000000000000000e+00
3.040028914802122131e+02 3.200000000000000000e+03 3.500000000000000000e+00
4.361790496860151052e+02 3.300000000000000000e+03 3.500000000000000000e+00
8.571739302431951728e+02 3.400000000000000000e+03 3.500000000000000000e+00
1.314987436690510094e+03 3.500000000000000000e+03 3.500000000000000000e+00
2.189945298857140642e+03 2.400000000000000000e+03 4.000000000000000000e+00
2.021698170578046984e+03 2.500000000000000000e+03 4.000000000000000000e+00
1.832928479169132743e+03 2.600000000000000000e+03 4.000000000000000000e+00
1.624508131151279713e+03 2.700000000000000000e+03 4.000000000000000000e+00
1.370422046358014995e+03 2.800000000000000000e+03 4.000000000000000000e+00
1.110556808143069247e+03 2.900000000000000000e+03 4.000000000000000000e+00
8.148499026627883950e+02 3.000000000000000000e+03 4.000000000000000000e+00
5.435025887735492915e+02 3.100000000000000000e+03 4.000000000000000000e+00
3.346495327561009958e+02 3.200000000000000000e+03 4.000000000000000000e+00
5.073255734966183468e+02 3.300000000000000000e+03 4.000000000000000000e+00
9.015787634513839066e+02 3.400000000000000000e+03 4.000000000000000000e+00
1.391248950395282691e+03 3.500000000000000000e+03 4.000000000000000000e+00
2.160300873263218818e+03 2.400000000000000000e+03 4.500000000000000000e+00
1.989481348980810480e+03 2.500000000000000000e+03 4.500000000000000000e+00
1.814507999010660342e+03 2.600000000000000000e+03 4.500000000000000000e+00
1.608558132957456337e+03 2.700000000000000000e+03 4.500000000000000000e+00
1.373362728008917429e+03 2.800000000000000000e+03 4.500000000000000000e+00
1.103892610547014556e+03 2.900000000000000000e+03 4.500000000000000000e+00
8.218770712210796319e+02 3.000000000000000000e+03 4.500000000000000000e+00
5.311819580060116550e+02 3.100000000000000000e+03 4.500000000000000000e+00
3.871742054564756472e+02 3.200000000000000000e+03 4.500000000000000000e+00
5.755103485817571709e+02 3.300000000000000000e+03 4.500000000000000000e+00
9.755647130076932854e+02 3.400000000000000000e+03 4.500000000000000000e+00
1.437702212159940473e+03 3.500000000000000000e+03 4.500000000000000000e+00
