# # Chi square, temp, lg
1.102182390230359306e+04 4.400000000000000000e+03 3.500000000000000000e+00
9.876479723797812767e+03 4.500000000000000000e+03 3.500000000000000000e+00
8.198376858315165009e+03 4.600000000000000000e+03 3.500000000000000000e+00
6.658500908140270440e+03 4.700000000000000000e+03 3.500000000000000000e+00
5.367802688131761897e+03 4.800000000000000000e+03 3.500000000000000000e+00
4.026014833134574928e+03 4.900000000000000000e+03 3.500000000000000000e+00
3.096290524949586143e+03 5.000000000000000000e+03 3.500000000000000000e+00
4.021918971292371225e+03 5.100000000000000000e+03 3.500000000000000000e+00
5.594161150641293716e+03 5.200000000000000000e+03 3.500000000000000000e+00
7.670486912311287597e+03 5.300000000000000000e+03 3.500000000000000000e+00
1.002197838041922296e+04 5.400000000000000000e+03 3.500000000000000000e+00
1.286989518683924689e+04 5.500000000000000000e+03 3.500000000000000000e+00
1.105439722522304146e+04 4.400000000000000000e+03 4.000000000000000000e+00
9.765463792572931197e+03 4.500000000000000000e+03 4.000000000000000000e+00
8.199587699549092576e+03 4.600000000000000000e+03 4.000000000000000000e+00
6.826481714174721674e+03 4.700000000000000000e+03 4.000000000000000000e+00
5.171905151958088027e+03 4.800000000000000000e+03 4.000000000000000000e+00
3.864228224850388870e+03 4.900000000000000000e+03 4.000000000000000000e+00
3.562879788722964349e+03 5.000000000000000000e+03 4.000000000000000000e+00
4.351195822295042490e+03 5.100000000000000000e+03 4.000000000000000000e+00
5.788194424540209184e+03 5.200000000000000000e+03 4.000000000000000000e+00
8.539146628053560562e+03 5.300000000000000000e+03 4.000000000000000000e+00
1.088131461679621498e+04 5.400000000000000000e+03 4.000000000000000000e+00
1.386809593176632552e+04 5.500000000000000000e+03 4.000000000000000000e+00
1.105501584137606733e+04 4.400000000000000000e+03 4.500000000000000000e+00
9.788561520732922872e+03 4.500000000000000000e+03 4.500000000000000000e+00
8.099406036713659887e+03 4.600000000000000000e+03 4.500000000000000000e+00
6.675075220104120490e+03 4.700000000000000000e+03 4.500000000000000000e+00
5.041698453149858324e+03 4.800000000000000000e+03 4.500000000000000000e+00
3.950048769357380024e+03 4.900000000000000000e+03 4.500000000000000000e+00
3.334971408490806880e+03 5.000000000000000000e+03 4.500000000000000000e+00
4.360498298460540354e+03 5.100000000000000000e+03 4.500000000000000000e+00
6.082626976006714358e+03 5.200000000000000000e+03 4.500000000000000000e+00
8.388999913423949693e+03 5.300000000000000000e+03 4.500000000000000000e+00
1.054982889345811054e+04 5.400000000000000000e+03 4.500000000000000000e+00
1.409500688061792061e+04 5.500000000000000000e+03 4.500000000000000000e+00
