# # Chi square, temp, lg
8.610691375461492498e+02 3.900000000000000000e+03 3.500000000000000000e+00
1.699050746767869668e+03 4.000000000000000000e+03 3.500000000000000000e+00
2.662716378833231829e+03 4.100000000000000000e+03 3.500000000000000000e+00
3.586639363587800290e+03 4.200000000000000000e+03 3.500000000000000000e+00
4.784425398541681716e+03 4.300000000000000000e+03 3.500000000000000000e+00
6.129339907003926783e+03 4.400000000000000000e+03 3.500000000000000000e+00
7.425740117961425312e+03 4.500000000000000000e+03 3.500000000000000000e+00
8.981665778887838314e+03 4.600000000000000000e+03 3.500000000000000000e+00
1.051405177380957139e+04 4.700000000000000000e+03 3.500000000000000000e+00
1.222299646837824548e+04 4.800000000000000000e+03 3.500000000000000000e+00
1.390954357150441319e+04 4.900000000000000000e+03 3.500000000000000000e+00
1.590273766676405467e+04 5.000000000000000000e+03 3.500000000000000000e+00
8.797238956970122672e+02 3.900000000000000000e+03 4.000000000000000000e+00
1.762473004549465031e+03 4.000000000000000000e+03 4.000000000000000000e+00
2.769794691920203149e+03 4.100000000000000000e+03 4.000000000000000000e+00
3.742239409568163865e+03 4.200000000000000000e+03 4.000000000000000000e+00
4.945275044699791579e+03 4.300000000000000000e+03 4.000000000000000000e+00
6.129980795921877871e+03 4.400000000000000000e+03 4.000000000000000000e+00
7.512008419790154221e+03 4.500000000000000000e+03 4.000000000000000000e+00
9.075041187169574187e+03 4.600000000000000000e+03 4.000000000000000000e+00
1.064393978475194672e+04 4.700000000000000000e+03 4.000000000000000000e+00
1.234555355917779525e+04 4.800000000000000000e+03 4.000000000000000000e+00
1.425569364766858234e+04 4.900000000000000000e+03 4.000000000000000000e+00
1.630564805805705146e+04 5.000000000000000000e+03 4.000000000000000000e+00
8.925375925420004251e+02 3.900000000000000000e+03 4.500000000000000000e+00
1.647609034981688410e+03 4.000000000000000000e+03 4.500000000000000000e+00
2.572244396721840985e+03 4.100000000000000000e+03 4.500000000000000000e+00
3.559801813475816289e+03 4.200000000000000000e+03 4.500000000000000000e+00
4.910500687048596774e+03 4.300000000000000000e+03 4.500000000000000000e+00
6.096287561709857073e+03 4.400000000000000000e+03 4.500000000000000000e+00
7.540863321266067032e+03 4.500000000000000000e+03 4.500000000000000000e+00
9.003172685382312920e+03 4.600000000000000000e+03 4.500000000000000000e+00
1.057913740210166725e+04 4.700000000000000000e+03 4.500000000000000000e+00
1.243083340506834247e+04 4.800000000000000000e+03 4.500000000000000000e+00
1.438839198569184737e+04 4.900000000000000000e+03 4.500000000000000000e+00
1.636103065231458822e+04 5.000000000000000000e+03 4.500000000000000000e+00
