# # Chi square, temp, lg
2.386027072916387169e+03 3.900000000000000000e+03 3.500000000000000000e+00
3.114844716491643339e+03 4.000000000000000000e+03 3.500000000000000000e+00
4.111202945531045771e+03 4.100000000000000000e+03 3.500000000000000000e+00
4.987805541544933476e+03 4.200000000000000000e+03 3.500000000000000000e+00
6.193443798283060460e+03 4.300000000000000000e+03 3.500000000000000000e+00
7.517859651126699646e+03 4.400000000000000000e+03 3.500000000000000000e+00
8.835445986441718560e+03 4.500000000000000000e+03 3.500000000000000000e+00
1.044277107037391579e+04 4.600000000000000000e+03 3.500000000000000000e+00
1.196403367503968911e+04 4.700000000000000000e+03 3.500000000000000000e+00
1.376004448190037692e+04 4.800000000000000000e+03 3.500000000000000000e+00
1.558747050939065230e+04 4.900000000000000000e+03 3.500000000000000000e+00
1.746208867190062301e+04 5.000000000000000000e+03 3.500000000000000000e+00
2.461976856232177397e+03 3.900000000000000000e+03 4.000000000000000000e+00
3.181769697004880072e+03 4.000000000000000000e+03 4.000000000000000000e+00
4.129118363009024506e+03 4.100000000000000000e+03 4.000000000000000000e+00
5.169451431935495748e+03 4.200000000000000000e+03 4.000000000000000000e+00
6.251947028721930110e+03 4.300000000000000000e+03 4.000000000000000000e+00
7.496100006233598833e+03 4.400000000000000000e+03 4.000000000000000000e+00
8.949346917379796650e+03 4.500000000000000000e+03 4.000000000000000000e+00
1.055598767355776363e+04 4.600000000000000000e+03 4.000000000000000000e+00
1.210493633089358445e+04 4.700000000000000000e+03 4.000000000000000000e+00
1.401010122917097215e+04 4.800000000000000000e+03 4.000000000000000000e+00
1.569811065132842486e+04 4.900000000000000000e+03 4.000000000000000000e+00
1.789555040728807944e+04 5.000000000000000000e+03 4.000000000000000000e+00
2.586148273044721464e+03 3.900000000000000000e+03 4.500000000000000000e+00
3.224533712552288762e+03 4.000000000000000000e+03 4.500000000000000000e+00
4.022749619899191202e+03 4.100000000000000000e+03 4.500000000000000000e+00
4.907807320064905980e+03 4.200000000000000000e+03 4.500000000000000000e+00
6.165514912420689143e+03 4.300000000000000000e+03 4.500000000000000000e+00
7.507142410109529010e+03 4.400000000000000000e+03 4.500000000000000000e+00
8.829941288281106608e+03 4.500000000000000000e+03 4.500000000000000000e+00
1.046973562020983991e+04 4.600000000000000000e+03 4.500000000000000000e+00
1.208172232106762203e+04 4.700000000000000000e+03 4.500000000000000000e+00
1.409004694615346853e+04 4.800000000000000000e+03 4.500000000000000000e+00
1.574953206034485811e+04 4.900000000000000000e+03 4.500000000000000000e+00
1.782927945114477552e+04 5.000000000000000000e+03 4.500000000000000000e+00
