# # Chi square, temp, lg
2.352797287704125210e+03 3.900000000000000000e+03 3.500000000000000000e+00
3.148810321614421809e+03 4.000000000000000000e+03 3.500000000000000000e+00
4.034600068394573100e+03 4.100000000000000000e+03 3.500000000000000000e+00
5.007220066481510003e+03 4.200000000000000000e+03 3.500000000000000000e+00
6.210190302894674460e+03 4.300000000000000000e+03 3.500000000000000000e+00
7.411217684079880200e+03 4.400000000000000000e+03 3.500000000000000000e+00
8.771323021609396164e+03 4.500000000000000000e+03 3.500000000000000000e+00
1.021193244718035385e+04 4.600000000000000000e+03 3.500000000000000000e+00
1.178569801279154854e+04 4.700000000000000000e+03 3.500000000000000000e+00
1.360337518311851636e+04 4.800000000000000000e+03 3.500000000000000000e+00
1.525416796010815051e+04 4.900000000000000000e+03 3.500000000000000000e+00
1.725283755637265131e+04 5.000000000000000000e+03 3.500000000000000000e+00
2.407926636472239807e+03 3.900000000000000000e+03 4.000000000000000000e+00
3.180045083151819199e+03 4.000000000000000000e+03 4.000000000000000000e+00
4.162072744880483697e+03 4.100000000000000000e+03 4.000000000000000000e+00
5.143988198927513622e+03 4.200000000000000000e+03 4.000000000000000000e+00
6.156946009481517649e+03 4.300000000000000000e+03 4.000000000000000000e+00
7.387401359115788182e+03 4.400000000000000000e+03 4.000000000000000000e+00
8.789720409464527620e+03 4.500000000000000000e+03 4.000000000000000000e+00
1.032624122384738803e+04 4.600000000000000000e+03 4.000000000000000000e+00
1.182038781220655073e+04 4.700000000000000000e+03 4.000000000000000000e+00
1.358759069590254694e+04 4.800000000000000000e+03 4.000000000000000000e+00
1.533643267478816779e+04 4.900000000000000000e+03 4.000000000000000000e+00
1.756925122422429558e+04 5.000000000000000000e+03 4.000000000000000000e+00
2.568744633771850658e+03 3.900000000000000000e+03 4.500000000000000000e+00
3.188003972848243848e+03 4.000000000000000000e+03 4.500000000000000000e+00
3.968352707078426192e+03 4.100000000000000000e+03 4.500000000000000000e+00
4.948370195199334376e+03 4.200000000000000000e+03 4.500000000000000000e+00
6.149060748675239665e+03 4.300000000000000000e+03 4.500000000000000000e+00
7.292018441680521391e+03 4.400000000000000000e+03 4.500000000000000000e+00
8.792362242042872822e+03 4.500000000000000000e+03 4.500000000000000000e+00
1.035165762974968493e+04 4.600000000000000000e+03 4.500000000000000000e+00
1.194910776493540288e+04 4.700000000000000000e+03 4.500000000000000000e+00
1.366849101116340535e+04 4.800000000000000000e+03 4.500000000000000000e+00
1.554792748083994593e+04 4.900000000000000000e+03 4.500000000000000000e+00
1.738442870968631178e+04 5.000000000000000000e+03 4.500000000000000000e+00
