# # Chi square, temp, lg
4.345686933771379699e+03 2.900000000000000000e+03 3.500000000000000000e+00
4.036227286942583760e+03 3.000000000000000000e+03 3.500000000000000000e+00
3.720161544138789395e+03 3.100000000000000000e+03 3.500000000000000000e+00
3.360163268606463134e+03 3.200000000000000000e+03 3.500000000000000000e+00
2.955169770061984309e+03 3.300000000000000000e+03 3.500000000000000000e+00
2.488858877261219732e+03 3.400000000000000000e+03 3.500000000000000000e+00
2.032263470754282253e+03 3.500000000000000000e+03 3.500000000000000000e+00
1.547867447392827216e+03 3.600000000000000000e+03 3.500000000000000000e+00
1.009353734353720370e+03 3.700000000000000000e+03 3.500000000000000000e+00
4.440631065193890663e+02 3.800000000000000000e+03 3.500000000000000000e+00
8.610691375461492498e+02 3.900000000000000000e+03 3.500000000000000000e+00
1.699050746767869668e+03 4.000000000000000000e+03 3.500000000000000000e+00
4.292740249957696506e+03 2.900000000000000000e+03 4.000000000000000000e+00
4.002651798361015608e+03 3.000000000000000000e+03 4.000000000000000000e+00
3.671389170558748901e+03 3.100000000000000000e+03 4.000000000000000000e+00
3.298629022095213259e+03 3.200000000000000000e+03 4.000000000000000000e+00
2.887095134154427342e+03 3.300000000000000000e+03 4.000000000000000000e+00
2.452718843139123237e+03 3.400000000000000000e+03 4.000000000000000000e+00
1.978900947789194106e+03 3.500000000000000000e+03 4.000000000000000000e+00
1.436306428863911606e+03 3.600000000000000000e+03 4.000000000000000000e+00
8.529761786841008870e+02 3.700000000000000000e+03 4.000000000000000000e+00
4.870933965731794046e+02 3.800000000000000000e+03 4.000000000000000000e+00
8.797238956970122672e+02 3.900000000000000000e+03 4.000000000000000000e+00
1.762473004549465031e+03 4.000000000000000000e+03 4.000000000000000000e+00
4.314451523868436198e+03 2.900000000000000000e+03 4.500000000000000000e+00
4.010621286287735074e+03 3.000000000000000000e+03 4.500000000000000000e+00
3.648134065050227491e+03 3.100000000000000000e+03 4.500000000000000000e+00
3.271227681153859066e+03 3.200000000000000000e+03 4.500000000000000000e+00
2.859094306206541205e+03 3.300000000000000000e+03 4.500000000000000000e+00
2.399716434256154116e+03 3.400000000000000000e+03 4.500000000000000000e+00
1.966327645441233472e+03 3.500000000000000000e+03 4.500000000000000000e+00
1.443535461174785269e+03 3.600000000000000000e+03 4.500000000000000000e+00
8.865759615329932330e+02 3.700000000000000000e+03 4.500000000000000000e+00
5.232650295740525053e+02 3.800000000000000000e+03 4.500000000000000000e+00
8.925375925420004251e+02 3.900000000000000000e+03 4.500000000000000000e+00
1.647609034981688410e+03 4.000000000000000000e+03 4.500000000000000000e+00
