# # Chi square, temp, lg
1.176085572876159677e+04 3.900000000000000000e+03 3.500000000000000000e+00
1.091344764349303296e+04 4.000000000000000000e+03 3.500000000000000000e+00
9.909824053246880794e+03 4.100000000000000000e+03 3.500000000000000000e+00
9.034419449476785303e+03 4.200000000000000000e+03 3.500000000000000000e+00
7.890129218613167723e+03 4.300000000000000000e+03 3.500000000000000000e+00
6.725151541614153757e+03 4.400000000000000000e+03 3.500000000000000000e+00
5.431679525709568225e+03 4.500000000000000000e+03 3.500000000000000000e+00
4.327134797945900573e+03 4.600000000000000000e+03 3.500000000000000000e+00
3.458961206007024430e+03 4.700000000000000000e+03 3.500000000000000000e+00
3.124372039880175635e+03 4.800000000000000000e+03 3.500000000000000000e+00
3.786726578687808797e+03 4.900000000000000000e+03 3.500000000000000000e+00
5.379636109822568869e+03 5.000000000000000000e+03 3.500000000000000000e+00
1.173352866537831142e+04 3.900000000000000000e+03 4.000000000000000000e+00
1.084030576366108289e+04 4.000000000000000000e+03 4.000000000000000000e+00
9.875526419267973324e+03 4.100000000000000000e+03 4.000000000000000000e+00
8.954181212395025796e+03 4.200000000000000000e+03 4.000000000000000000e+00
7.909745883254880027e+03 4.300000000000000000e+03 4.000000000000000000e+00
6.822284374586057311e+03 4.400000000000000000e+03 4.000000000000000000e+00
5.598918573340823059e+03 4.500000000000000000e+03 4.000000000000000000e+00
4.391567011322189501e+03 4.600000000000000000e+03 4.000000000000000000e+00
3.397205977429985069e+03 4.700000000000000000e+03 4.000000000000000000e+00
3.236161658330879618e+03 4.800000000000000000e+03 4.000000000000000000e+00
4.067180633996904817e+03 4.900000000000000000e+03 4.000000000000000000e+00
5.641811961552160938e+03 5.000000000000000000e+03 4.000000000000000000e+00
1.171067299274210563e+04 3.900000000000000000e+03 4.500000000000000000e+00
1.094783510975111676e+04 4.000000000000000000e+03 4.500000000000000000e+00
1.007281361095322791e+04 4.100000000000000000e+03 4.500000000000000000e+00
9.138952061093428711e+03 4.200000000000000000e+03 4.500000000000000000e+00
7.970763507431453036e+03 4.300000000000000000e+03 4.500000000000000000e+00
6.761785128194277604e+03 4.400000000000000000e+03 4.500000000000000000e+00
5.636497173719819330e+03 4.500000000000000000e+03 4.500000000000000000e+00
4.464958989436159754e+03 4.600000000000000000e+03 4.500000000000000000e+00
3.521118608356404820e+03 4.700000000000000000e+03 4.500000000000000000e+00
3.300828713632664403e+03 4.800000000000000000e+03 4.500000000000000000e+00
4.223349402675459714e+03 4.900000000000000000e+03 4.500000000000000000e+00
5.542886402764925151e+03 5.000000000000000000e+03 4.500000000000000000e+00
