# # Chi square, temp, lg
5.362121492586638851e+03 2.400000000000000000e+03 3.500000000000000000e+00
5.218605962983832796e+03 2.500000000000000000e+03 3.500000000000000000e+00
5.055125777700851359e+03 2.600000000000000000e+03 3.500000000000000000e+00
4.843780922458036912e+03 2.700000000000000000e+03 3.500000000000000000e+00
4.611788203810786399e+03 2.800000000000000000e+03 3.500000000000000000e+00
4.345686933771379699e+03 2.900000000000000000e+03 3.500000000000000000e+00
4.036227286942583760e+03 3.000000000000000000e+03 3.500000000000000000e+00
3.720161544138789395e+03 3.100000000000000000e+03 3.500000000000000000e+00
3.360163268606463134e+03 3.200000000000000000e+03 3.500000000000000000e+00
2.955169770061984309e+03 3.300000000000000000e+03 3.500000000000000000e+00
2.488858877261219732e+03 3.400000000000000000e+03 3.500000000000000000e+00
2.032263470754282253e+03 3.500000000000000000e+03 3.500000000000000000e+00
5.344239590678050263e+03 2.400000000000000000e+03 4.000000000000000000e+00
5.189143013653846538e+03 2.500000000000000000e+03 4.000000000000000000e+00
5.014236793165701783e+03 2.600000000000000000e+03 4.000000000000000000e+00
4.820473251314942900e+03 2.700000000000000000e+03 4.000000000000000000e+00
4.567209163426015039e+03 2.800000000000000000e+03 4.000000000000000000e+00
4.292740249957696506e+03 2.900000000000000000e+03 4.000000000000000000e+00
4.002651798361015608e+03 3.000000000000000000e+03 4.000000000000000000e+00
3.671389170558748901e+03 3.100000000000000000e+03 4.000000000000000000e+00
3.298629022095213259e+03 3.200000000000000000e+03 4.000000000000000000e+00
2.887095134154427342e+03 3.300000000000000000e+03 4.000000000000000000e+00
2.452718843139123237e+03 3.400000000000000000e+03 4.000000000000000000e+00
1.978900947789194106e+03 3.500000000000000000e+03 4.000000000000000000e+00
5.333934946695751933e+03 2.400000000000000000e+03 4.500000000000000000e+00
5.185074108846758463e+03 2.500000000000000000e+03 4.500000000000000000e+00
5.018843039636989488e+03 2.600000000000000000e+03 4.500000000000000000e+00
4.817300637546923099e+03 2.700000000000000000e+03 4.500000000000000000e+00
4.575095630692341729e+03 2.800000000000000000e+03 4.500000000000000000e+00
4.314451523868436198e+03 2.900000000000000000e+03 4.500000000000000000e+00
4.010621286287735074e+03 3.000000000000000000e+03 4.500000000000000000e+00
3.648134065050227491e+03 3.100000000000000000e+03 4.500000000000000000e+00
3.271227681153859066e+03 3.200000000000000000e+03 4.500000000000000000e+00
2.859094306206541205e+03 3.300000000000000000e+03 4.500000000000000000e+00
2.399716434256154116e+03 3.400000000000000000e+03 4.500000000000000000e+00
1.966327645441233472e+03 3.500000000000000000e+03 4.500000000000000000e+00
