# # Chi square, temp, lg
1.430627343397588083e+04 2.400000000000000000e+03 3.500000000000000000e+00
1.418950103965451308e+04 2.500000000000000000e+03 3.500000000000000000e+00
1.407507813302273462e+04 2.600000000000000000e+03 3.500000000000000000e+00
1.390349194333520791e+04 2.700000000000000000e+03 3.500000000000000000e+00
1.371323136112977591e+04 2.800000000000000000e+03 3.500000000000000000e+00
1.349071572924046086e+04 2.900000000000000000e+03 3.500000000000000000e+00
1.323863059101357794e+04 3.000000000000000000e+03 3.500000000000000000e+00
1.295047492739451081e+04 3.100000000000000000e+03 3.500000000000000000e+00
1.266846401965215227e+04 3.200000000000000000e+03 3.500000000000000000e+00
1.230421587289008130e+04 3.300000000000000000e+03 3.500000000000000000e+00
1.193761191921993304e+04 3.400000000000000000e+03 3.500000000000000000e+00
1.145698194277284347e+04 3.500000000000000000e+03 3.500000000000000000e+00
1.429051491931169949e+04 2.400000000000000000e+03 4.000000000000000000e+00
1.417226274869042936e+04 2.500000000000000000e+03 4.000000000000000000e+00
1.403703784967180400e+04 2.600000000000000000e+03 4.000000000000000000e+00
1.387557705660585088e+04 2.700000000000000000e+03 4.000000000000000000e+00
1.368045961922375864e+04 2.800000000000000000e+03 4.000000000000000000e+00
1.344798911513483108e+04 2.900000000000000000e+03 4.000000000000000000e+00
1.317986879753119865e+04 3.000000000000000000e+03 4.000000000000000000e+00
1.290411069200048223e+04 3.100000000000000000e+03 4.000000000000000000e+00
1.256867580080816333e+04 3.200000000000000000e+03 4.000000000000000000e+00
1.222957952331054548e+04 3.300000000000000000e+03 4.000000000000000000e+00
1.179354195060906204e+04 3.400000000000000000e+03 4.000000000000000000e+00
1.134789465695458784e+04 3.500000000000000000e+03 4.000000000000000000e+00
1.427985022410554848e+04 2.400000000000000000e+03 4.500000000000000000e+00
1.415702717446436873e+04 2.500000000000000000e+03 4.500000000000000000e+00
1.402864857176610712e+04 2.600000000000000000e+03 4.500000000000000000e+00
1.387428736775701509e+04 2.700000000000000000e+03 4.500000000000000000e+00
1.368592909181359028e+04 2.800000000000000000e+03 4.500000000000000000e+00
1.345102176974376744e+04 2.900000000000000000e+03 4.500000000000000000e+00
1.319881193075168085e+04 3.000000000000000000e+03 4.500000000000000000e+00
1.287879401069519736e+04 3.100000000000000000e+03 4.500000000000000000e+00
1.254010211811155568e+04 3.200000000000000000e+03 4.500000000000000000e+00
1.217951050385350572e+04 3.300000000000000000e+03 4.500000000000000000e+00
1.176125829333763613e+04 3.400000000000000000e+03 4.500000000000000000e+00
1.127598034245423696e+04 3.500000000000000000e+03 4.500000000000000000e+00
