# # Chi square, temp, lg
1.138910131232567983e+04 3.400000000000000000e+03 3.500000000000000000e+00
1.092001520087511562e+04 3.500000000000000000e+03 3.500000000000000000e+00
1.032997423037141562e+04 3.600000000000000000e+03 3.500000000000000000e+00
9.767808508502463155e+03 3.700000000000000000e+03 3.500000000000000000e+00
8.939825640759827365e+03 3.800000000000000000e+03 3.500000000000000000e+00
8.129936339397537267e+03 3.900000000000000000e+03 3.500000000000000000e+00
7.154410220829522586e+03 4.000000000000000000e+03 3.500000000000000000e+00
6.163532887220017983e+03 4.100000000000000000e+03 3.500000000000000000e+00
5.223049787422822192e+03 4.200000000000000000e+03 3.500000000000000000e+00
4.123963467947137360e+03 4.300000000000000000e+03 3.500000000000000000e+00
3.069222965898596158e+03 4.400000000000000000e+03 3.500000000000000000e+00
2.236298779086986997e+03 4.500000000000000000e+03 3.500000000000000000e+00
1.131349723695979264e+04 3.400000000000000000e+03 4.000000000000000000e+00
1.078660842400985166e+04 3.500000000000000000e+03 4.000000000000000000e+00
1.022949107106049814e+04 3.600000000000000000e+03 4.000000000000000000e+00
9.607560113112398540e+03 3.700000000000000000e+03 4.000000000000000000e+00
8.904269642818806460e+03 3.800000000000000000e+03 4.000000000000000000e+00
8.117025395791528354e+03 3.900000000000000000e+03 4.000000000000000000e+00
7.125498093371791583e+03 4.000000000000000000e+03 4.000000000000000000e+00
6.141099459901293812e+03 4.100000000000000000e+03 4.000000000000000000e+00
5.084371118842757824e+03 4.200000000000000000e+03 4.000000000000000000e+00
4.037194164575627838e+03 4.300000000000000000e+03 4.000000000000000000e+00
3.052188381003301402e+03 4.400000000000000000e+03 4.000000000000000000e+00
2.303787840040949050e+03 4.500000000000000000e+03 4.000000000000000000e+00
1.125431744549791983e+04 3.400000000000000000e+03 4.500000000000000000e+00
1.076297331857314748e+04 3.500000000000000000e+03 4.500000000000000000e+00
1.021849261516707520e+04 3.600000000000000000e+03 4.500000000000000000e+00
9.600849866890619523e+03 3.700000000000000000e+03 4.500000000000000000e+00
8.902560230739494727e+03 3.800000000000000000e+03 4.500000000000000000e+00
8.131815967629224360e+03 3.900000000000000000e+03 4.500000000000000000e+00
7.304382700271791691e+03 4.000000000000000000e+03 4.500000000000000000e+00
6.363642599030345991e+03 4.100000000000000000e+03 4.500000000000000000e+00
5.383635065470705740e+03 4.200000000000000000e+03 4.500000000000000000e+00
4.094029818528452779e+03 4.300000000000000000e+03 4.500000000000000000e+00
3.027700518023677432e+03 4.400000000000000000e+03 4.500000000000000000e+00
2.362550920773961934e+03 4.500000000000000000e+03 4.500000000000000000e+00
