# # Chi square, temp, lg
1.234964001837308751e+04 3.900000000000000000e+03 3.500000000000000000e+00
1.146074904226517720e+04 4.000000000000000000e+03 3.500000000000000000e+00
1.052565481630746217e+04 4.100000000000000000e+03 3.500000000000000000e+00
9.640548255622250508e+03 4.200000000000000000e+03 3.500000000000000000e+00
8.590515538318231847e+03 4.300000000000000000e+03 3.500000000000000000e+00
7.584914407395967828e+03 4.400000000000000000e+03 3.500000000000000000e+00
6.626827752600265740e+03 4.500000000000000000e+03 3.500000000000000000e+00
5.785127682224680029e+03 4.600000000000000000e+03 3.500000000000000000e+00
5.404249059781285723e+03 4.700000000000000000e+03 3.500000000000000000e+00
5.418134994910461501e+03 4.800000000000000000e+03 3.500000000000000000e+00
6.245688898013006110e+03 4.900000000000000000e+03 3.500000000000000000e+00
7.548908790644656619e+03 5.000000000000000000e+03 3.500000000000000000e+00
1.229733926425228856e+04 3.900000000000000000e+03 4.000000000000000000e+00
1.139961475171411257e+04 4.000000000000000000e+03 4.000000000000000000e+00
1.037871141593353968e+04 4.100000000000000000e+03 4.000000000000000000e+00
9.460662358274061262e+03 4.200000000000000000e+03 4.000000000000000000e+00
8.455587370139615814e+03 4.300000000000000000e+03 4.000000000000000000e+00
7.457604763941057172e+03 4.400000000000000000e+03 4.000000000000000000e+00
6.411868309207550737e+03 4.500000000000000000e+03 4.000000000000000000e+00
5.627596762514061993e+03 4.600000000000000000e+03 4.000000000000000000e+00
5.214374935849502435e+03 4.700000000000000000e+03 4.000000000000000000e+00
5.241557343242063325e+03 4.800000000000000000e+03 4.000000000000000000e+00
6.154040482780848833e+03 4.900000000000000000e+03 4.000000000000000000e+00
7.755582749292500012e+03 5.000000000000000000e+03 4.000000000000000000e+00
1.229523668114663087e+04 3.900000000000000000e+03 4.500000000000000000e+00
1.154666538674507865e+04 4.000000000000000000e+03 4.500000000000000000e+00
1.061940461165568922e+04 4.100000000000000000e+03 4.500000000000000000e+00
9.720043370044031690e+03 4.200000000000000000e+03 4.500000000000000000e+00
8.481642900969540278e+03 4.300000000000000000e+03 4.500000000000000000e+00
7.365518527399293816e+03 4.400000000000000000e+03 4.500000000000000000e+00
6.378552995546797320e+03 4.500000000000000000e+03 4.500000000000000000e+00
5.543870443225206145e+03 4.600000000000000000e+03 4.500000000000000000e+00
5.080952122306432102e+03 4.700000000000000000e+03 4.500000000000000000e+00
5.302326403382529861e+03 4.800000000000000000e+03 4.500000000000000000e+00
6.051347336059067857e+03 4.900000000000000000e+03 4.500000000000000000e+00
7.504348002107311004e+03 5.000000000000000000e+03 4.500000000000000000e+00
