# # Chi square, temp, lg
1.983422771880776963e+03 4.400000000000000000e+03 3.500000000000000000e+00
1.320771979527340591e+03 4.500000000000000000e+03 3.500000000000000000e+00
2.160684834034889718e+03 4.600000000000000000e+03 3.500000000000000000e+00
3.679173682507069771e+03 4.700000000000000000e+03 3.500000000000000000e+00
5.462587731919802536e+03 4.800000000000000000e+03 3.500000000000000000e+00
7.200264159793347972e+03 4.900000000000000000e+03 3.500000000000000000e+00
9.422998711446702146e+03 5.000000000000000000e+03 3.500000000000000000e+00
1.179375259972152526e+04 5.100000000000000000e+03 3.500000000000000000e+00
1.401737807863366834e+04 5.200000000000000000e+03 3.500000000000000000e+00
1.673013913876735023e+04 5.300000000000000000e+03 3.500000000000000000e+00
1.935649841431487584e+04 5.400000000000000000e+03 3.500000000000000000e+00
2.217385807363253116e+04 5.500000000000000000e+03 3.500000000000000000e+00
2.044262639201655247e+03 4.400000000000000000e+03 4.000000000000000000e+00
1.565170623916889781e+03 4.500000000000000000e+03 4.000000000000000000e+00
2.336275830310523361e+03 4.600000000000000000e+03 4.000000000000000000e+00
3.873448391690241806e+03 4.700000000000000000e+03 4.000000000000000000e+00
5.531201156380057910e+03 4.800000000000000000e+03 4.000000000000000000e+00
7.652588133522722273e+03 4.900000000000000000e+03 4.000000000000000000e+00
9.749343196437806910e+03 5.000000000000000000e+03 4.000000000000000000e+00
1.205445639819897224e+04 5.100000000000000000e+03 4.000000000000000000e+00
1.432533844229432725e+04 5.200000000000000000e+03 4.000000000000000000e+00
1.705578018804114618e+04 5.300000000000000000e+03 4.000000000000000000e+00
1.953961949024928617e+04 5.400000000000000000e+03 4.000000000000000000e+00
2.234780270464767818e+04 5.500000000000000000e+03 4.000000000000000000e+00
2.060964742589560046e+03 4.400000000000000000e+03 4.500000000000000000e+00
1.714208932330654989e+03 4.500000000000000000e+03 4.500000000000000000e+00
2.405007915463414065e+03 4.600000000000000000e+03 4.500000000000000000e+00
3.923174573093850540e+03 4.700000000000000000e+03 4.500000000000000000e+00
5.778523056909201841e+03 4.800000000000000000e+03 4.500000000000000000e+00
7.616686001770574876e+03 4.900000000000000000e+03 4.500000000000000000e+00
9.758100764383361820e+03 5.000000000000000000e+03 4.500000000000000000e+00
1.212770567196999036e+04 5.100000000000000000e+03 4.500000000000000000e+00
1.443971429787954730e+04 5.200000000000000000e+03 4.500000000000000000e+00
1.716486541931016836e+04 5.300000000000000000e+03 4.500000000000000000e+00
1.955936216756639624e+04 5.400000000000000000e+03 4.500000000000000000e+00
2.287924189792810648e+04 5.500000000000000000e+03 4.500000000000000000e+00
