# # Chi square, temp, lg
2.895452860229523867e+04 2.900000000000000000e+03 3.500000000000000000e+00
2.873843247337908542e+04 3.000000000000000000e+03 3.500000000000000000e+00
2.850070083192359016e+04 3.100000000000000000e+03 3.500000000000000000e+00
2.825638568351406502e+04 3.200000000000000000e+03 3.500000000000000000e+00
2.794933846490451833e+04 3.300000000000000000e+03 3.500000000000000000e+00
2.758673913154658658e+04 3.400000000000000000e+03 3.500000000000000000e+00
2.721380331630923683e+04 3.500000000000000000e+03 3.500000000000000000e+00
2.672400461522962360e+04 3.600000000000000000e+03 3.500000000000000000e+00
2.614403870303821532e+04 3.700000000000000000e+03 3.500000000000000000e+00
2.551804590689600445e+04 3.800000000000000000e+03 3.500000000000000000e+00
2.483981086313928972e+04 3.900000000000000000e+03 3.500000000000000000e+00
2.394596693114435038e+04 4.000000000000000000e+03 3.500000000000000000e+00
2.890477707315467705e+04 2.900000000000000000e+03 4.000000000000000000e+00
2.869744713963204049e+04 3.000000000000000000e+03 4.000000000000000000e+00
2.845302960168590653e+04 3.100000000000000000e+03 4.000000000000000000e+00
2.816866970256342756e+04 3.200000000000000000e+03 4.000000000000000000e+00
2.785414745544409743e+04 3.300000000000000000e+03 4.000000000000000000e+00
2.748404062177260494e+04 3.400000000000000000e+03 4.000000000000000000e+00
2.703308882358439951e+04 3.500000000000000000e+03 4.000000000000000000e+00
2.657935658505094398e+04 3.600000000000000000e+03 4.000000000000000000e+00
2.607827244652776790e+04 3.700000000000000000e+03 4.000000000000000000e+00
2.544115352617047756e+04 3.800000000000000000e+03 4.000000000000000000e+00
2.474924391189074959e+04 3.900000000000000000e+03 4.000000000000000000e+00
2.393931510227138278e+04 4.000000000000000000e+03 4.000000000000000000e+00
2.892008979491642822e+04 2.900000000000000000e+03 4.500000000000000000e+00
2.870145854870067342e+04 3.000000000000000000e+03 4.500000000000000000e+00
2.842767510795722046e+04 3.100000000000000000e+03 4.500000000000000000e+00
2.811701708026423876e+04 3.200000000000000000e+03 4.500000000000000000e+00
2.780057105417636922e+04 3.300000000000000000e+03 4.500000000000000000e+00
2.742744092342907243e+04 3.400000000000000000e+03 4.500000000000000000e+00
2.700468967732510646e+04 3.500000000000000000e+03 4.500000000000000000e+00
2.650980227471540275e+04 3.600000000000000000e+03 4.500000000000000000e+00
2.598817886005076798e+04 3.700000000000000000e+03 4.500000000000000000e+00
2.541230862554441410e+04 3.800000000000000000e+03 4.500000000000000000e+00
2.472116507087522041e+04 3.900000000000000000e+03 4.500000000000000000e+00
2.407132534917089652e+04 4.000000000000000000e+03 4.500000000000000000e+00
