# # Chi square, temp, lg
2.116908749573850582e+04 2.900000000000000000e+03 3.500000000000000000e+00
2.088493312021133897e+04 3.000000000000000000e+03 3.500000000000000000e+00
2.059608216530838763e+04 3.100000000000000000e+03 3.500000000000000000e+00
2.027681470176947914e+04 3.200000000000000000e+03 3.500000000000000000e+00
1.988131231087114429e+04 3.300000000000000000e+03 3.500000000000000000e+00
1.944122352724839584e+04 3.400000000000000000e+03 3.500000000000000000e+00
1.899420820231434845e+04 3.500000000000000000e+03 3.500000000000000000e+00
1.841482772013450449e+04 3.600000000000000000e+03 3.500000000000000000e+00
1.779735120637506770e+04 3.700000000000000000e+03 3.500000000000000000e+00
1.706938019755693676e+04 3.800000000000000000e+03 3.500000000000000000e+00
1.623782869368818683e+04 3.900000000000000000e+03 3.500000000000000000e+00
1.534053448160473636e+04 4.000000000000000000e+03 3.500000000000000000e+00
2.112762029982613967e+04 2.900000000000000000e+03 4.000000000000000000e+00
2.084195040163438171e+04 3.000000000000000000e+03 4.000000000000000000e+00
2.054606894950464994e+04 3.100000000000000000e+03 4.000000000000000000e+00
2.017913892796891378e+04 3.200000000000000000e+03 4.000000000000000000e+00
1.981280770463561930e+04 3.300000000000000000e+03 4.000000000000000000e+00
1.938296520005548155e+04 3.400000000000000000e+03 4.000000000000000000e+00
1.886729936276191438e+04 3.500000000000000000e+03 4.000000000000000000e+00
1.832504696150288146e+04 3.600000000000000000e+03 4.000000000000000000e+00
1.765298714045103043e+04 3.700000000000000000e+03 4.000000000000000000e+00
1.698816160502704588e+04 3.800000000000000000e+03 4.000000000000000000e+00
1.617400368534134213e+04 3.900000000000000000e+03 4.000000000000000000e+00
1.530713908481461294e+04 4.000000000000000000e+03 4.000000000000000000e+00
2.113534405190501639e+04 2.900000000000000000e+03 4.500000000000000000e+00
2.087053686611822559e+04 3.000000000000000000e+03 4.500000000000000000e+00
2.050269488198978434e+04 3.100000000000000000e+03 4.500000000000000000e+00
2.013738025543869298e+04 3.200000000000000000e+03 4.500000000000000000e+00
1.976714191603174550e+04 3.300000000000000000e+03 4.500000000000000000e+00
1.931921943299369013e+04 3.400000000000000000e+03 4.500000000000000000e+00
1.883296362529796170e+04 3.500000000000000000e+03 4.500000000000000000e+00
1.825017570358973535e+04 3.600000000000000000e+03 4.500000000000000000e+00
1.764632618832766821e+04 3.700000000000000000e+03 4.500000000000000000e+00
1.700097649201897366e+04 3.800000000000000000e+03 4.500000000000000000e+00
1.621720411481644260e+04 3.900000000000000000e+03 4.500000000000000000e+00
1.541348066920390011e+04 4.000000000000000000e+03 4.500000000000000000e+00
