# # Chi square, temp, lg
1.220531205844933902e+04 3.900000000000000000e+03 3.500000000000000000e+00
1.135824717773891825e+04 4.000000000000000000e+03 3.500000000000000000e+00
1.035436193660854588e+04 4.100000000000000000e+03 3.500000000000000000e+00
9.477966536040756182e+03 4.200000000000000000e+03 3.500000000000000000e+00
8.330654970104895256e+03 4.300000000000000000e+03 3.500000000000000000e+00
7.158711424137432004e+03 4.400000000000000000e+03 3.500000000000000000e+00
5.851141899274148273e+03 4.500000000000000000e+03 3.500000000000000000e+00
4.704600295757471031e+03 4.600000000000000000e+03 3.500000000000000000e+00
3.741893718129377703e+03 4.700000000000000000e+03 3.500000000000000000e+00
3.179338070523410352e+03 4.800000000000000000e+03 3.500000000000000000e+00
3.587561874754630480e+03 4.900000000000000000e+03 3.500000000000000000e+00
5.065249010839024777e+03 5.000000000000000000e+03 3.500000000000000000e+00
1.217823366710676055e+04 3.900000000000000000e+03 4.000000000000000000e+00
1.128562990272857314e+04 4.000000000000000000e+03 4.000000000000000000e+00
1.032062336239438991e+04 4.100000000000000000e+03 4.000000000000000000e+00
9.397747130975758409e+03 4.200000000000000000e+03 4.000000000000000000e+00
8.349905955488984546e+03 4.300000000000000000e+03 4.000000000000000000e+00
7.256774477906750690e+03 4.400000000000000000e+03 4.000000000000000000e+00
6.016045507557330893e+03 4.500000000000000000e+03 4.000000000000000000e+00
4.763668725747314056e+03 4.600000000000000000e+03 4.000000000000000000e+00
3.681000315079923439e+03 4.700000000000000000e+03 4.000000000000000000e+00
3.288763698798386486e+03 4.800000000000000000e+03 4.000000000000000000e+00
3.885905244461789607e+03 4.900000000000000000e+03 4.000000000000000000e+00
5.325635599702987747e+03 5.000000000000000000e+03 4.000000000000000000e+00
1.215523350907202985e+04 3.900000000000000000e+03 4.500000000000000000e+00
1.139284931491548923e+04 4.000000000000000000e+03 4.500000000000000000e+00
1.051865181302871679e+04 4.100000000000000000e+03 4.500000000000000000e+00
9.583723747772168281e+03 4.200000000000000000e+03 4.500000000000000000e+00
8.411987700765817863e+03 4.300000000000000000e+03 4.500000000000000000e+00
7.194071242086730308e+03 4.400000000000000000e+03 4.500000000000000000e+00
6.052752349355655497e+03 4.500000000000000000e+03 4.500000000000000000e+00
4.835773029772728478e+03 4.600000000000000000e+03 4.500000000000000000e+00
3.788563106182210959e+03 4.700000000000000000e+03 4.500000000000000000e+00
3.356231116698118512e+03 4.800000000000000000e+03 4.500000000000000000e+00
4.069504312628376283e+03 4.900000000000000000e+03 4.500000000000000000e+00
5.262509636932952162e+03 5.000000000000000000e+03 4.500000000000000000e+00
