# # Chi square, temp, lg
6.385598470151293441e+03 2.400000000000000000e+03 3.500000000000000000e+00
6.231932629989589259e+03 2.500000000000000000e+03 3.500000000000000000e+00
6.076093975846353715e+03 2.600000000000000000e+03 3.500000000000000000e+00
5.879972409954086288e+03 2.700000000000000000e+03 3.500000000000000000e+00
5.662380188988860027e+03 2.800000000000000000e+03 3.500000000000000000e+00
5.397806692876980378e+03 2.900000000000000000e+03 3.500000000000000000e+00
5.093764105913907770e+03 3.000000000000000000e+03 3.500000000000000000e+00
4.786182924558197556e+03 3.100000000000000000e+03 3.500000000000000000e+00
4.446170781694453581e+03 3.200000000000000000e+03 3.500000000000000000e+00
4.061960763428163773e+03 3.300000000000000000e+03 3.500000000000000000e+00
3.624227933602394842e+03 3.400000000000000000e+03 3.500000000000000000e+00
3.182562707093848076e+03 3.500000000000000000e+03 3.500000000000000000e+00
6.351401290965096450e+03 2.400000000000000000e+03 4.000000000000000000e+00
6.208092707760310077e+03 2.500000000000000000e+03 4.000000000000000000e+00
6.031674892397745680e+03 2.600000000000000000e+03 4.000000000000000000e+00
5.839174080086510003e+03 2.700000000000000000e+03 4.000000000000000000e+00
5.604682754485519581e+03 2.800000000000000000e+03 4.000000000000000000e+00
5.337370475908316621e+03 2.900000000000000000e+03 4.000000000000000000e+00
5.063757185900834884e+03 3.000000000000000000e+03 4.000000000000000000e+00
4.735817972197878589e+03 3.100000000000000000e+03 4.000000000000000000e+00
4.383853212418349358e+03 3.200000000000000000e+03 4.000000000000000000e+00
3.999302830445326890e+03 3.300000000000000000e+03 4.000000000000000000e+00
3.576971102250725835e+03 3.400000000000000000e+03 4.000000000000000000e+00
3.062038674244146023e+03 3.500000000000000000e+03 4.000000000000000000e+00
6.333701027118081583e+03 2.400000000000000000e+03 4.500000000000000000e+00
6.187461118087389877e+03 2.500000000000000000e+03 4.500000000000000000e+00
6.023871387243417303e+03 2.600000000000000000e+03 4.500000000000000000e+00
5.823325516658501328e+03 2.700000000000000000e+03 4.500000000000000000e+00
5.601158817467072367e+03 2.800000000000000000e+03 4.500000000000000000e+00
5.350702168096808236e+03 2.900000000000000000e+03 4.500000000000000000e+00
5.056721998340871323e+03 3.000000000000000000e+03 4.500000000000000000e+00
4.698177612627690905e+03 3.100000000000000000e+03 4.500000000000000000e+00
4.342789547495711304e+03 3.200000000000000000e+03 4.500000000000000000e+00
3.956618915990467030e+03 3.300000000000000000e+03 4.500000000000000000e+00
3.518120327597332562e+03 3.400000000000000000e+03 4.500000000000000000e+00
3.041128509914371534e+03 3.500000000000000000e+03 4.500000000000000000e+00
