0.000000000000000000e+00 1.138830989817356532e+00 0.000000000000000000e+00 1.000000000000000000e+00 0.000000000000000000e+00 4.377000000000000000e+03 3.660000000000000142e+00 2.800000000000000266e-01 1.590000000000000000e+02
1.000000000000000000e+00 1.596516167348802417e+00 0.000000000000000000e+00 1.000000000000000000e+00 0.000000000000000000e+00 4.926063433495771278e+03 3.709000000000000075e+00 4.518559443749223803e+00 1.590000000000000000e+02
2.000000000000000000e+00 1.161705442975314195e+00 0.000000000000000000e+00 1.000000000000000000e+00 0.000000000000000000e+00 4.456000000000000000e+03 3.669999999999999929e+00 3.499999999999999778e-01 1.590000000000000000e+02
3.000000000000000000e+00 1.245438241989201694e-01 0.000000000000000000e+00 1.000000000000000000e+00 0.000000000000000000e+00 2.908000000000000000e+03 3.419999999999999929e+00 -1.229999999999999982e+00 1.590000000000000000e+02
4.000000000000000000e+00 1.279497515047084977e-01 0.000000000000000000e+00 1.000000000000000000e+00 0.000000000000000000e+00 2.908000000000000000e+03 3.419999999999999929e+00 -1.229999999999999982e+00 1.590000000000000000e+02
5.000000000000000000e+00 8.117071797967265190e-02 0.000000000000000000e+00 1.000000000000000000e+00 0.000000000000000000e+00 2.897000000000000000e+03 3.470000000000000195e+00 -1.360000000000000098e+00 1.590000000000000000e+02
6.000000000000000000e+00 1.194632697854811076e-01 0.000000000000000000e+00 1.000000000000000000e+00 0.000000000000000000e+00 2.908000000000000000e+03 3.419999999999999929e+00 -1.229999999999999982e+00 1.590000000000000000e+02
7.000000000000000000e+00 1.169927289298616363e-01 0.000000000000000000e+00 1.000000000000000000e+00 0.000000000000000000e+00 2.908000000000000000e+03 3.419999999999999929e+00 -1.229999999999999982e+00 1.590000000000000000e+02
8.000000000000000000e+00 7.295230241276065564e-02 0.000000000000000000e+00 1.000000000000000000e+00 0.000000000000000000e+00 2.897000000000000000e+03 3.490000000000000213e+00 -1.409999999999999920e+00 1.590000000000000000e+02
9.000000000000000000e+00 1.130111975002191294e+00 0.000000000000000000e+00 1.000000000000000000e+00 0.000000000000000000e+00 4.377000000000000000e+03 3.660000000000000142e+00 2.800000000000000266e-01 1.590000000000000000e+02
1.000000000000000000e+01 1.141701108308194934e+00 0.000000000000000000e+00 1.000000000000000000e+00 0.000000000000000000e+00 4.377000000000000000e+03 3.660000000000000142e+00 2.800000000000000266e-01 1.590000000000000000e+02
1.100000000000000000e+01 1.129655677339938435e+00 0.000000000000000000e+00 1.000000000000000000e+00 0.000000000000000000e+00 4.377000000000000000e+03 3.660000000000000142e+00 2.800000000000000266e-01 1.590000000000000000e+02
1.200000000000000000e+01 6.339946017907708287e-01 0.000000000000000000e+00 1.000000000000000000e+00 0.000000000000000000e+00 3.802000000000000000e+03 3.589999999999999858e+00 -1.799999999999999933e-01 1.590000000000000000e+02
1.300000000000000000e+01 1.436760183195125162e-01 0.000000000000000000e+00 1.000000000000000000e+00 0.000000000000000000e+00 2.936000000000000000e+03 3.430000000000000160e+00 -1.169999999999999929e+00 1.590000000000000000e+02
1.400000000000000000e+01 1.672537108609740697e-01 0.000000000000000000e+00 1.000000000000000000e+00 0.000000000000000000e+00 2.936000000000000000e+03 3.430000000000000160e+00 -1.169999999999999929e+00 1.590000000000000000e+02
1.500000000000000000e+01 1.133582691717836211e+00 0.000000000000000000e+00 1.000000000000000000e+00 0.000000000000000000e+00 4.377000000000000000e+03 3.660000000000000142e+00 2.800000000000000266e-01 1.590000000000000000e+02
1.600000000000000000e+01 1.187846692108855740e+00 0.000000000000000000e+00 1.000000000000000000e+00 0.000000000000000000e+00 4.456000000000000000e+03 3.669999999999999929e+00 3.499999999999999778e-01 1.590000000000000000e+02
1.700000000000000000e+01 3.540718937458757765e-01 0.000000000000000000e+00 1.000000000000000000e+00 0.000000000000000000e+00 3.428000000000000000e+03 3.479999999999999982e+00 -4.799999999999999822e-01 1.590000000000000000e+02
1.800000000000000000e+01 1.687909653377112629e-01 0.000000000000000000e+00 1.000000000000000000e+00 0.000000000000000000e+00 2.936000000000000000e+03 3.430000000000000160e+00 -1.169999999999999929e+00 1.590000000000000000e+02
1.900000000000000000e+01 1.554189051776077579e-01 0.000000000000000000e+00 1.000000000000000000e+00 0.000000000000000000e+00 2.936000000000000000e+03 3.430000000000000160e+00 -1.169999999999999929e+00 1.590000000000000000e+02
2.000000000000000000e+01 1.152191815865922786e+00 0.000000000000000000e+00 1.000000000000000000e+00 0.000000000000000000e+00 4.456000000000000000e+03 3.669999999999999929e+00 3.499999999999999778e-01 1.590000000000000000e+02
2.100000000000000000e+01 1.114366796221973432e+00 0.000000000000000000e+00 1.000000000000000000e+00 0.000000000000000000e+00 4.377000000000000000e+03 3.660000000000000142e+00 2.800000000000000266e-01 1.590000000000000000e+02
2.200000000000000000e+01 7.489587391945537465e-02 0.000000000000000000e+00 1.000000000000000000e+00 0.000000000000000000e+00 2.896000000000000000e+03 3.479999999999999982e+00 -1.389999999999999902e+00 1.590000000000000000e+02
2.300000000000000000e+01 3.623184322339245700e-01 0.000000000000000000e+00 1.000000000000000000e+00 0.000000000000000000e+00 3.428000000000000000e+03 3.479999999999999982e+00 -4.799999999999999822e-01 1.590000000000000000e+02
2.400000000000000000e+01 2.157781445817640864e-01 0.000000000000000000e+00 1.000000000000000000e+00 0.000000000000000000e+00 2.936000000000000000e+03 3.430000000000000160e+00 -1.169999999999999929e+00 1.590000000000000000e+02
2.500000000000000000e+01 2.249004945487057261e-01 0.000000000000000000e+00 1.000000000000000000e+00 0.000000000000000000e+00 2.936000000000000000e+03 3.430000000000000160e+00 -1.169999999999999929e+00 1.590000000000000000e+02
2.600000000000000000e+01 2.680274823575400367e-01 0.000000000000000000e+00 1.000000000000000000e+00 0.000000000000000000e+00 3.226000000000000000e+03 3.379999999999999893e+00 -6.600000000000000311e-01 1.590000000000000000e+02
2.700000000000000000e+01 1.151986509585040785e+00 0.000000000000000000e+00 1.000000000000000000e+00 0.000000000000000000e+00 4.456000000000000000e+03 3.669999999999999929e+00 3.499999999999999778e-01 1.590000000000000000e+02
2.800000000000000000e+01 3.687430665317025236e-01 0.000000000000000000e+00 1.000000000000000000e+00 0.000000000000000000e+00 3.428000000000000000e+03 3.479999999999999982e+00 -4.799999999999999822e-01 1.590000000000000000e+02
2.900000000000000000e+01 6.775824405516565063e-01 0.000000000000000000e+00 1.000000000000000000e+00 0.000000000000000000e+00 3.955000000000000000e+03 3.620000000000000107e+00 -7.000000000000000666e-02 1.590000000000000000e+02
3.000000000000000000e+01 1.547062133147707685e+00 0.000000000000000000e+00 1.000000000000000000e+00 0.000000000000000000e+00 4.902301301361680089e+03 3.709000000000000075e+00 4.295364267648873025e+00 1.590000000000000000e+02
3.100000000000000000e+01 2.832029962965808556e-01 0.000000000000000000e+00 1.000000000000000000e+00 0.000000000000000000e+00 3.226000000000000000e+03 3.379999999999999893e+00 -6.600000000000000311e-01 1.590000000000000000e+02
3.200000000000000000e+01 1.107480118861885687e+00 0.000000000000000000e+00 1.000000000000000000e+00 0.000000000000000000e+00 4.377000000000000000e+03 3.660000000000000142e+00 2.800000000000000266e-01 1.590000000000000000e+02
3.300000000000000000e+01 1.548640298718725605e-01 0.000000000000000000e+00 1.000000000000000000e+00 0.000000000000000000e+00 2.936000000000000000e+03 3.430000000000000160e+00 -1.169999999999999929e+00 1.590000000000000000e+02
3.400000000000000000e+01 1.139183650554513427e+00 0.000000000000000000e+00 1.000000000000000000e+00 0.000000000000000000e+00 4.377000000000000000e+03 3.660000000000000142e+00 2.800000000000000266e-01 1.590000000000000000e+02
3.500000000000000000e+01 2.054795741963287015e-01 0.000000000000000000e+00 1.000000000000000000e+00 0.000000000000000000e+00 2.936000000000000000e+03 3.430000000000000160e+00 -1.169999999999999929e+00 1.590000000000000000e+02
3.600000000000000000e+01 1.573867175789104511e+00 0.000000000000000000e+00 1.000000000000000000e+00 0.000000000000000000e+00 4.907948534495558306e+03 3.709000000000000075e+00 4.345102241715715685e+00 1.590000000000000000e+02
3.700000000000000000e+01 1.730579236022866396e-01 0.000000000000000000e+00 1.000000000000000000e+00 0.000000000000000000e+00 2.936000000000000000e+03 3.430000000000000160e+00 -1.169999999999999929e+00 1.590000000000000000e+02
3.800000000000000000e+01 3.547680501107373097e-01 0.000000000000000000e+00 1.000000000000000000e+00 0.000000000000000000e+00 3.428000000000000000e+03 3.479999999999999982e+00 -4.799999999999999822e-01 1.590000000000000000e+02
3.900000000000000000e+01 2.580052869305681784e-01 0.000000000000000000e+00 1.000000000000000000e+00 0.000000000000000000e+00 3.226000000000000000e+03 3.379999999999999893e+00 -6.600000000000000311e-01 1.590000000000000000e+02
4.000000000000000000e+01 1.217430122232232015e-01 0.000000000000000000e+00 1.000000000000000000e+00 0.000000000000000000e+00 2.908000000000000000e+03 3.419999999999999929e+00 -1.229999999999999982e+00 1.590000000000000000e+02
4.100000000000000000e+01 1.116093915517167634e+00 0.000000000000000000e+00 1.000000000000000000e+00 0.000000000000000000e+00 4.377000000000000000e+03 3.660000000000000142e+00 2.800000000000000266e-01 1.590000000000000000e+02
4.200000000000000000e+01 2.920094114335798907e-01 0.000000000000000000e+00 1.000000000000000000e+00 0.000000000000000000e+00 3.226000000000000000e+03 3.379999999999999893e+00 -6.600000000000000311e-01 1.590000000000000000e+02
4.300000000000000000e+01 1.271324505583213860e+00 0.000000000000000000e+00 1.000000000000000000e+00 0.000000000000000000e+00 4.529000000000000000e+03 3.680000000000000160e+00 4.099999999999999756e-01 1.590000000000000000e+02
4.400000000000000000e+01 1.140331380616198098e+00 0.000000000000000000e+00 1.000000000000000000e+00 0.000000000000000000e+00 4.377000000000000000e+03 3.660000000000000142e+00 2.800000000000000266e-01 1.590000000000000000e+02
4.500000000000000000e+01 4.036155889117654105e-01 0.000000000000000000e+00 1.000000000000000000e+00 0.000000000000000000e+00 3.428000000000000000e+03 3.479999999999999982e+00 -4.799999999999999822e-01 1.590000000000000000e+02
4.600000000000000000e+01 1.209116032864107293e+00 0.000000000000000000e+00 1.000000000000000000e+00 0.000000000000000000e+00 4.456000000000000000e+03 3.669999999999999929e+00 3.499999999999999778e-01 1.590000000000000000e+02
4.700000000000000000e+01 1.269357555557304451e-01 0.000000000000000000e+00 1.000000000000000000e+00 0.000000000000000000e+00 2.908000000000000000e+03 3.419999999999999929e+00 -1.229999999999999982e+00 1.590000000000000000e+02
4.800000000000000000e+01 1.936645473477085488e-01 0.000000000000000000e+00 1.000000000000000000e+00 0.000000000000000000e+00 2.936000000000000000e+03 3.430000000000000160e+00 -1.169999999999999929e+00 1.400000000000000000e+02
4.900000000000000000e+01 1.179923010247389881e+00 0.000000000000000000e+00 1.000000000000000000e+00 0.000000000000000000e+00 4.456000000000000000e+03 3.669999999999999929e+00 3.499999999999999778e-01 1.400000000000000000e+02
5.000000000000000000e+01 1.116221259553490386e+00 0.000000000000000000e+00 1.000000000000000000e+00 0.000000000000000000e+00 4.377000000000000000e+03 3.660000000000000142e+00 2.800000000000000266e-01 1.400000000000000000e+02
5.100000000000000000e+01 1.146255240686441912e+00 0.000000000000000000e+00 1.000000000000000000e+00 0.000000000000000000e+00 4.377000000000000000e+03 3.660000000000000142e+00 2.800000000000000266e-01 1.400000000000000000e+02
5.200000000000000000e+01 3.726044984915922731e-01 0.000000000000000000e+00 1.000000000000000000e+00 0.000000000000000000e+00 3.428000000000000000e+03 3.479999999999999982e+00 -4.799999999999999822e-01 1.400000000000000000e+02
5.300000000000000000e+01 1.575964312183192606e-01 0.000000000000000000e+00 1.000000000000000000e+00 0.000000000000000000e+00 2.936000000000000000e+03 3.430000000000000160e+00 -1.169999999999999929e+00 1.400000000000000000e+02
5.400000000000000000e+01 8.335792669279561140e-02 0.000000000000000000e+00 1.000000000000000000e+00 0.000000000000000000e+00 2.897000000000000000e+03 3.470000000000000195e+00 -1.360000000000000098e+00 1.400000000000000000e+02
5.500000000000000000e+01 3.108689171773643678e-01 0.000000000000000000e+00 1.000000000000000000e+00 0.000000000000000000e+00 3.226000000000000000e+03 3.379999999999999893e+00 -6.600000000000000311e-01 1.400000000000000000e+02
5.600000000000000000e+01 3.796279799572944147e-01 0.000000000000000000e+00 1.000000000000000000e+00 0.000000000000000000e+00 3.428000000000000000e+03 3.479999999999999982e+00 -4.799999999999999822e-01 1.400000000000000000e+02
5.700000000000000000e+01 1.105178584414313187e-01 0.000000000000000000e+00 1.000000000000000000e+00 0.000000000000000000e+00 2.908000000000000000e+03 3.419999999999999929e+00 -1.229999999999999982e+00 1.400000000000000000e+02
5.800000000000000000e+01 1.125779137331185620e+00 0.000000000000000000e+00 1.000000000000000000e+00 0.000000000000000000e+00 4.377000000000000000e+03 3.660000000000000142e+00 2.800000000000000266e-01 1.400000000000000000e+02
5.900000000000000000e+01 1.222998350590430272e+00 0.000000000000000000e+00 1.000000000000000000e+00 0.000000000000000000e+00 4.456000000000000000e+03 3.669999999999999929e+00 3.499999999999999778e-01 1.400000000000000000e+02
6.000000000000000000e+01 2.041966466511171419e-01 0.000000000000000000e+00 1.000000000000000000e+00 0.000000000000000000e+00 2.936000000000000000e+03 3.430000000000000160e+00 -1.169999999999999929e+00 1.400000000000000000e+02
6.100000000000000000e+01 3.553037030163685994e-02 0.000000000000000000e+00 1.000000000000000000e+00 0.000000000000000000e+00 2.710000000000000000e+03 3.569999999999999840e+00 -1.979999999999999982e+00 1.400000000000000000e+02
6.200000000000000000e+01 1.115280605501429489e+00 0.000000000000000000e+00 1.000000000000000000e+00 0.000000000000000000e+00 4.377000000000000000e+03 3.660000000000000142e+00 2.800000000000000266e-01 1.400000000000000000e+02
6.300000000000000000e+01 1.113522149731331901e+00 0.000000000000000000e+00 1.000000000000000000e+00 0.000000000000000000e+00 4.377000000000000000e+03 3.660000000000000142e+00 2.800000000000000266e-01 1.400000000000000000e+02
6.400000000000000000e+01 1.130421196672609652e+00 0.000000000000000000e+00 1.000000000000000000e+00 0.000000000000000000e+00 4.377000000000000000e+03 3.660000000000000142e+00 2.800000000000000266e-01 1.400000000000000000e+02
6.500000000000000000e+01 1.223968346288561715e-01 0.000000000000000000e+00 1.000000000000000000e+00 0.000000000000000000e+00 2.908000000000000000e+03 3.419999999999999929e+00 -1.229999999999999982e+00 1.400000000000000000e+02
6.600000000000000000e+01 1.981472521047081548e-01 0.000000000000000000e+00 1.000000000000000000e+00 0.000000000000000000e+00 2.936000000000000000e+03 3.430000000000000160e+00 -1.169999999999999929e+00 1.400000000000000000e+02
6.700000000000000000e+01 5.506321513117921063e-01 0.000000000000000000e+00 1.000000000000000000e+00 0.000000000000000000e+00 3.802000000000000000e+03 3.589999999999999858e+00 -1.799999999999999933e-01 1.400000000000000000e+02
6.800000000000000000e+01 1.201638479076291732e+00 0.000000000000000000e+00 1.000000000000000000e+00 0.000000000000000000e+00 4.456000000000000000e+03 3.669999999999999929e+00 3.499999999999999778e-01 1.400000000000000000e+02
6.900000000000000000e+01 2.128785395640387657e-01 0.000000000000000000e+00 1.000000000000000000e+00 0.000000000000000000e+00 2.936000000000000000e+03 3.430000000000000160e+00 -1.169999999999999929e+00 1.400000000000000000e+02
7.000000000000000000e+01 1.109512392529036440e+00 0.000000000000000000e+00 1.000000000000000000e+00 0.000000000000000000e+00 4.377000000000000000e+03 3.660000000000000142e+00 2.800000000000000266e-01 1.400000000000000000e+02
7.100000000000000000e+01 2.612517265219312379e-01 0.000000000000000000e+00 1.000000000000000000e+00 0.000000000000000000e+00 3.226000000000000000e+03 3.379999999999999893e+00 -6.600000000000000311e-01 1.400000000000000000e+02
7.200000000000000000e+01 1.143249311426527859e+00 0.000000000000000000e+00 1.000000000000000000e+00 0.000000000000000000e+00 4.377000000000000000e+03 3.660000000000000142e+00 2.800000000000000266e-01 1.400000000000000000e+02
7.300000000000000000e+01 1.124282379365215023e+00 0.000000000000000000e+00 1.000000000000000000e+00 0.000000000000000000e+00 4.377000000000000000e+03 3.660000000000000142e+00 2.800000000000000266e-01 1.400000000000000000e+02
7.400000000000000000e+01 1.109157560554504096e+00 0.000000000000000000e+00 1.000000000000000000e+00 0.000000000000000000e+00 4.377000000000000000e+03 3.660000000000000142e+00 2.800000000000000266e-01 1.400000000000000000e+02
7.500000000000000000e+01 5.207451927357864552e-01 0.000000000000000000e+00 1.000000000000000000e+00 0.000000000000000000e+00 3.634000000000000000e+03 3.540000000000000036e+00 -3.200000000000000067e-01 1.400000000000000000e+02
7.600000000000000000e+01 1.141222486493979948e+00 0.000000000000000000e+00 1.000000000000000000e+00 0.000000000000000000e+00 4.377000000000000000e+03 3.660000000000000142e+00 2.800000000000000266e-01 1.400000000000000000e+02
7.700000000000000000e+01 1.752209777917464184e-01 0.000000000000000000e+00 1.000000000000000000e+00 0.000000000000000000e+00 2.936000000000000000e+03 3.430000000000000160e+00 -1.169999999999999929e+00 1.400000000000000000e+02
7.800000000000000000e+01 8.628109168508965587e-02 0.000000000000000000e+00 1.000000000000000000e+00 0.000000000000000000e+00 2.898000000000000000e+03 3.450000000000000178e+00 -1.310000000000000053e+00 1.400000000000000000e+02
7.900000000000000000e+01 2.649544782510573349e-01 0.000000000000000000e+00 1.000000000000000000e+00 0.000000000000000000e+00 3.226000000000000000e+03 3.379999999999999893e+00 -6.600000000000000311e-01 1.400000000000000000e+02
8.000000000000000000e+01 1.421535647138492675e-01 0.000000000000000000e+00 1.000000000000000000e+00 0.000000000000000000e+00 2.936000000000000000e+03 3.430000000000000160e+00 -1.169999999999999929e+00 1.400000000000000000e+02
8.100000000000000000e+01 7.075959316585568593e-02 0.000000000000000000e+00 1.000000000000000000e+00 0.000000000000000000e+00 2.864000000000000000e+03 3.520000000000000018e+00 -1.530000000000000027e+00 1.400000000000000000e+02
8.200000000000000000e+01 1.108916410246832962e+00 0.000000000000000000e+00 1.000000000000000000e+00 0.000000000000000000e+00 4.377000000000000000e+03 3.660000000000000142e+00 2.800000000000000266e-01 1.400000000000000000e+02
8.300000000000000000e+01 2.273264816543776046e-01 0.000000000000000000e+00 1.000000000000000000e+00 0.000000000000000000e+00 2.936000000000000000e+03 3.430000000000000160e+00 -1.169999999999999929e+00 1.400000000000000000e+02
8.400000000000000000e+01 6.156118571090256619e-01 0.000000000000000000e+00 1.000000000000000000e+00 0.000000000000000000e+00 3.802000000000000000e+03 3.589999999999999858e+00 -1.799999999999999933e-01 1.400000000000000000e+02
8.500000000000000000e+01 1.259516256900315101e+00 0.000000000000000000e+00 1.000000000000000000e+00 0.000000000000000000e+00 4.529000000000000000e+03 3.680000000000000160e+00 4.099999999999999756e-01 1.400000000000000000e+02
8.600000000000000000e+01 1.142234245153819661e+00 0.000000000000000000e+00 1.000000000000000000e+00 0.000000000000000000e+00 4.377000000000000000e+03 3.660000000000000142e+00 2.800000000000000266e-01 1.400000000000000000e+02
8.700000000000000000e+01 8.907125781976685253e-02 0.000000000000000000e+00 1.000000000000000000e+00 0.000000000000000000e+00 2.898000000000000000e+03 3.450000000000000178e+00 -1.310000000000000053e+00 1.400000000000000000e+02
8.800000000000000000e+01 1.112622290322809571e+00 0.000000000000000000e+00 1.000000000000000000e+00 0.000000000000000000e+00 4.377000000000000000e+03 3.660000000000000142e+00 2.800000000000000266e-01 1.400000000000000000e+02
8.900000000000000000e+01 1.287166242189434984e+00 0.000000000000000000e+00 1.000000000000000000e+00 0.000000000000000000e+00 4.529000000000000000e+03 3.680000000000000160e+00 4.099999999999999756e-01 1.400000000000000000e+02
9.000000000000000000e+01 8.780583987451593408e-01 0.000000000000000000e+00 1.000000000000000000e+00 0.000000000000000000e+00 4.192000000000000000e+03 3.649999999999999911e+00 1.300000000000000044e-01 1.400000000000000000e+02
9.100000000000000000e+01 1.129236284811608426e+00 0.000000000000000000e+00 1.000000000000000000e+00 0.000000000000000000e+00 4.377000000000000000e+03 3.660000000000000142e+00 2.800000000000000266e-01 1.400000000000000000e+02
9.200000000000000000e+01 2.925760500822273125e-01 0.000000000000000000e+00 1.000000000000000000e+00 0.000000000000000000e+00 3.226000000000000000e+03 3.379999999999999893e+00 -6.600000000000000311e-01 1.400000000000000000e+02
9.300000000000000000e+01 2.424282522963027708e-01 0.000000000000000000e+00 1.000000000000000000e+00 0.000000000000000000e+00 2.936000000000000000e+03 3.430000000000000160e+00 -1.169999999999999929e+00 1.400000000000000000e+02
9.400000000000000000e+01 1.160846290440145090e+00 0.000000000000000000e+00 1.000000000000000000e+00 0.000000000000000000e+00 4.456000000000000000e+03 3.669999999999999929e+00 3.499999999999999778e-01 1.400000000000000000e+02
9.500000000000000000e+01 1.937757002115617355e-01 0.000000000000000000e+00 1.000000000000000000e+00 0.000000000000000000e+00 2.936000000000000000e+03 3.430000000000000160e+00 -1.169999999999999929e+00 1.400000000000000000e+02
