# # chi square, temperature, log(g), normalization
4.749746814643002040e+02 2.600000000000000000e+03 3.500000000000000000e+00 1.697049476057668649e+00
2.564892842768795731e+02 2.700000000000000000e+03 3.500000000000000000e+00 1.254454437095082309e+00
2.656727682840170246e+02 2.800000000000000000e+03 3.500000000000000000e+00 9.770121387021786230e-01
3.853667193719463739e+02 2.900000000000000000e+03 3.500000000000000000e+00 7.614370045780451957e-01
5.596554557729198223e+02 3.000000000000000000e+03 3.500000000000000000e+00 6.130943782451708790e-01
8.093104452887951084e+02 3.100000000000000000e+03 3.500000000000000000e+00 5.092520207524212639e-01
1.045004945928075585e+03 3.200000000000000000e+03 3.500000000000000000e+00 4.302586096333616550e-01
1.339376926938815359e+03 3.300000000000000000e+03 3.500000000000000000e+00 3.645837763349917826e-01
1.760695820730070636e+03 3.400000000000000000e+03 3.500000000000000000e+00 3.109113824488867750e-01
2.244139543376474194e+03 3.500000000000000000e+03 3.500000000000000000e+00 2.700163137954095238e-01
3.014194909996955630e+03 3.600000000000000000e+03 3.500000000000000000e+00 2.335483482502768160e-01
3.875279333935970953e+03 3.700000000000000000e+03 3.500000000000000000e+00 2.052485927072162930e-01
5.245479822506653363e+03 3.800000000000000000e+03 3.500000000000000000e+00 1.781898359018241063e-01
1.604609115936013268e+03 2.600000000000000000e+03 4.000000000000000000e+00 1.578466079455163484e+00
1.222254002640649333e+03 2.700000000000000000e+03 4.000000000000000000e+00 1.191938845902194011e+00
1.128554052669667044e+03 2.800000000000000000e+03 4.000000000000000000e+00 9.096356569949071158e-01
1.189637870385273573e+03 2.900000000000000000e+03 4.000000000000000000e+00 7.122744311529544126e-01
1.350299792118950791e+03 3.000000000000000000e+03 4.000000000000000000e+00 5.805807366159022598e-01
1.616956573210962006e+03 3.100000000000000000e+03 4.000000000000000000e+00 4.810286989748812081e-01
1.919582015056237651e+03 3.200000000000000000e+03 4.000000000000000000e+00 4.026210417802170705e-01
2.266855271341967182e+03 3.300000000000000000e+03 4.000000000000000000e+00 3.418516378111672305e-01
2.736269459542016193e+03 3.400000000000000000e+03 4.000000000000000000e+00 2.941483263450554997e-01
3.321128395091716811e+03 3.500000000000000000e+03 4.000000000000000000e+00 2.523426316706756101e-01
4.069266495983810728e+03 3.600000000000000000e+03 4.000000000000000000e+00 2.208171053792179483e-01
4.964122634203073176e+03 3.700000000000000000e+03 4.000000000000000000e+00 1.940759820139038860e-01
6.110402995627126984e+03 3.800000000000000000e+03 4.000000000000000000e+00 1.713431841103575659e-01
