# # chi square, temperature, log(g), normalization
1.859329359749784203e+02 2.900000000000000000e+03 3.500000000000000000e+00 1.662382501201381979e+00
1.491197756113639343e+02 3.000000000000000000e+03 3.500000000000000000e+00 1.330035136398848516e+00
1.790010197102789107e+02 3.100000000000000000e+03 3.500000000000000000e+00 1.098337311082957957e+00
2.496376576633429636e+02 3.200000000000000000e+03 3.500000000000000000e+00 9.246364368405192158e-01
3.711234802745830166e+02 3.300000000000000000e+03 3.500000000000000000e+00 7.810857637256237718e-01
5.763854245813857915e+02 3.400000000000000000e+03 3.500000000000000000e+00 6.632717033313723087e-01
8.291325580878472010e+02 3.500000000000000000e+03 3.500000000000000000e+00 5.730185362142350414e-01
1.278570243797932335e+03 3.600000000000000000e+03 3.500000000000000000e+00 4.928113167070224399e-01
1.811114508661139325e+03 3.700000000000000000e+03 3.500000000000000000e+00 4.308766869132762967e-01
2.696783408715697988e+03 3.800000000000000000e+03 3.500000000000000000e+00 3.719035387120704361e-01
3.598142496198717708e+03 3.900000000000000000e+03 3.500000000000000000e+00 3.275623529410214285e-01
4.571752499910392544e+03 4.000000000000000000e+03 3.500000000000000000e+00 2.891917208394133021e-01
5.662281801890008865e+03 4.100000000000000000e+03 3.500000000000000000e+00 2.570072133271660841e-01
6.122951317557252651e+02 2.900000000000000000e+03 4.000000000000000000e+00 1.550018739947692348e+00
5.769686106413055313e+02 3.000000000000000000e+03 4.000000000000000000e+00 1.256261857415092997e+00
6.210166214870184831e+02 3.100000000000000000e+03 4.000000000000000000e+00 1.034613575675494168e+00
7.377472079346121063e+02 3.200000000000000000e+03 4.000000000000000000e+00 8.626172684471998808e-01
9.026422366677850277e+02 3.300000000000000000e+03 4.000000000000000000e+00 7.304276267367713071e-01
1.158842342224371123e+03 3.400000000000000000e+03 4.000000000000000000e+00 6.267993345627047574e-01
1.496798872173929340e+03 3.500000000000000000e+03 4.000000000000000000e+00 5.360292506176127514e-01
1.938350584556905005e+03 3.600000000000000000e+03 4.000000000000000000e+00 4.669396003434784226e-01
2.476994304070670296e+03 3.700000000000000000e+03 4.000000000000000000e+00 4.084280453181418635e-01
3.196227462615163859e+03 3.800000000000000000e+03 4.000000000000000000e+00 3.590590144554196006e-01
3.959656069781379756e+03 3.900000000000000000e+03 4.000000000000000000e+00 3.174311977337281876e-01
4.875388765724399491e+03 4.000000000000000000e+03 4.000000000000000000e+00 2.795332052301346404e-01
5.890454270110417383e+03 4.100000000000000000e+03 4.000000000000000000e+00 2.470446597005504230e-01
