# # chi square, temperature, log(g), normalization
1.277638667965615156e+02 3.100000000000000000e+03 3.500000000000000000e+00 1.517147337155177800e+00
1.104078668170797499e+02 3.200000000000000000e+03 3.500000000000000000e+00 1.273441626975032825e+00
1.329165972675424428e+02 3.300000000000000000e+03 3.500000000000000000e+00 1.072164887428157298e+00
2.150747041785153328e+02 3.400000000000000000e+03 3.500000000000000000e+00 9.073199353244236764e-01
3.529142544141819258e+02 3.500000000000000000e+03 3.500000000000000000e+00 7.818992133777988851e-01
6.339488459369463271e+02 3.600000000000000000e+03 3.500000000000000000e+00 6.697037492982201856e-01
9.918752423200998010e+02 3.700000000000000000e+03 3.500000000000000000e+00 5.832761151928438359e-01
1.613181115446841886e+03 3.800000000000000000e+03 3.500000000000000000e+00 5.007621946192767348e-01
2.265817905130821600e+03 3.900000000000000000e+03 3.500000000000000000e+00 4.391878448202551910e-01
2.982864209301014853e+03 4.000000000000000000e+03 3.500000000000000000e+00 3.863813492646179237e-01
3.790832867320451442e+03 4.100000000000000000e+03 3.500000000000000000e+00 3.422008209771393861e-01
4.490343556122186783e+03 4.200000000000000000e+03 3.500000000000000000e+00 3.088567029234374761e-01
5.271341621334025149e+03 4.300000000000000000e+03 3.500000000000000000e+00 2.750499651480936003e-01
3.678091341617778198e+02 3.100000000000000000e+03 4.000000000000000000e+00 1.425800655872356826e+00
3.825591477522755781e+02 3.200000000000000000e+03 4.000000000000000000e+00 1.184876816872736160e+00
4.466190365480812829e+02 3.300000000000000000e+03 4.000000000000000000e+00 1.000411797747134290e+00
5.801551959385282089e+02 3.400000000000000000e+03 4.000000000000000000e+00 8.556205906243953274e-01
7.856145340595876405e+02 3.500000000000000000e+03 4.000000000000000000e+00 7.295884192383348399e-01
1.081594946003538325e+03 3.600000000000000000e+03 4.000000000000000000e+00 6.340297174444430306e-01
1.457906612813299262e+03 3.700000000000000000e+03 4.000000000000000000e+00 5.531678005244217156e-01
1.969030418929275129e+03 3.800000000000000000e+03 4.000000000000000000e+00 4.845752830502655928e-01
2.516633046530600950e+03 3.900000000000000000e+03 4.000000000000000000e+00 4.270165083010125096e-01
3.179670506834821936e+03 4.000000000000000000e+03 4.000000000000000000e+00 3.747430952083639077e-01
3.925567867054162889e+03 4.100000000000000000e+03 4.000000000000000000e+00 3.302947524479208363e-01
4.571079202348922081e+03 4.200000000000000000e+03 4.000000000000000000e+00 2.965187073797285189e-01
5.306349400743638398e+03 4.300000000000000000e+03 4.000000000000000000e+00 2.667408757493416327e-01
