# # chi square, temperature, log(g), normalization
4.266342329571563852e+01 4.600000000000000000e+03 3.500000000000000000e+00 1.367662601173754711e+00
2.776896440535085375e+01 4.700000000000000000e+03 3.500000000000000000e+00 1.235428923107103172e+00
2.125062966397692676e+01 4.800000000000000000e+03 3.500000000000000000e+00 1.115413954925160489e+00
1.908499800558280413e+01 4.900000000000000000e+03 3.500000000000000000e+00 1.015845913269487699e+00
2.068253045753088060e+01 5.000000000000000000e+03 3.500000000000000000e+00 9.276639560200824475e-01
2.550054264769047663e+01 5.100000000000000000e+03 3.500000000000000000e+00 8.516591021498942649e-01
3.206995797688153260e+01 5.200000000000000000e+03 3.500000000000000000e+00 7.820863473580212943e-01
4.126104513620902736e+01 5.300000000000000000e+03 3.500000000000000000e+00 7.220233744675925713e-01
5.086460837450552219e+01 5.400000000000000000e+03 3.500000000000000000e+00 6.688735790169727524e-01
6.314454701179413121e+01 5.500000000000000000e+03 3.500000000000000000e+00 6.208556405371522535e-01
7.558556621146487942e+01 5.600000000000000000e+03 3.500000000000000000e+00 5.768251764080524202e-01
9.161732873970109381e+01 5.700000000000000000e+03 3.500000000000000000e+00 5.391854791281387449e-01
1.068286734684267145e+02 5.800000000000000000e+03 3.500000000000000000e+00 5.051383474119843786e-01
3.395885642764433499e+01 4.600000000000000000e+03 4.000000000000000000e+00 1.365874347233924091e+00
2.118555854522724502e+01 4.700000000000000000e+03 4.000000000000000000e+00 1.229901304700774967e+00
1.552674952146454856e+01 4.800000000000000000e+03 4.000000000000000000e+00 1.111119219291603510e+00
1.579380376240192874e+01 4.900000000000000000e+03 4.000000000000000000e+00 1.009351118350630516e+00
2.039931825042161151e+01 5.000000000000000000e+03 4.000000000000000000e+00 9.197795734461271522e-01
2.772148435676173150e+01 5.100000000000000000e+03 4.000000000000000000e+00 8.435389923356504394e-01
3.644343741814307691e+01 5.200000000000000000e+03 4.000000000000000000e+00 7.783245545871242399e-01
4.776710118010249317e+01 5.300000000000000000e+03 4.000000000000000000e+00 7.166305296033691485e-01
5.994869414911204331e+01 5.400000000000000000e+03 4.000000000000000000e+00 6.642522858812117681e-01
7.376807151141022700e+01 5.500000000000000000e+03 4.000000000000000000e+00 6.169083419273085900e-01
8.611117112159801934e+01 5.600000000000000000e+03 4.000000000000000000e+00 5.788099190489169876e-01
1.040280155102073536e+02 5.700000000000000000e+03 4.000000000000000000e+00 5.389172565940560933e-01
1.207120112593498646e+02 5.800000000000000000e+03 4.000000000000000000e+00 5.045303099766068611e-01
