# # chi square, temperature, log(g), normalization
1.526045267167808106e+02 3.900000000000000000e+03 3.500000000000000000e+00 1.359025931981885149e+00
6.495628839010500144e+01 4.000000000000000000e+03 3.500000000000000000e+00 1.165274905163825148e+00
3.724185816215704392e+01 4.100000000000000000e+03 3.500000000000000000e+00 1.006993187892375241e+00
5.286639442264387867e+01 4.200000000000000000e+03 3.500000000000000000e+00 8.927201000727773561e-01
9.947519530528579423e+01 4.300000000000000000e+03 3.500000000000000000e+00 7.809602041415111273e-01
1.583083803671597423e+02 4.400000000000000000e+03 3.500000000000000000e+00 6.913915221217920015e-01
2.127051407022787259e+02 4.500000000000000000e+03 3.500000000000000000e+00 6.186011465215452976e-01
2.681198579697949640e+02 4.600000000000000000e+03 3.500000000000000000e+00 5.537245636803429516e-01
3.228527393086762913e+02 4.700000000000000000e+03 3.500000000000000000e+00 5.017444501370437182e-01
3.732351570542930972e+02 4.800000000000000000e+03 3.500000000000000000e+00 4.539939171801566364e-01
4.259618728581296523e+02 4.900000000000000000e+03 3.500000000000000000e+00 4.143616047022969373e-01
4.759904328531871442e+02 5.000000000000000000e+03 3.500000000000000000e+00 3.790336540151083011e-01
5.283388825730505687e+02 5.100000000000000000e+03 3.500000000000000000e+00 3.485407044054689152e-01
1.438158706860574227e+02 3.900000000000000000e+03 4.000000000000000000e+00 1.337638072447890014e+00
6.919981567038311709e+01 4.000000000000000000e+03 4.000000000000000000e+00 1.147683034533936164e+00
4.537232165814650386e+01 4.100000000000000000e+03 4.000000000000000000e+00 9.897009377997076918e-01
5.877267590865361058e+01 4.200000000000000000e+03 4.000000000000000000e+00 8.744973963178021004e-01
9.777285957286788687e+01 4.300000000000000000e+03 4.000000000000000000e+00 7.740403168492632213e-01
1.524872026592059342e+02 4.400000000000000000e+03 4.000000000000000000e+00 6.898760338164751094e-01
2.152814434198909623e+02 4.500000000000000000e+03 4.000000000000000000e+00 6.139964113271479951e-01
2.748986993545631776e+02 4.600000000000000000e+03 4.000000000000000000e+00 5.496965195580945096e-01
3.305123640511168333e+02 4.700000000000000000e+03 4.000000000000000000e+00 4.963421841242563470e-01
3.880957503905210615e+02 4.800000000000000000e+03 4.000000000000000000e+00 4.494941641137468746e-01
4.448812398579811997e+02 4.900000000000000000e+03 4.000000000000000000e+00 4.092264617381659031e-01
5.019731411680193105e+02 5.000000000000000000e+03 4.000000000000000000e+00 3.736716006418247527e-01
5.566987927397980229e+02 5.100000000000000000e+03 4.000000000000000000e+00 3.432372945634365458e-01
