# # chi square, temperature, log(g), normalization
7.796697940786452818e+01 4.200000000000000000e+03 3.500000000000000000e+00 1.304048910942527728e+00
3.796057521350705599e+01 4.300000000000000000e+03 3.500000000000000000e+00 1.136162606946025777e+00
2.834700142517304400e+01 4.400000000000000000e+03 3.500000000000000000e+00 1.002915905886112791e+00
3.373208246301009439e+01 4.500000000000000000e+03 3.500000000000000000e+00 8.953126547206519126e-01
4.757986555743660517e+01 4.600000000000000000e+03 3.500000000000000000e+00 8.001431498061537528e-01
6.634883348969405858e+01 4.700000000000000000e+03 3.500000000000000000e+00 7.238497428685853885e-01
8.663231936251646914e+01 4.800000000000000000e+03 3.500000000000000000e+00 6.541845624056025210e-01
1.106408755272962310e+02 4.900000000000000000e+03 3.500000000000000000e+00 5.966072791899201810e-01
1.344748404486231550e+02 5.000000000000000000e+03 3.500000000000000000e+00 5.451769791655909358e-01
1.614018271716666106e+02 5.100000000000000000e+03 3.500000000000000000e+00 5.009405724429153439e-01
1.886686015648190846e+02 5.200000000000000000e+03 3.500000000000000000e+00 4.604106440711354664e-01
2.162662364480186739e+02 5.300000000000000000e+03 3.500000000000000000e+00 4.253359036674887461e-01
2.426811012906063638e+02 5.400000000000000000e+03 3.500000000000000000e+00 3.942606272344352791e-01
7.701753231137250566e+01 4.200000000000000000e+03 4.000000000000000000e+00 1.281898991897402196e+00
3.732887168469873984e+01 4.300000000000000000e+03 4.000000000000000000e+00 1.130527142766517112e+00
2.483427716640004590e+01 4.400000000000000000e+03 4.000000000000000000e+00 1.004497488522783977e+00
3.026820876090232915e+01 4.500000000000000000e+03 4.000000000000000000e+00 8.916814700712762942e-01
4.556044373587553054e+01 4.600000000000000000e+03 4.000000000000000000e+00 7.969383065036472757e-01
6.583083903609166043e+01 4.700000000000000000e+03 4.000000000000000000e+00 7.186171505820826422e-01
9.065469873404670409e+01 4.800000000000000000e+03 4.000000000000000000e+00 6.500158429819582473e-01
1.174755341948379908e+02 4.900000000000000000e+03 4.000000000000000000e+00 5.910632719612944896e-01
1.464527167067905395e+02 5.000000000000000000e+03 4.000000000000000000e+00 5.391745785059303131e-01
1.761040751502728483e+02 5.100000000000000000e+03 4.000000000000000000e+00 4.949422467118356761e-01
2.025596229096643697e+02 5.200000000000000000e+03 4.000000000000000000e+00 4.569359895382235082e-01
2.335181991971984701e+02 5.300000000000000000e+03 4.000000000000000000e+00 4.210394307780008227e-01
2.630875490211276428e+02 5.400000000000000000e+03 4.000000000000000000e+00 3.904688895323562003e-01
