# # chi square, temperature, log(g), normalization
4.467676064200761488e+01 4.600000000000000000e+03 3.500000000000000000e+00 1.391508950115027732e+00
2.891232390661146212e+01 4.700000000000000000e+03 3.500000000000000000e+00 1.257027627273113346e+00
2.166313223527951948e+01 4.800000000000000000e+03 3.500000000000000000e+00 1.134793074997043627e+00
1.881725428914971587e+01 4.900000000000000000e+03 3.500000000000000000e+00 1.033555472456394231e+00
1.982076352829814780e+01 5.000000000000000000e+03 3.500000000000000000e+00 9.438494626472176963e-01
2.404990858548162436e+01 5.100000000000000000e+03 3.500000000000000000e+00 8.664193228463427099e-01
3.009326697350966029e+01 5.200000000000000000e+03 3.500000000000000000e+00 7.956786111277551754e-01
3.880054285697831773e+01 5.300000000000000000e+03 3.500000000000000000e+00 7.345830126422413509e-01
4.797827388727746012e+01 5.400000000000000000e+03 3.500000000000000000e+00 6.805651019691517645e-01
5.977698161995449766e+01 5.500000000000000000e+03 3.500000000000000000e+00 6.315236863963693548e-01
7.181493729138200877e+01 5.600000000000000000e+03 3.500000000000000000e+00 5.867862621639682308e-01
8.737947291380920944e+01 5.700000000000000000e+03 3.500000000000000000e+00 5.484406029461144083e-01
1.022281893986889685e+02 5.800000000000000000e+03 3.500000000000000000e+00 5.138810546983088035e-01
3.588583647240466945e+01 4.600000000000000000e+03 4.000000000000000000e+00 1.390044230220313537e+00
2.222681856303236358e+01 4.700000000000000000e+03 4.000000000000000000e+00 1.251633035689050599e+00
1.575965107720511504e+01 4.800000000000000000e+03 4.000000000000000000e+00 1.130686554750056416e+00
1.530421410636814095e+01 4.900000000000000000e+03 4.000000000000000000e+00 1.027076297590001852e+00
1.924886190342160219e+01 5.000000000000000000e+03 4.000000000000000000e+00 9.358685825199547503e-01
2.598427246736672558e+01 5.100000000000000000e+03 4.000000000000000000e+00 8.583428469444944753e-01
3.421985672095244269e+01 5.200000000000000000e+03 4.000000000000000000e+00 7.919326324761313263e-01
4.503118826726040425e+01 5.300000000000000000e+03 4.000000000000000000e+00 7.291759311011473121e-01
5.673800539421726796e+01 5.400000000000000000e+03 4.000000000000000000e+00 6.757614845859661878e-01
7.014071314291255987e+01 5.500000000000000000e+03 4.000000000000000000e+00 6.277115662795179629e-01
8.209217668362595077e+01 5.600000000000000000e+03 4.000000000000000000e+00 5.888313959074622517e-01
9.955508063674125196e+01 5.700000000000000000e+03 4.000000000000000000e+00 5.482557626144093366e-01
1.158802323565073067e+02 5.800000000000000000e+03 4.000000000000000000e+00 5.133197798894230113e-01
