# # chi square, temperature, log(g), normalization
1.244172936410823240e+02 4.200000000000000000e+03 3.500000000000000000e+00 1.518742153559083707e+00
6.103844652960955131e+01 4.300000000000000000e+03 3.500000000000000000e+00 1.321851127643005164e+00
3.280308239770972989e+01 4.400000000000000000e+03 3.500000000000000000e+00 1.165796865902855473e+00
2.443085593480457263e+01 4.500000000000000000e+03 3.500000000000000000e+00 1.040228508315961031e+00
2.635594753337894147e+01 4.600000000000000000e+03 3.500000000000000000e+00 9.291623810109472803e-01
3.492330270576761109e+01 4.700000000000000000e+03 3.500000000000000000e+00 8.402915397975049272e-01
4.682013591169280176e+01 4.800000000000000000e+03 3.500000000000000000e+00 7.591132538041199807e-01
6.276085040648212043e+01 4.900000000000000000e+03 3.500000000000000000e+00 6.920412197025176404e-01
7.956332778505888825e+01 5.000000000000000000e+03 3.500000000000000000e+00 6.322231792786906501e-01
9.949272761309504176e+01 5.100000000000000000e+03 3.500000000000000000e+00 5.807446818436046154e-01
1.203694942487365722e+02 5.200000000000000000e+03 3.500000000000000000e+00 5.336562322561748672e-01
1.420740364076068829e+02 5.300000000000000000e+03 3.500000000000000000e+00 4.929374442907783482e-01
1.631516963359211729e+02 5.400000000000000000e+03 3.500000000000000000e+00 4.567974879816252276e-01
1.230199137419043609e+02 4.200000000000000000e+03 4.000000000000000000e+00 1.494833043064152323e+00
6.188584587404298532e+01 4.300000000000000000e+03 4.000000000000000000e+00 1.316885082646807037e+00
3.112614138461628599e+01 4.400000000000000000e+03 4.000000000000000000e+00 1.169147919926722512e+00
2.085035139337218268e+01 4.500000000000000000e+03 4.000000000000000000e+00 1.037134343655188085e+00
2.344672251652851358e+01 4.600000000000000000e+03 4.000000000000000000e+00 9.264071241732428907e-01
3.337547043078463815e+01 4.700000000000000000e+03 4.000000000000000000e+00 8.349729986818419381e-01
4.873716388785871345e+01 4.800000000000000000e+03 4.000000000000000000e+00 7.550150898524069509e-01
6.717676492712742231e+01 4.900000000000000000e+03 4.000000000000000000e+00 6.863313691392476379e-01
8.833552778102938419e+01 5.000000000000000000e+03 4.000000000000000000e+00 6.259352692126736173e-01
1.108216901647721073e+02 5.100000000000000000e+03 4.000000000000000000e+00 5.743111541771603878e-01
1.315686433162217952e+02 5.200000000000000000e+03 4.000000000000000000e+00 5.301380887595242841e-01
1.562736516741541664e+02 5.300000000000000000e+03 4.000000000000000000e+00 4.883999088989520176e-01
1.803448510255664985e+02 5.400000000000000000e+03 4.000000000000000000e+00 4.529062624584975771e-01
