# # chi square, temperature, log(g), normalization
5.263558739573305729e+02 2.600000000000000000e+03 3.500000000000000000e+00 1.737517515062816376e+00
2.674910094369968760e+02 2.700000000000000000e+03 3.500000000000000000e+00 1.282761994136883077e+00
2.441804573181222509e+02 2.800000000000000000e+03 3.500000000000000000e+00 9.980387125581799967e-01
3.341239926857850264e+02 2.900000000000000000e+03 3.500000000000000000e+00 7.772428909973551070e-01
4.819335500077430083e+02 3.000000000000000000e+03 3.500000000000000000e+00 6.253697937007580698e-01
7.014810113600858585e+02 3.100000000000000000e+03 3.500000000000000000e+00 5.189481919684652000e-01
9.129480178591992399e+02 3.200000000000000000e+03 3.500000000000000000e+00 4.382157424306575288e-01
1.181634598773244534e+03 3.300000000000000000e+03 3.500000000000000000e+00 3.711346581719555671e-01
1.569964912153818432e+03 3.400000000000000000e+03 3.500000000000000000e+00 3.162956220503301275e-01
2.020976222024773506e+03 3.500000000000000000e+03 3.500000000000000000e+00 2.745226989460792244e-01
2.747295519977385084e+03 3.600000000000000000e+03 3.500000000000000000e+00 2.373267086506477830e-01
3.563266701603092315e+03 3.700000000000000000e+03 3.500000000000000000e+00 2.084258165622864534e-01
4.863513090894746711e+03 3.800000000000000000e+03 3.500000000000000000e+00 1.808039250875953796e-01
1.545296241211890901e+03 2.600000000000000000e+03 4.000000000000000000e+00 1.612002444580936000e+00
1.133076405518733509e+03 2.700000000000000000e+03 4.000000000000000000e+00 1.215726965573412865e+00
1.012343283456830477e+03 2.800000000000000000e+03 4.000000000000000000e+00 9.271253783063609921e-01
1.043402009786703957e+03 2.900000000000000000e+03 4.000000000000000000e+00 7.253820430384866347e-01
1.179248935878221573e+03 3.000000000000000000e+03 4.000000000000000000e+00 5.909521394889285517e-01
1.415023868924322187e+03 3.100000000000000000e+03 4.000000000000000000e+00 4.891372194702381937e-01
1.692399679021735892e+03 3.200000000000000000e+03 4.000000000000000000e+00 4.093122202211522676e-01
2.013255755417443879e+03 3.300000000000000000e+03 4.000000000000000000e+00 3.473484230778766113e-01
2.451833950258589539e+03 3.400000000000000000e+03 4.000000000000000000e+00 2.987537092151593132e-01
3.002406444402919988e+03 3.500000000000000000e+03 4.000000000000000000e+00 2.562300571765176449e-01
3.706005914396707340e+03 3.600000000000000000e+03 4.000000000000000000e+00 2.240701854929833814e-01
4.553274914215751778e+03 3.700000000000000000e+03 4.000000000000000000e+00 1.968570204338453977e-01
5.642265727862709355e+03 3.800000000000000000e+03 4.000000000000000000e+00 1.737201524303988720e-01
