# # chi square, temperature, log(g), normalization
9.264650830440525908e+01 4.100000000000000000e+03 3.500000000000000000e+00 1.303447192442669600e+00
4.628223612491522232e+01 4.200000000000000000e+03 3.500000000000000000e+00 1.152082966626919669e+00
3.137912620294877897e+01 4.300000000000000000e+03 3.500000000000000000e+00 1.004907884869877144e+00
4.144946110687649110e+01 4.400000000000000000e+03 3.500000000000000000e+00 8.878156835042693151e-01
6.144214897121253927e+01 4.500000000000000000e+03 3.500000000000000000e+00 7.931479533831773399e-01
8.711352324725811513e+01 4.600000000000000000e+03 3.500000000000000000e+00 7.092136266256281463e-01
1.156307137274424974e+02 4.700000000000000000e+03 3.500000000000000000e+00 6.417726671451839948e-01
1.449060487826120323e+02 4.800000000000000000e+03 3.500000000000000000e+00 5.803630071799817935e-01
1.766442064122777253e+02 4.900000000000000000e+03 3.500000000000000000e+00 5.292661753827522242e-01
2.077949539602025766e+02 5.000000000000000000e+03 3.500000000000000000e+00 4.838506783776899134e-01
2.417826199337237938e+02 5.100000000000000000e+03 3.500000000000000000e+00 4.446364950357798440e-01
2.758939467416666389e+02 5.200000000000000000e+03 3.500000000000000000e+00 4.087801705000156383e-01
3.092536525701381720e+02 5.300000000000000000e+03 3.500000000000000000e+00 3.777059393845647595e-01
8.939668203299065397e+01 4.100000000000000000e+03 4.000000000000000000e+00 1.283792053764363228e+00
4.778207102744369195e+01 4.200000000000000000e+03 4.000000000000000000e+00 1.131387508583332036e+00
3.066844514516421683e+01 4.300000000000000000e+03 4.000000000000000000e+00 9.988303339611735998e-01
3.750078837690529809e+01 4.400000000000000000e+03 4.000000000000000000e+00 8.883689520153458252e-01
5.931964627856378058e+01 4.500000000000000000e+03 4.000000000000000000e+00 7.892225241847525830e-01
8.762583591940274630e+01 4.600000000000000000e+03 4.000000000000000000e+00 7.057314851774574294e-01
1.182837708086013322e+02 4.700000000000000000e+03 4.000000000000000000e+00 6.366103081259739671e-01
1.518328879608899626e+02 4.800000000000000000e+03 4.000000000000000000e+00 5.759488007354677253e-01
1.870331875098562477e+02 4.900000000000000000e+03 4.000000000000000000e+00 5.239173234194720585e-01
2.243259173621311788e+02 5.000000000000000000e+03 4.000000000000000000e+00 4.781411677998622101e-01
2.607404848092608063e+02 5.100000000000000000e+03 4.000000000000000000e+00 4.389293275681749318e-01
2.929420560529492832e+02 5.200000000000000000e+03 4.000000000000000000e+00 4.053381468254190212e-01
3.302550914319353978e+02 5.300000000000000000e+03 4.000000000000000000e+00 3.735629829978993621e-01
