# # chi square, temperature, log(g), normalization
6.571570440900210315e+02 2.600000000000000000e+03 3.500000000000000000e+00 2.144371856951394317e+00
3.265813361734322484e+02 2.700000000000000000e+03 3.500000000000000000e+00 1.579644202187446389e+00
2.449872871953278093e+02 2.800000000000000000e+03 3.500000000000000000e+00 1.227012757910042495e+00
2.788705185200556684e+02 2.900000000000000000e+03 3.500000000000000000e+00 9.541151717689071443e-01
3.821873305345332597e+02 3.000000000000000000e+03 3.500000000000000000e+00 7.669164199812186222e-01
5.538945499103131169e+02 3.100000000000000000e+03 3.500000000000000000e+00 6.358641454353056721e-01
7.302237468600585544e+02 3.200000000000000000e+03 3.500000000000000000e+00 5.364907355924375398e-01
9.606750935221588179e+02 3.300000000000000000e+03 3.500000000000000000e+00 4.541487312174196656e-01
1.301955874960774509e+03 3.400000000000000000e+03 3.500000000000000000e+00 3.867940702937566755e-01
1.702549975073420001e+03 3.500000000000000000e+03 3.500000000000000000e+00 3.354109502913347751e-01
2.355424858541116009e+03 3.600000000000000000e+03 3.500000000000000000e+00 2.896351833499403172e-01
3.092978758236638441e+03 3.700000000000000000e+03 3.500000000000000000e+00 2.541072536566613693e-01
4.279618840310416999e+03 3.800000000000000000e+03 3.500000000000000000e+00 2.201691932356771297e-01
1.614385116286166522e+03 2.600000000000000000e+03 4.000000000000000000e+00 1.991958007795257446e+00
1.141264014040237498e+03 2.700000000000000000e+03 4.000000000000000000e+00 1.499428659797846564e+00
9.717903130115075783e+02 2.800000000000000000e+03 4.000000000000000000e+00 1.141858984670400146e+00
9.508919927710384172e+02 2.900000000000000000e+03 4.000000000000000000e+00 8.919859153693784348e-01
1.044579204377358792e+03 3.000000000000000000e+03 4.000000000000000000e+00 7.258570711740413017e-01
1.229594056070428906e+03 3.100000000000000000e+03 4.000000000000000000e+00 6.001267595735955140e-01
1.462999168982630408e+03 3.200000000000000000e+03 4.000000000000000000e+00 5.016811882465479489e-01
1.740031923633188853e+03 3.300000000000000000e+03 4.000000000000000000e+00 4.254402995602301618e-01
2.125515133946308652e+03 3.400000000000000000e+03 4.000000000000000000e+00 3.656444346780753918e-01
2.614560284479057827e+03 3.500000000000000000e+03 4.000000000000000000e+00 3.132486779036674496e-01
3.247924791876492691e+03 3.600000000000000000e+03 4.000000000000000000e+00 2.737512158544789242e-01
4.008506723780797529e+03 3.700000000000000000e+03 4.000000000000000000e+00 2.401989759518268763e-01
4.990215950080923903e+03 3.800000000000000000e+03 4.000000000000000000e+00 2.117246718107512471e-01
