# # chi square, temperature, log(g), normalization
7.083580032786907168e+02 2.600000000000000000e+03 3.500000000000000000e+00 2.272428368911938890e+00
3.515433622194960321e+02 2.700000000000000000e+03 3.500000000000000000e+00 1.672600528550147292e+00
2.492598016815748565e+02 2.800000000000000000e+03 3.500000000000000000e+00 1.298560773586903139e+00
2.637784445234270265e+02 2.900000000000000000e+03 3.500000000000000000e+00 1.009103533218230098e+00
3.511282458806064710e+02 3.000000000000000000e+03 3.500000000000000000e+00 8.106900945036366046e-01
5.055247648688173854e+02 3.100000000000000000e+03 3.500000000000000000e+00 6.718702624426142744e-01
6.690254710074317472e+02 3.200000000000000000e+03 3.500000000000000000e+00 5.667635811699853754e-01
8.853569049287420967e+02 3.300000000000000000e+03 3.500000000000000000e+00 4.796217799761784972e-01
1.209033753910395490e+03 3.400000000000000000e+03 3.500000000000000000e+00 4.083247224830660049e-01
1.591909632957394024e+03 3.500000000000000000e+03 3.500000000000000000e+00 3.539703766341489866e-01
2.219898336611106060e+03 3.600000000000000000e+03 3.500000000000000000e+00 3.055614365349507699e-01
2.930841812329249933e+03 3.700000000000000000e+03 3.500000000000000000e+00 2.679613521332452342e-01
4.079978858411386682e+03 3.800000000000000000e+03 3.500000000000000000e+00 2.321095913449170711e-01
1.628661102112077515e+03 2.600000000000000000e+03 4.000000000000000000e+00 2.110295667028125433e+00
1.134439310085478837e+03 2.700000000000000000e+03 4.000000000000000000e+00 1.587382595350854908e+00
9.474184446134705695e+02 2.800000000000000000e+03 4.000000000000000000e+00 1.208095717048746520e+00
9.079541954418273235e+02 2.900000000000000000e+03 4.000000000000000000e+00 9.431528191809614992e-01
9.869793728056168902e+02 3.000000000000000000e+03 4.000000000000000000e+00 7.672987470070228300e-01
1.154217074449230495e+03 3.100000000000000000e+03 4.000000000000000000e+00 6.341023155524440069e-01
1.372700557204273991e+03 3.200000000000000000e+03 4.000000000000000000e+00 5.299495828067056769e-01
1.634610860526846409e+03 3.300000000000000000e+03 4.000000000000000000e+00 4.492760414334149299e-01
2.001419221960453115e+03 3.400000000000000000e+03 4.000000000000000000e+00 3.859483801596688690e-01
2.471018264167185407e+03 3.500000000000000000e+03 4.000000000000000000e+00 3.306062397485431958e-01
3.078813627009457377e+03 3.600000000000000000e+03 4.000000000000000000e+00 2.887670243644248624e-01
3.811975748565773301e+03 3.700000000000000000e+03 4.000000000000000000e+00 2.533116584049972531e-01
4.759595260019446869e+03 3.800000000000000000e+03 4.000000000000000000e+00 2.232100587722688767e-01
