# # chi square, temperature, log(g), normalization
1.653351974366787090e+03 2.400000000000000000e+03 3.500000000000000000e+00 2.623107437432856681e+00
7.769490389521700990e+02 2.500000000000000000e+03 3.500000000000000000e+00 1.848056877995888359e+00
5.016679156424967232e+02 2.600000000000000000e+03 3.500000000000000000e+00 1.385008428646709477e+00
4.012112503320607857e+02 2.700000000000000000e+03 3.500000000000000000e+00 1.028374127532573068e+00
4.972677049209240749e+02 2.800000000000000000e+03 3.500000000000000000e+00 8.030380003679759016e-01
7.060678707165504875e+02 2.900000000000000000e+03 3.500000000000000000e+00 6.271732726848896489e-01
9.445062688925252132e+02 3.000000000000000000e+03 3.500000000000000000e+00 5.053168986082057224e-01
1.264857686102982143e+03 3.100000000000000000e+03 3.500000000000000000e+00 4.201399406219862298e-01
1.567029066617182480e+03 3.200000000000000000e+03 3.500000000000000000e+00 3.554661669913086741e-01
1.954198662051661131e+03 3.300000000000000000e+03 3.500000000000000000e+00 3.020383690060282067e-01
2.477659085742218849e+03 3.400000000000000000e+03 3.500000000000000000e+00 2.581595440803050034e-01
3.051411234700187379e+03 3.500000000000000000e+03 3.500000000000000000e+00 2.244577875035548842e-01
3.957787900821498624e+03 3.600000000000000000e+03 3.500000000000000000e+00 1.944468846922091931e-01
3.536114705031756330e+03 2.400000000000000000e+03 4.000000000000000000e+00 2.514905551684786023e+00
2.164110428254310591e+03 2.500000000000000000e+03 4.000000000000000000e+00 1.756359339424313104e+00
1.815766009185273333e+03 2.600000000000000000e+03 4.000000000000000000e+00 1.292448960991382734e+00
1.521191825464331941e+03 2.700000000000000000e+03 4.000000000000000000e+00 9.793008336560437010e-01
1.501634469343525780e+03 2.800000000000000000e+03 4.000000000000000000e+00 7.491965412377601385e-01
1.639489897500667666e+03 2.900000000000000000e+03 4.000000000000000000e+00 5.877512805418144692e-01
1.870399392920137188e+03 3.000000000000000000e+03 4.000000000000000000e+00 4.796790843492988454e-01
2.213449017360693688e+03 3.100000000000000000e+03 4.000000000000000000e+00 3.975135648453078097e-01
2.580882309134828574e+03 3.200000000000000000e+03 4.000000000000000000e+00 3.327628129514031974e-01
3.012951534213321793e+03 3.300000000000000000e+03 4.000000000000000000e+00 2.828596522146119008e-01
3.605187834128660597e+03 3.400000000000000000e+03 4.000000000000000000e+00 2.439026309848381646e-01
4.338365721422751449e+03 3.500000000000000000e+03 4.000000000000000000e+00 2.097448580113792649e-01
5.243121055713399073e+03 3.600000000000000000e+03 4.000000000000000000e+00 1.837676605012088238e-01
